1.000000000000000000e+00,7.246378602208022324e-01,1.288842195937754120e-01,6.979727738893370947e-02,6.140192182089660999e-01,6.058099292071662534e-01
7.246378602208022324e-01,1.000000000000000000e+00,4.549051372988847652e-01,2.766528170187357305e-01,6.288130154773147185e-01,6.127622170630508958e-01
1.288842195937754120e-01,4.549051372988847652e-01,1.000000000000000000e+00,5.832576643441221842e-01,3.399227972677387188e-01,3.172603237313461055e-01
6.979727738893370947e-02,2.766528170187357305e-01,5.832576643441221842e-01,1.000000000000000000e+00,7.482642256065757946e-02,6.225938676370924157e-02
6.140192182089660999e-01,6.288130154773147185e-01,3.399227972677387188e-01,7.482642256065757946e-02,1.000000000000000000e+00,9.899096254258866745e-01
6.058099292071662534e-01,6.127622170630508958e-01,3.172603237313461055e-01,6.225938676370924157e-02,9.899096254258866745e-01,1.000000000000000000e+00
