9.999999999999998890e-01,2.666013272500810660e-01,2.952656886890121443e-02,5.258253281076963326e-02,2.354015224683582153e-01,4.306828281283217597e-01
2.666013272500810660e-01,1.000000000000000000e+00,4.670598715017031943e-01,2.868821429089019603e-01,3.984687212481349827e-01,4.593101691576715884e-01
2.952656886890121443e-02,4.670598715017031943e-01,1.000000000000000000e+00,5.692168000722043208e-01,4.744074599399135672e-01,2.880967590227308528e-01
5.258253281076963326e-02,2.868821429089019603e-01,5.692168000722043208e-01,1.000000000000000000e+00,7.092813865120207728e-01,2.126824597310919829e-01
2.354015224683582153e-01,3.984687212481349827e-01,4.744074599399135672e-01,7.092813865120207728e-01,1.000000000000000000e+00,5.465405071597703168e-01
4.306828281283217597e-01,4.593101691576715884e-01,2.880967590227308528e-01,2.126824597310919829e-01,5.465405071597703168e-01,9.999999999999998890e-01
