1.000000000000000000e+00,7.550968927112874374e-01,2.761741775087254713e-01,9.596954364337972887e-02,1.715110123121520724e-01,4.019290001909145427e-01
7.550968927112874374e-01,1.000000000000000000e+00,6.140363447862161594e-01,1.487072335414358626e-01,1.317537877158269366e-01,3.418269377247982743e-01
2.761741775087254713e-01,6.140363447862161594e-01,1.000000000000000000e+00,2.922946196901364257e-01,1.387428644351758888e-01,2.220892662686415331e-01
9.596954364337972887e-02,1.487072335414358626e-01,2.922946196901364257e-01,1.000000000000000000e+00,3.950201759612019248e-01,7.656739191627515151e-02
1.715110123121520724e-01,1.317537877158269366e-01,1.387428644351758888e-01,3.950201759612019248e-01,1.000000000000000000e+00,3.541882053730103785e-01
4.019290001909145427e-01,3.418269377247982743e-01,2.220892662686415331e-01,7.656739191627515151e-02,3.541882053730103785e-01,1.000000000000000000e+00
