1.000000000000000000e+00,7.971701677002949182e-01,2.200516690305088785e-01,7.947838053123094937e-02,1.861615757623014955e-01,4.366386547182548594e-01
7.971701677002949182e-01,1.000000000000000000e+00,5.121811962146750608e-01,1.373605667212414450e-01,1.869934566519655117e-01,4.779473255773514784e-01
2.200516690305088785e-01,5.121811962146750608e-01,1.000000000000000000e+00,3.041836670565017942e-01,1.794359432927481734e-01,2.864051397597583426e-01
7.947838053123094937e-02,1.373605667212414450e-01,3.041836670565017942e-01,1.000000000000000000e+00,3.665046780865298115e-01,6.517108172590933834e-02
1.861615757623014955e-01,1.869934566519655117e-01,1.794359432927481734e-01,3.665046780865298115e-01,1.000000000000000000e+00,3.330567515122655475e-01
4.366386547182548594e-01,4.779473255773514784e-01,2.864051397597583426e-01,6.517108172590933834e-02,3.330567515122655475e-01,1.000000000000000000e+00
