1.000000000000000000e+00,7.084071208557016774e-01,4.132484164627431983e-02,3.551318940208685743e-02,8.553851890831250249e-02,3.826347604242086864e-01
7.084071208557016774e-01,1.000000000000000000e+00,1.142925303306135537e-01,7.373197304513338934e-02,9.605532662234918251e-02,2.822278457169384303e-01
4.132484164627431983e-02,1.142925303306135537e-01,1.000000000000000000e+00,3.523704474547245113e-01,1.598343979273806059e-01,3.220490941044960864e-02
3.551318940208685743e-02,7.373197304513338934e-02,3.523704474547245113e-01,1.000000000000000000e+00,2.709239512339007283e-01,2.307052686954067303e-02
8.553851890831250249e-02,9.605532662234918251e-02,1.598343979273806059e-01,2.709239512339007283e-01,1.000000000000000000e+00,2.486173749235381092e-01
3.826347604242086864e-01,2.822278457169384303e-01,3.220490941044960864e-02,2.307052686954067303e-02,2.486173749235381092e-01,1.000000000000000000e+00
