1.000000000000000000e+00,4.608571624500697461e-01,1.098645079167940714e-01,1.346566299675647782e-01,3.355320424644721022e-01,5.523237419047634100e-01
4.608571624500697461e-01,1.000000000000000000e+00,6.569211644596345545e-01,5.100852306927665669e-01,3.826814808146539182e-01,5.810194749265223946e-01
1.098645079167940714e-01,6.569211644596345545e-01,1.000000000000000000e+00,7.608256137067143099e-01,3.639412811258620484e-01,3.855582090292614672e-01
1.346566299675647782e-01,5.100852306927665669e-01,7.608256137067143099e-01,1.000000000000000000e+00,4.177264654053448045e-01,3.152968931435085609e-01
3.355320424644721022e-01,3.826814808146539182e-01,3.639412811258620484e-01,4.177264654053448045e-01,1.000000000000000000e+00,6.190007520798689322e-01
5.523237419047634100e-01,5.810194749265223946e-01,3.855582090292614672e-01,3.152968931435085609e-01,6.190007520798689322e-01,1.000000000000000000e+00
