1.000000000000000000e+00,3.664006910100057746e-01,5.385601918536384730e-02,1.924831973550173991e-01,6.154850591172019714e-01,6.708445459666613209e-01
3.664006910100057746e-01,1.000000000000000000e+00,6.754922561675674730e-01,7.217445584939855552e-01,6.757508039624412488e-01,6.445588146615734981e-01
5.385601918536384730e-02,6.754922561675674730e-01,1.000000000000000000e+00,7.470106133949894200e-01,3.648186868431554930e-01,2.945848743129855229e-01
1.924831973550173991e-01,7.217445584939855552e-01,7.470106133949894200e-01,1.000000000000000000e+00,5.938351200922591389e-01,4.743355824784787345e-01
6.154850591172019714e-01,6.757508039624412488e-01,3.648186868431554930e-01,5.938351200922591389e-01,1.000000000000000000e+00,9.512800147660830374e-01
6.708445459666613209e-01,6.445588146615734981e-01,2.945848743129855229e-01,4.743355824784787345e-01,9.512800147660830374e-01,1.000000000000000000e+00
