1.000000000000000000e+00,3.660977850216386442e-01,3.734636830978255162e-02,8.586252548627885950e-02,3.613728560946862234e-01,4.066449628219299672e-01
3.660977850216386442e-01,1.000000000000000000e+00,5.918602267226951152e-01,5.681501552262872012e-01,4.002057007179274373e-01,5.669136248846519122e-01
3.734636830978255162e-02,5.918602267226951152e-01,1.000000000000000000e+00,7.176130735874788336e-01,2.600918234826880004e-01,3.384631111188829977e-01
8.586252548627885950e-02,5.681501552262872012e-01,7.176130735874788336e-01,1.000000000000000000e+00,1.761085801871916379e-01,2.316720381032513487e-01
3.613728560946862234e-01,4.002057007179274373e-01,2.600918234826880004e-01,1.761085801871916379e-01,1.000000000000000000e+00,8.283963662016039509e-01
4.066449628219299672e-01,5.669136248846519122e-01,3.384631111188829977e-01,2.316720381032513487e-01,8.283963662016039509e-01,1.000000000000000000e+00
