1.000000000000000000e+00,9.241893318682893321e-01,9.062128591779332609e-01,8.394424608808267463e-01,7.313650649626408651e-01,8.862336058127672223e-01
9.241893318682893321e-01,1.000000000000000000e+00,9.606594196061079005e-01,7.732009018222528729e-01,5.350119715191582470e-01,7.338942182124904567e-01
9.062128591779332609e-01,9.606594196061079005e-01,1.000000000000000000e+00,8.431531797489592028e-01,6.217540018275300451e-01,7.548032141661602523e-01
8.394424608808267463e-01,7.732009018222528729e-01,8.431531797489592028e-01,1.000000000000000000e+00,8.377679420566885860e-01,7.994038131406360215e-01
7.313650649626408651e-01,5.350119715191582470e-01,6.217540018275300451e-01,8.377679420566885860e-01,1.000000000000000000e+00,8.421394528962357073e-01
8.862336058127672223e-01,7.338942182124904567e-01,7.548032141661602523e-01,7.994038131406360215e-01,8.421394528962357073e-01,1.000000000000000000e+00
