1.000000000000000000e+00,1.867757181936439137e-01,5.578691539594223814e-01,2.941299381861627871e-01,3.608041319216968162e-02,9.504394764388830741e-02
1.867757181936439137e-01,1.000000000000000000e+00,7.210224189117949711e-01,3.168643699601781383e-01,7.828487725123119134e-02,1.845974506667170389e-01
5.578691539594223814e-01,7.210224189117949711e-01,1.000000000000000000e+00,6.118788642875060413e-01,1.884864097971164221e-01,9.015297445899932149e-02
2.941299381861627871e-01,3.168643699601781383e-01,6.118788642875060413e-01,1.000000000000000000e+00,4.350215495151538714e-01,9.028407832367561781e-02
3.608041319216968162e-02,7.828487725123119134e-02,1.884864097971164221e-01,4.350215495151538714e-01,1.000000000000000000e+00,2.801225554783779437e-01
9.504394764388830741e-02,1.845974506667170389e-01,9.015297445899932149e-02,9.028407832367561781e-02,2.801225554783779437e-01,1.000000000000000000e+00
