1.000000000000000000e+00,5.114461150630887909e-01,1.154425431742130970e-01,9.366471935268054494e-02,1.836962452119807743e-01,4.626332431273001977e-01
5.114461150630887909e-01,1.000000000000000000e+00,4.691053528124060068e-01,2.667260146686843414e-01,1.726058885103583795e-01,3.171392156229271841e-01
1.154425431742130970e-01,4.691053528124060068e-01,1.000000000000000000e+00,4.610829374677887227e-01,2.095868777141385308e-01,1.841774193697757189e-01
9.366471935268054494e-02,2.667260146686843414e-01,4.610829374677887227e-01,1.000000000000000000e+00,1.981048302895394853e-01,3.477772893315763530e-02
1.836962452119807743e-01,1.726058885103583795e-01,2.095868777141385308e-01,1.981048302895394853e-01,1.000000000000000000e+00,3.696846155430084102e-01
4.626332431273001977e-01,3.171392156229271841e-01,1.841774193697757189e-01,3.477772893315763530e-02,3.696846155430084102e-01,1.000000000000000000e+00
