1.000000000000000000e+00,4.493072680018330711e-01,7.210837244367035437e-02,7.477862909580416939e-02,1.571300302891472933e-01,5.995500830506784729e-01
4.493072680018330711e-01,1.000000000000000000e+00,3.095338574478083138e-01,4.357047739346138204e-01,2.318051242348882768e-01,5.035678970368101526e-01
7.210837244367035437e-02,3.095338574478083138e-01,1.000000000000000000e+00,6.167474841627033078e-01,1.549855581061882759e-01,6.074057273052954620e-02
7.477862909580416939e-02,4.357047739346138204e-01,6.167474841627033078e-01,1.000000000000000000e+00,4.708939869120097321e-01,2.239971946444223594e-01
1.571300302891472933e-01,2.318051242348882768e-01,1.549855581061882759e-01,4.708939869120097321e-01,1.000000000000000000e+00,3.881873325574010103e-01
5.995500830506784729e-01,5.035678970368101526e-01,6.074057273052954620e-02,2.239971946444223594e-01,3.881873325574010103e-01,1.000000000000000000e+00
