1.000000000000000000e+00,9.045093022184506892e-02,9.374645140405100940e-02,6.970794852012107690e-02,3.264492996675535941e-02,2.969845145721329294e-01
9.045093022184506892e-02,1.000000000000000000e+00,9.932917208776127493e-01,3.118511086874387606e-01,3.855597923233639729e-02,2.990283442022151697e-02
9.374645140405100940e-02,9.932917208776127493e-01,1.000000000000000000e+00,3.136686649730763277e-01,4.361959350157972731e-02,2.945738301063531225e-02
6.970794852012107690e-02,3.118511086874387606e-01,3.136686649730763277e-01,1.000000000000000000e+00,4.711823469894716593e-02,2.386324300722036662e-01
3.264492996675535941e-02,3.855597923233639729e-02,4.361959350157972731e-02,4.711823469894716593e-02,1.000000000000000000e+00,2.873537573682836688e-01
2.969845145721329294e-01,2.990283442022151697e-02,2.945738301063531225e-02,2.386324300722036662e-01,2.873537573682836688e-01,1.000000000000000000e+00
