1.000000000000000000e+00,1.851686091150361868e-01,5.780223522656027096e-02,2.062515901338935198e-01,3.546564468000424353e-01,4.803639588987213549e-01
1.851686091150361868e-01,1.000000000000000000e+00,4.180988171152766886e-01,3.053175659227444494e-01,2.297593459158630003e-01,3.776734712183753562e-01
5.780223522656027096e-02,4.180988171152766886e-01,1.000000000000000000e+00,4.795337687947405780e-01,2.681740762826274049e-01,2.816618919837743928e-01
2.062515901338935198e-01,3.053175659227444494e-01,4.795337687947405780e-01,1.000000000000000000e+00,6.505911534413847397e-01,4.334782191656335049e-01
3.546564468000424353e-01,2.297593459158630003e-01,2.681740762826274049e-01,6.505911534413847397e-01,1.000000000000000000e+00,6.009753411171768755e-01
4.803639588987213549e-01,3.776734712183753562e-01,2.816618919837743928e-01,4.334782191656335049e-01,6.009753411171768755e-01,1.000000000000000000e+00
