1.000000000000000000e+00,4.884727952115263672e-01,3.854470940516863814e-02,2.010792842299420971e-02,8.855557632962733627e-02,3.485783928937757903e-01
4.884727952115263672e-01,1.000000000000000000e+00,5.101816972220601931e-01,1.971455833358955745e-01,4.453154157564445104e-01,5.710272143628342123e-01
3.854470940516863814e-02,5.101816972220601931e-01,1.000000000000000000e+00,5.089751861279311340e-01,5.600302024082712826e-01,2.951193988995602924e-01
2.010792842299420971e-02,1.971455833358955745e-01,5.089751861279311340e-01,1.000000000000000000e+00,3.853172976730414589e-01,7.462012559062068673e-02
8.855557632962733627e-02,4.453154157564445104e-01,5.600302024082712826e-01,3.853172976730414589e-01,1.000000000000000000e+00,5.016971485160249822e-01
3.485783928937757903e-01,5.710272143628342123e-01,2.951193988995602924e-01,7.462012559062068673e-02,5.016971485160249822e-01,1.000000000000000000e+00
