1.000000000000000000e+00,6.257802106346962434e-01,6.675823966642099871e-02,1.222035999363489805e-01,2.329214017595389041e-01,3.945874643242530677e-01
6.257802106346962434e-01,1.000000000000000000e+00,3.478144313470439841e-01,2.430836250664884790e-01,2.406193030082544870e-01,3.043646061287860749e-01
6.675823966642099871e-02,3.478144313470439841e-01,1.000000000000000000e+00,3.788389442267905416e-01,2.721818712936469042e-01,1.894024112514113289e-01
1.222035999363489805e-01,2.430836250664884790e-01,3.788389442267905416e-01,1.000000000000000000e+00,5.767346719915644737e-01,2.231731783244246259e-01
2.329214017595389041e-01,2.406193030082544870e-01,2.721818712936469042e-01,5.767346719915644737e-01,1.000000000000000000e+00,6.008533113816895144e-01
3.945874643242530677e-01,3.043646061287860749e-01,1.894024112514113289e-01,2.231731783244246259e-01,6.008533113816895144e-01,1.000000000000000000e+00
