1.000000000000000000e+00,5.020461552149199091e-01,1.971181110138279235e-01,2.307521962720782138e-01,2.750108338747894177e-01,4.266932220468007686e-01
5.020461552149199091e-01,1.000000000000000000e+00,5.887877370317352588e-01,2.935944031847372293e-01,1.851157211504490807e-01,2.188240765172579094e-01
1.971181110138279235e-01,5.887877370317352588e-01,1.000000000000000000e+00,5.158821964810841321e-01,3.083738139415867496e-01,1.997529816164324012e-01
2.307521962720782138e-01,2.935944031847372293e-01,5.158821964810841321e-01,1.000000000000000000e+00,5.731618288748026036e-01,2.328738243293704269e-01
2.750108338747894177e-01,1.851157211504490807e-01,3.083738139415867496e-01,5.731618288748026036e-01,1.000000000000000000e+00,5.883117190581954592e-01
4.266932220468007686e-01,2.188240765172579094e-01,1.997529816164324012e-01,2.328738243293704269e-01,5.883117190581954592e-01,1.000000000000000000e+00
