1.000000000000000000e+00,6.583059959526309513e-01,1.877012964433091013e-01,1.983816039006137955e-01,5.847008600970154957e-01,6.653999050955408112e-01
6.583059959526309513e-01,1.000000000000000000e+00,6.521375281503993815e-01,2.899531134315938008e-01,5.283061574732074162e-01,4.978302763867277214e-01
1.877012964433091013e-01,6.521375281503993815e-01,1.000000000000000000e+00,3.605438762995398227e-01,3.332858815079568493e-01,2.075233548479280821e-01
1.983816039006137955e-01,2.899531134315938008e-01,3.605438762995398227e-01,1.000000000000000000e+00,5.300908747140410382e-01,2.785372912855861860e-01
5.847008600970154957e-01,5.283061574732074162e-01,3.332858815079568493e-01,5.300908747140410382e-01,1.000000000000000000e+00,8.384489459617232576e-01
6.653999050955408112e-01,4.978302763867277214e-01,2.075233548479280821e-01,2.785372912855861860e-01,8.384489459617232576e-01,1.000000000000000000e+00
