1.000000000000000000e+00,1.682395369294004128e-01,1.346562978415145051e-01,2.651344205463884163e-01,3.901559903978453203e-01,5.092908528996559214e-01
1.682395369294004128e-01,1.000000000000000000e+00,1.706903700868539209e-01,3.747488579410753751e-01,1.683357126648879765e-01,5.099697042030987282e-01
1.346562978415145051e-01,1.706903700868539209e-01,1.000000000000000000e+00,4.886346950084863860e-01,2.382502638450451904e-01,1.528792364655323366e-01
2.651344205463884163e-01,3.747488579410753751e-01,4.886346950084863860e-01,1.000000000000000000e+00,4.385928664027674007e-01,3.542597857661222149e-01
3.901559903978453203e-01,1.683357126648879765e-01,2.382502638450451904e-01,4.385928664027674007e-01,1.000000000000000000e+00,4.708149309829801621e-01
5.092908528996559214e-01,5.099697042030987282e-01,1.528792364655323366e-01,3.542597857661222149e-01,4.708149309829801621e-01,1.000000000000000000e+00
