1.000000000000000000e+00,9.909373959733546178e-01,2.908514008327056088e-01,4.839615662710432531e-01,5.575543128964396411e-01,5.640274251719027410e-01
9.909373959733546178e-01,1.000000000000000000e+00,3.230649688760888205e-01,5.035537701425263357e-01,5.523792770287413445e-01,5.585285128065490268e-01
2.908514008327056088e-01,3.230649688760888205e-01,1.000000000000000000e+00,5.789462204088478003e-01,3.564333207408700299e-01,3.526370620118006172e-01
4.839615662710432531e-01,5.035537701425263357e-01,5.789462204088478003e-01,1.000000000000000000e+00,3.276722584596322707e-01,3.261014742409672484e-01
5.575543128964396411e-01,5.523792770287413445e-01,3.564333207408700299e-01,3.276722584596322707e-01,1.000000000000000000e+00,9.911532763698346349e-01
5.640274251719027410e-01,5.585285128065490268e-01,3.526370620118006172e-01,3.261014742409672484e-01,9.911532763698346349e-01,1.000000000000000000e+00
