1.000000000000000000e+00,6.290278776355175960e-01,1.358033024989671045e-01,2.517365100333477379e-01,1.823756969176058840e-01,3.081341571802461154e-01
6.290278776355175960e-01,1.000000000000000000e+00,4.791123470819691477e-01,3.917196996056656055e-01,1.352233789744186898e-01,1.722405127238701983e-01
1.358033024989671045e-01,4.791123470819691477e-01,1.000000000000000000e+00,5.275746516525917640e-01,2.116680560566101266e-01,1.286169462443703948e-01
2.517365100333477379e-01,3.917196996056656055e-01,5.275746516525917640e-01,1.000000000000000000e+00,3.073976396830147562e-01,1.518683320421474470e-01
1.823756969176058840e-01,1.352233789744186898e-01,2.116680560566101266e-01,3.073976396830147562e-01,1.000000000000000000e+00,6.877998573855480524e-01
3.081341571802461154e-01,1.722405127238701983e-01,1.286169462443703948e-01,1.518683320421474470e-01,6.877998573855480524e-01,1.000000000000000000e+00
