1.000000000000000000e+00,1.236092435975131160e-01,4.960039159961881355e-02,1.756505670287139900e-02,1.091512081719372418e-01,2.888223087417471358e-01
1.236092435975131160e-01,1.000000000000000000e+00,4.889265092103201593e-01,2.718642365215451218e-01,2.560621863574919499e-01,3.351461455479107232e-01
4.960039159961881355e-02,4.889265092103201593e-01,1.000000000000000000e+00,4.133754507650560517e-01,2.575108187513249214e-01,1.537663898578432720e-01
1.756505670287139900e-02,2.718642365215451218e-01,4.133754507650560517e-01,1.000000000000000000e+00,4.636546635186611365e-01,1.017660699242782796e-01
1.091512081719372418e-01,2.560621863574919499e-01,2.575108187513249214e-01,4.636546635186611365e-01,1.000000000000000000e+00,5.586120097803011220e-01
2.888223087417471358e-01,3.351461455479107232e-01,1.537663898578432720e-01,1.017660699242782796e-01,5.586120097803011220e-01,1.000000000000000000e+00
