1.000000000000000000e+00,7.050054334773912801e-02,4.870726855624733093e-02,2.892484925310611840e-02,1.264926681110267459e-01,2.585801757822482894e-01
7.050054334773912801e-02,1.000000000000000000e+00,5.605038161876124692e-01,2.776643118408669841e-01,2.405103603675015356e-01,3.009251905737002075e-01
4.870726855624733093e-02,5.605038161876124692e-01,1.000000000000000000e+00,4.396219262408065931e-01,2.921402105634094970e-01,2.126169722756050262e-01
2.892484925310611840e-02,2.776643118408669841e-01,4.396219262408065931e-01,1.000000000000000000e+00,5.867281751642569043e-01,2.722315364112696812e-01
1.264926681110267459e-01,2.405103603675015356e-01,2.921402105634094970e-01,5.867281751642569043e-01,1.000000000000000000e+00,6.770000131761736428e-01
2.585801757822482894e-01,3.009251905737002075e-01,2.126169722756050262e-01,2.722315364112696812e-01,6.770000131761736428e-01,1.000000000000000000e+00
