1.000000000000000000e+00,9.887910510492087246e-01,2.275373815402215172e-01,4.799612431215214414e-01,3.261879916590765260e-01,3.376756512019361001e-01
9.887910510492087246e-01,1.000000000000000000e+00,2.669433774649999647e-01,5.084386780330286681e-01,3.290414701332315395e-01,3.383560284452973299e-01
2.275373815402215172e-01,2.669433774649999647e-01,1.000000000000000000e+00,5.179241072358459208e-01,3.581813800509196510e-01,3.514788879143316280e-01
4.799612431215214414e-01,5.084386780330286681e-01,5.179241072358459208e-01,1.000000000000000000e+00,2.611022466937509834e-01,2.591411209098614110e-01
3.261879916590765260e-01,3.290414701332315395e-01,3.581813800509196510e-01,2.611022466937509834e-01,1.000000000000000000e+00,9.832713339514321804e-01
3.376756512019361001e-01,3.383560284452973299e-01,3.514788879143316280e-01,2.591411209098614110e-01,9.832713339514321804e-01,1.000000000000000000e+00
