1.000000000000000000e+00,3.785856204957343540e-01,3.655074444922423726e-02,7.649150896587718351e-02,1.832184160590812072e-01,3.038914552460264540e-01
3.785856204957343540e-01,1.000000000000000000e+00,4.887733774676223941e-01,2.386507013515860587e-01,2.078329226251551809e-01,2.572556600352741141e-01
3.655074444922423726e-02,4.887733774676223941e-01,1.000000000000000000e+00,3.970408724893377816e-01,2.494750626690343254e-01,1.816474367271806167e-01
7.649150896587718351e-02,2.386507013515860587e-01,3.970408724893377816e-01,1.000000000000000000e+00,5.043263800949427944e-01,1.053698034269792555e-01
1.832184160590812072e-01,2.078329226251551809e-01,2.494750626690343254e-01,5.043263800949427944e-01,1.000000000000000000e+00,5.561061267846630907e-01
3.038914552460264540e-01,2.572556600352741141e-01,1.816474367271806167e-01,1.053698034269792555e-01,5.561061267846630907e-01,1.000000000000000000e+00
