1.000000000000000000e+00,8.343169065538890150e-01,1.081936417838740144e-01,2.075126470753710928e-01,3.071311596848653180e-01,4.983698311248681567e-01
8.343169065538890150e-01,1.000000000000000000e+00,3.800808050791034121e-01,4.394321848983239742e-01,4.395740865436423284e-01,5.671015680827318217e-01
1.081936417838740144e-01,3.800808050791034121e-01,1.000000000000000000e+00,6.728175580235790099e-01,4.548285866710355396e-01,3.331390185919321234e-01
2.075126470753710928e-01,4.394321848983239742e-01,6.728175580235790099e-01,1.000000000000000000e+00,4.158385892798919792e-01,2.069199614101139562e-01
3.071311596848653180e-01,4.395740865436423284e-01,4.548285866710355396e-01,4.158385892798919792e-01,1.000000000000000000e+00,7.680632384924233058e-01
4.983698311248681567e-01,5.671015680827318217e-01,3.331390185919321234e-01,2.069199614101139562e-01,7.680632384924233058e-01,1.000000000000000000e+00
