1.000000000000000000e+00,9.841199449789942433e-01,2.450907076170592280e-01,1.342136309487543255e-01,4.034005231082575249e-01,4.104272699542077518e-01
9.841199449789942433e-01,9.999999999999998890e-01,2.863708998767489633e-01,1.375657099426068619e-01,3.868081251677754628e-01,3.930947641050693275e-01
2.450907076170592280e-01,2.863708998767489633e-01,1.000000000000000000e+00,4.342580679133263288e-01,2.361228048104097865e-01,2.347766849436196679e-01
1.342136309487543255e-01,1.375657099426068619e-01,4.342580679133263288e-01,1.000000000000000000e+00,3.412820655031080785e-01,3.317398645230879572e-01
4.034005231082575249e-01,3.868081251677754628e-01,2.361228048104097865e-01,3.412820655031080785e-01,1.000000000000000000e+00,9.874892923318433491e-01
4.104272699542077518e-01,3.930947641050693275e-01,2.347766849436196679e-01,3.317398645230879572e-01,9.874892923318433491e-01,1.000000000000000000e+00
