1.000000000000000000e+00,5.678108021366388147e-01,6.717557512712755974e-02,2.880504091997087568e-01,3.459314530032400192e-01,4.692747832805413410e-01
5.678108021366388147e-01,1.000000000000000000e+00,2.401237018835648829e-01,3.374404777684588130e-01,2.896944938868264985e-01,4.539813408375687476e-01
6.717557512712755974e-02,2.401237018835648829e-01,1.000000000000000000e+00,3.816170206513837537e-01,3.655166673307670977e-01,3.144816577087710674e-01
2.880504091997087568e-01,3.374404777684588130e-01,3.816170206513837537e-01,1.000000000000000000e+00,4.947294247265729972e-01,3.335104309424154478e-01
3.459314530032400192e-01,2.896944938868264985e-01,3.655166673307670977e-01,4.947294247265729972e-01,1.000000000000000000e+00,6.412932898969142537e-01
4.692747832805413410e-01,4.539813408375687476e-01,3.144816577087710674e-01,3.335104309424154478e-01,6.412932898969142537e-01,1.000000000000000000e+00
