1.000000000000000000e+00,7.082359883371643905e-01,2.806176917254414316e-01,1.672376530958761542e-01,1.449434069173095307e-01,2.990842255609629796e-01
7.082359883371643905e-01,1.000000000000000000e+00,5.716887430611395926e-01,1.696470150757562190e-01,9.366581755105458929e-02,1.402889059624538859e-01
2.806176917254414316e-01,5.716887430611395926e-01,1.000000000000000000e+00,5.496957185829319803e-01,3.401355356383015671e-01,1.533268502540384159e-01
1.672376530958761542e-01,1.696470150757562190e-01,5.496957185829319803e-01,1.000000000000000000e+00,5.227035144197418326e-01,1.844148985965816667e-01
1.449434069173095307e-01,9.366581755105458929e-02,3.401355356383015671e-01,5.227035144197418326e-01,1.000000000000000000e+00,5.459952266216475669e-01
2.990842255609629796e-01,1.402889059624538859e-01,1.533268502540384159e-01,1.844148985965816667e-01,5.459952266216475669e-01,1.000000000000000000e+00
