1.000000000000000000e+00,7.641440822768119645e-01,5.395886312874788038e-01,3.514733444589207001e-01,1.502168416147463825e-01,2.282869823075687477e-01
7.641440822768119645e-01,1.000000000000000000e+00,7.642311003204503850e-01,5.113117247767577922e-01,1.460669736796129936e-01,2.007278758132950980e-01
5.395886312874788038e-01,7.642311003204503850e-01,1.000000000000000000e+00,7.077218604555829407e-01,3.138406300036702401e-01,2.419660135835750570e-01
3.514733444589207001e-01,5.113117247767577922e-01,7.077218604555829407e-01,1.000000000000000000e+00,1.704107548698082508e-01,4.715896745013961611e-02
1.502168416147463825e-01,1.460669736796129936e-01,3.138406300036702401e-01,1.704107548698082508e-01,1.000000000000000000e+00,5.774253166023159967e-01
2.282869823075687477e-01,2.007278758132950980e-01,2.419660135835750570e-01,4.715896745013961611e-02,5.774253166023159967e-01,1.000000000000000000e+00
