1.000000000000000000e+00,4.844601365515345814e-01,2.316012168315560726e-02,2.846237364225047695e-01,3.553358497596733057e-01,4.834887237240259594e-01
4.844601365515345814e-01,1.000000000000000000e+00,2.369681197077221635e-01,3.840948647885216172e-01,3.129053485598361495e-01,4.583339387079026772e-01
2.316012168315560726e-02,2.369681197077221635e-01,1.000000000000000000e+00,3.696763618921904970e-01,2.864756923061537175e-01,2.390953245716062880e-01
2.846237364225047695e-01,3.840948647885216172e-01,3.696763618921904970e-01,1.000000000000000000e+00,6.280616958933225025e-01,3.435463946894747878e-01
3.553358497596733057e-01,3.129053485598361495e-01,2.864756923061537175e-01,6.280616958933225025e-01,1.000000000000000000e+00,5.581674207773309471e-01
4.834887237240259594e-01,4.583339387079026772e-01,2.390953245716062880e-01,3.435463946894747878e-01,5.581674207773309471e-01,1.000000000000000000e+00
