1.000000000000000000e+00,6.320071713957055304e-02,4.519529265518587580e-02,1.049426040162783763e-01,1.982290366183297736e-01,3.990322596949746337e-01
6.320071713957055304e-02,1.000000000000000000e+00,9.607632150597226195e-01,6.947197100905424527e-01,4.040879022055210990e-01,5.644761627076474442e-01
4.519529265518587580e-02,9.607632150597226195e-01,1.000000000000000000e+00,6.683141946690033253e-01,4.428778323531817329e-01,4.761386116508923294e-01
1.049426040162783763e-01,6.947197100905424527e-01,6.683141946690033253e-01,9.999999999999998890e-01,4.873246154176730793e-01,4.008571400736566925e-01
1.982290366183297736e-01,4.040879022055210990e-01,4.428778323531817329e-01,4.873246154176730793e-01,1.000000000000000000e+00,2.631000359566785796e-01
3.990322596949746337e-01,5.644761627076474442e-01,4.761386116508923294e-01,4.008571400736566925e-01,2.631000359566785796e-01,1.000000000000000000e+00
