1.000000000000000000e+00,9.687375427099275127e-01,4.577701928952203070e-01,2.431437043162049394e-01,4.408339781417928704e-01,4.419739088282150785e-01
9.687375427099275127e-01,1.000000000000000000e+00,4.925302249667136145e-01,2.419245638352621741e-01,4.039718517345039506e-01,4.068310385046087774e-01
4.577701928952203070e-01,4.925302249667136145e-01,1.000000000000000000e+00,7.215979662574515396e-01,4.159874880404426101e-01,4.086824218027197975e-01
2.431437043162049394e-01,2.419245638352621741e-01,7.215979662574515396e-01,1.000000000000000000e+00,4.411078104100150665e-01,4.333088736900505555e-01
4.408339781417928704e-01,4.039718517345039506e-01,4.159874880404426101e-01,4.411078104100150665e-01,1.000000000000000000e+00,9.833729200830590989e-01
4.419739088282150785e-01,4.068310385046087774e-01,4.086824218027197975e-01,4.333088736900505555e-01,9.833729200830590989e-01,1.000000000000000000e+00
