1.000000000000000000e+00,4.744454008150566504e-01,1.496347004270638104e-01,3.498122536978094943e-01,4.114537669188249591e-01,6.009176202736540295e-01
4.744454008150566504e-01,1.000000000000000000e+00,4.479521333575474107e-01,4.089925665442087355e-01,3.103344174883302387e-01,4.367308943675154986e-01
1.496347004270638104e-01,4.479521333575474107e-01,1.000000000000000000e+00,5.344368727895959514e-01,3.521202178335356425e-01,3.115913133414405789e-01
3.498122536978094943e-01,4.089925665442087355e-01,5.344368727895959514e-01,1.000000000000000000e+00,6.195695098801261569e-01,3.671534836957574544e-01
4.114537669188249591e-01,3.103344174883302387e-01,3.521202178335356425e-01,6.195695098801261569e-01,1.000000000000000000e+00,6.040337681408589621e-01
6.009176202736540295e-01,4.367308943675154986e-01,3.115913133414405789e-01,3.671534836957574544e-01,6.040337681408589621e-01,1.000000000000000000e+00
