1.000000000000000000e+00,2.714313014280489433e-01,2.598746310165921392e-01,2.963158543863033192e-02,3.504136697286769353e-02,3.470352626698301052e-02
2.714313014280489433e-01,1.000000000000000000e+00,8.633964219805707885e-02,3.435617733678133501e-01,3.571894889507145066e-01,3.461569801695528192e-01
2.598746310165921392e-01,8.633964219805707885e-02,1.000000000000000000e+00,4.855472384760737281e-01,4.696577115491496479e-01,4.610282080989873688e-01
2.963158543863033192e-02,3.435617733678133501e-01,4.855472384760737281e-01,1.000000000000000000e+00,9.969861796932515396e-01,9.959420022949965201e-01
3.504136697286769353e-02,3.571894889507145066e-01,4.696577115491496479e-01,9.969861796932515396e-01,1.000000000000000000e+00,9.993518632016497039e-01
3.470352626698301052e-02,3.461569801695528192e-01,4.610282080989873688e-01,9.959420022949965201e-01,9.993518632016497039e-01,1.000000000000000000e+00
