1.000000000000000000e+00,1.704563440898043958e-01,1.181946262406593368e-01,7.612588400153334767e-02,1.686813345600714775e-01,3.882370389799160715e-01
1.704563440898043958e-01,1.000000000000000000e+00,5.456232755903244191e-01,5.271894581059232143e-01,4.400966030776456983e-01,5.786630619057105962e-01
1.181946262406593368e-01,5.456232755903244191e-01,1.000000000000000000e+00,6.282515007042429600e-01,3.919258043409574732e-01,2.879430492785302609e-01
7.612588400153334767e-02,5.271894581059232143e-01,6.282515007042429600e-01,1.000000000000000000e+00,7.542778642274781120e-01,4.369340603124916012e-01
1.686813345600714775e-01,4.400966030776456983e-01,3.919258043409574732e-01,7.542778642274781120e-01,1.000000000000000000e+00,6.466328650473361916e-01
3.882370389799160715e-01,5.786630619057105962e-01,2.879430492785302609e-01,4.369340603124916012e-01,6.466328650473361916e-01,1.000000000000000000e+00
