1.000000000000000000e+00,7.803015183074722971e-01,2.416023718528858000e-01,3.139170783631592965e-01,3.570745894936641629e-01,5.474411376726160405e-01
7.803015183074722971e-01,1.000000000000000000e+00,4.963890655488297221e-01,3.082585290856466043e-01,2.529760408197631594e-01,4.028699555404570698e-01
2.416023718528858000e-01,4.963890655488297221e-01,1.000000000000000000e+00,3.991750435154730048e-01,2.589246034422286735e-01,2.835769628090882843e-01
3.139170783631592965e-01,3.082585290856466043e-01,3.991750435154730048e-01,1.000000000000000000e+00,6.197823092493056629e-01,4.795555048459315128e-01
3.570745894936641629e-01,2.529760408197631594e-01,2.589246034422286735e-01,6.197823092493056629e-01,9.999999999999998890e-01,8.053697058087210259e-01
5.474411376726160405e-01,4.028699555404570698e-01,2.835769628090882843e-01,4.795555048459315128e-01,8.053697058087210259e-01,1.000000000000000000e+00
