1.000000000000000000e+00,5.325229902490536960e-01,1.023630306299250781e-01,3.188664281120974775e-01,3.912152796403214339e-01,3.837754808865528333e-01
5.325229902490536960e-01,1.000000000000000000e+00,5.554144445020660070e-01,4.492475043748451191e-01,3.683008792250683783e-01,3.696509805802855042e-01
1.023630306299250781e-01,5.554144445020660070e-01,1.000000000000000000e+00,5.565510518219866087e-01,4.322761017781726611e-01,4.394942937042465858e-01
3.188664281120974775e-01,4.492475043748451191e-01,5.565510518219866087e-01,1.000000000000000000e+00,6.380405692034490928e-01,6.293977971032421737e-01
3.912152796403214339e-01,3.683008792250683783e-01,4.322761017781726611e-01,6.380405692034490928e-01,1.000000000000000000e+00,9.847542818892748295e-01
3.837754808865528333e-01,3.696509805802855042e-01,4.394942937042465858e-01,6.293977971032421737e-01,9.847542818892748295e-01,1.000000000000000000e+00
