1.000000000000000000e+00,4.748477354164242770e-01,9.446083001264531098e-02,2.802324227673899104e-01,2.522719507823955598e-01,5.230295669520057533e-01
4.748477354164242770e-01,1.000000000000000000e+00,4.401408949708955909e-01,3.933550400824327720e-01,2.169813345688035300e-01,2.829939764185489537e-01
9.446083001264531098e-02,4.401408949708955909e-01,1.000000000000000000e+00,5.736557154539257963e-01,3.294999297100584812e-01,1.390648980644574872e-01
2.802324227673899104e-01,3.933550400824327720e-01,5.736557154539257963e-01,1.000000000000000000e+00,4.658733120828712493e-01,1.845012895251876284e-01
2.522719507823955598e-01,2.169813345688035300e-01,3.294999297100584812e-01,4.658733120828712493e-01,1.000000000000000000e+00,3.073324571670298377e-01
5.230295669520057533e-01,2.829939764185489537e-01,1.390648980644574872e-01,1.845012895251876284e-01,3.073324571670298377e-01,1.000000000000000000e+00
