1.000000000000000000e+00,8.564821854470106022e-02,8.940696704934568417e-02,8.256551325795169483e-02,1.882257490575038050e-01,3.454015954666488919e-01
8.564821854470106022e-02,1.000000000000000000e+00,2.834210399723748330e-01,3.465795649397544476e-01,1.224091554643936125e-01,2.875830571450007644e-01
8.940696704934568417e-02,2.834210399723748330e-01,1.000000000000000000e+00,4.518676809190472210e-01,2.292263072634126431e-01,1.316416541479351054e-01
8.256551325795169483e-02,3.465795649397544476e-01,4.518676809190472210e-01,1.000000000000000000e+00,3.348080437238871720e-01,1.632506592103099285e-01
1.882257490575038050e-01,1.224091554643936125e-01,2.292263072634126431e-01,3.348080437238871720e-01,1.000000000000000000e+00,3.873024382582712644e-01
3.454015954666488919e-01,2.875830571450007644e-01,1.316416541479351054e-01,1.632506592103099285e-01,3.873024382582712644e-01,1.000000000000000000e+00
