1.000000000000000000e+00,4.691928678647150353e-01,2.781929711315922482e-01,2.583324461656940074e-01,3.372033179657398794e-01,5.813376691832515819e-01
4.691928678647150353e-01,1.000000000000000000e+00,7.141792701377079888e-01,2.829099615469040097e-01,2.014460808131509351e-01,3.125841179656250746e-01
2.781929711315922482e-01,7.141792701377079888e-01,1.000000000000000000e+00,5.141721239510214092e-01,3.356360462384144205e-01,2.716497416975610646e-01
2.583324461656940074e-01,2.829099615469040097e-01,5.141721239510214092e-01,1.000000000000000000e+00,7.145331944763330112e-01,2.683834476472957697e-01
3.372033179657398794e-01,2.014460808131509351e-01,3.356360462384144205e-01,7.145331944763330112e-01,1.000000000000000000e+00,5.464435105684822824e-01
5.813376691832515819e-01,3.125841179656250746e-01,2.716497416975610646e-01,2.683834476472957697e-01,5.464435105684822824e-01,1.000000000000000000e+00
