1.000000000000000000e+00,3.441617687733974917e-01,3.197109225681215444e-02,1.011074137961716635e-01,2.008233382403515621e-01,4.989556400531300895e-01
3.441617687733974917e-01,1.000000000000000000e+00,3.855561376499070936e-01,1.475339338055277616e-01,1.343653663976080714e-01,2.551245310035141212e-01
3.197109225681215444e-02,3.855561376499070936e-01,1.000000000000000000e+00,4.040651539699341988e-01,2.615536632894501223e-01,1.193680593480038188e-01
1.011074137961716635e-01,1.475339338055277616e-01,4.040651539699341988e-01,1.000000000000000000e+00,6.917573499492952749e-01,1.547813615843827428e-01
2.008233382403515621e-01,1.343653663976080714e-01,2.615536632894501223e-01,6.917573499492952749e-01,1.000000000000000000e+00,4.368228349514567399e-01
4.989556400531300895e-01,2.551245310035141212e-01,1.193680593480038188e-01,1.547813615843827428e-01,4.368228349514567399e-01,1.000000000000000000e+00
