1.000000000000000000e+00,4.974239222916690406e-01,6.230751651527202672e-02,1.769017088252484993e-01,2.452605682929807907e-01,6.128219396031530097e-01
4.974239222916690406e-01,1.000000000000000000e+00,2.567583171467584524e-01,3.936199297945781050e-01,2.665283833826745385e-01,5.314965466097451019e-01
6.230751651527202672e-02,2.567583171467584524e-01,1.000000000000000000e+00,5.018000610243716908e-01,2.808413507915958340e-01,1.368885789053970181e-01
1.769017088252484993e-01,3.936199297945781050e-01,5.018000610243716908e-01,1.000000000000000000e+00,7.135369444131435257e-01,2.984323301423978392e-01
2.452605682929807907e-01,2.665283833826745385e-01,2.808413507915958340e-01,7.135369444131435257e-01,1.000000000000000000e+00,4.253854826050225690e-01
6.128219396031530097e-01,5.314965466097451019e-01,1.368885789053970181e-01,2.984323301423978392e-01,4.253854826050225690e-01,1.000000000000000000e+00
