1.000000000000000000e+00,1.082855940088564423e-01,7.602708297363026946e-02,3.162358099568510217e-01,4.075141392686444930e-01,5.433573162797165068e-01
1.082855940088564423e-01,1.000000000000000000e+00,6.144346424175134436e-01,2.199621740763996192e-01,1.536872485307783920e-01,1.831729972288244357e-01
7.602708297363026946e-02,6.144346424175134436e-01,1.000000000000000000e+00,3.245433471504253209e-01,1.983025791267587490e-01,1.386944603908703277e-01
3.162358099568510217e-01,2.199621740763996192e-01,3.245433471504253209e-01,1.000000000000000000e+00,7.923292958930763241e-01,3.979852653555615571e-01
4.075141392686444930e-01,1.536872485307783920e-01,1.983025791267587490e-01,7.923292958930763241e-01,1.000000000000000000e+00,6.311332666697205829e-01
5.433573162797165068e-01,1.831729972288244357e-01,1.386944603908703277e-01,3.979852653555615571e-01,6.311332666697205829e-01,1.000000000000000000e+00
