1.000000000000000000e+00,9.120584545615519900e-01,5.405669274225289866e-01,1.284376051350997749e-01,1.878069676356550477e-01,4.180424125012320857e-01
9.120584545615519900e-01,1.000000000000000000e+00,6.823428465243767116e-01,1.433527541902924196e-01,8.857936373891082960e-02,2.151390870933709010e-01
5.405669274225289866e-01,6.823428465243767116e-01,1.000000000000000000e+00,5.533660552143039313e-01,2.298647589264470881e-01,1.597252071398213846e-01
1.284376051350997749e-01,1.433527541902924196e-01,5.533660552143039313e-01,1.000000000000000000e+00,5.431131355590604892e-01,1.282362096716761490e-01
1.878069676356550477e-01,8.857936373891082960e-02,2.298647589264470881e-01,5.431131355590604892e-01,1.000000000000000000e+00,5.179554907686616527e-01
4.180424125012320857e-01,2.151390870933709010e-01,1.597252071398213846e-01,1.282362096716761490e-01,5.179554907686616527e-01,1.000000000000000000e+00
