1.000000000000000000e+00,3.234667519504695332e-01,7.702321203468293076e-02,6.173428212109081242e-02,1.396566152358952040e-01,4.776037782627988726e-01
3.234667519504695332e-01,1.000000000000000000e+00,2.517958399636387457e-01,3.889322838920114545e-01,1.986074280685239113e-01,4.138495562324147059e-01
7.702321203468293076e-02,2.517958399636387457e-01,1.000000000000000000e+00,4.710078848586469191e-01,2.589895802572652617e-01,9.813176510761063842e-02
6.173428212109081242e-02,3.889322838920114545e-01,4.710078848586469191e-01,1.000000000000000000e+00,2.716563351439636453e-01,1.112647170475002945e-01
1.396566152358952040e-01,1.986074280685239113e-01,2.589895802572652617e-01,2.716563351439636453e-01,1.000000000000000000e+00,3.257577803805676298e-01
4.776037782627988726e-01,4.138495562324147059e-01,9.813176510761063842e-02,1.112647170475002945e-01,3.257577803805676298e-01,1.000000000000000000e+00
