1.000000000000000000e+00,1.759416720870023154e-01,1.988546169105987749e-01,2.317836874967636740e-02,9.714363427387233407e-02,4.482774643705938478e-01
1.759416720870023154e-01,1.000000000000000000e+00,3.306241082332029291e-01,5.678117608190987875e-01,3.010502829300195082e-01,5.345093500616582283e-01
1.988546169105987749e-01,3.306241082332029291e-01,1.000000000000000000e+00,6.548057199057168987e-01,2.890870123053018714e-01,8.315847908856037474e-02
2.317836874967636740e-02,5.678117608190987875e-01,6.548057199057168987e-01,1.000000000000000000e+00,3.576630597108505505e-01,1.958918549251218444e-01
9.714363427387233407e-02,3.010502829300195082e-01,2.890870123053018714e-01,3.576630597108505505e-01,1.000000000000000000e+00,4.359086595713032586e-01
4.482774643705938478e-01,5.345093500616582283e-01,8.315847908856037474e-02,1.958918549251218444e-01,4.359086595713032586e-01,1.000000000000000000e+00
