1.000000000000000000e+00,7.632520160358389205e-01,2.480560888544671716e-01,1.519782371049912817e-01,1.951583478260241478e-01,3.482550052009267816e-01
7.632520160358389205e-01,1.000000000000000000e+00,5.533904293119847884e-01,2.533139337495913246e-01,1.898948532689453961e-01,3.015530223776873853e-01
2.480560888544671716e-01,5.533904293119847884e-01,1.000000000000000000e+00,4.233948180904831826e-01,3.963730818498374942e-01,3.493915516815548905e-01
1.519782371049912817e-01,2.533139337495913246e-01,4.233948180904831826e-01,1.000000000000000000e+00,4.305646602460353467e-01,2.029679822097048003e-01
1.951583478260241478e-01,1.898948532689453961e-01,3.963730818498374942e-01,4.305646602460353467e-01,1.000000000000000000e+00,7.611676516286154381e-01
3.482550052009267816e-01,3.015530223776873853e-01,3.493915516815548905e-01,2.029679822097048003e-01,7.611676516286154381e-01,1.000000000000000000e+00
