1.000000000000000000e+00,6.139386573486568244e-01,1.345561893686801624e-01,2.650042589225378165e-01,2.675359002319069313e-01,3.930500978853448957e-01
6.139386573486568244e-01,9.999999999999998890e-01,4.510073950605031357e-01,3.185387602018982522e-01,3.071415970841677168e-01,4.092787064374751593e-01
1.345561893686801624e-01,4.510073950605031357e-01,1.000000000000000000e+00,5.013292930847194073e-01,4.842488440636534275e-01,3.009582349520523170e-01
2.650042589225378165e-01,3.185387602018982522e-01,5.013292930847194073e-01,1.000000000000000000e+00,9.974367909597204873e-01,5.783722980679454340e-01
2.675359002319069313e-01,3.071415970841677168e-01,4.842488440636534275e-01,9.974367909597204873e-01,1.000000000000000000e+00,6.015983012730927726e-01
3.930500978853448957e-01,4.092787064374751593e-01,3.009582349520523170e-01,5.783722980679454340e-01,6.015983012730927726e-01,1.000000000000000000e+00
