1.000000000000000000e+00,6.194605698183603959e-01,6.587665313061950856e-02,1.838883964835521800e-01,3.184813700522410307e-01,4.683211467667132144e-01
6.194605698183603959e-01,1.000000000000000000e+00,5.332218533562624874e-01,4.515227989449034918e-01,4.581415772909440687e-01,3.901190604052076627e-01
6.587665313061950856e-02,5.332218533562624874e-01,1.000000000000000000e+00,5.282741695504443724e-01,4.222283681025101321e-01,1.566146340548916494e-01
1.838883964835521800e-01,4.515227989449034918e-01,5.282741695504443724e-01,1.000000000000000000e+00,6.369490056802892264e-01,1.237206931405844951e-01
3.184813700522410307e-01,4.581415772909440687e-01,4.222283681025101321e-01,6.369490056802892264e-01,1.000000000000000000e+00,4.639192791486632106e-01
4.683211467667132144e-01,3.901190604052076627e-01,1.566146340548916494e-01,1.237206931405844951e-01,4.639192791486632106e-01,1.000000000000000000e+00
