1.000000000000000000e+00,4.271715507331786399e-01,1.559199375642205954e-01,2.852171464881346208e-01,3.299372725804818329e-01,4.598149949908656997e-01
4.271715507331786399e-01,1.000000000000000000e+00,6.289217607297158397e-01,2.621517491599668070e-01,1.863064096683394177e-01,2.278033887458948692e-01
1.559199375642205954e-01,6.289217607297158397e-01,1.000000000000000000e+00,3.824778334415703251e-01,2.473631584355977242e-01,1.755155940665568404e-01
2.852171464881346208e-01,2.621517491599668070e-01,3.824778334415703251e-01,1.000000000000000000e+00,7.236023073381457893e-01,3.233059370390982123e-01
3.299372725804818329e-01,1.863064096683394177e-01,2.473631584355977242e-01,7.236023073381457893e-01,1.000000000000000000e+00,6.061541605968583379e-01
4.598149949908656997e-01,2.278033887458948692e-01,1.755155940665568404e-01,3.233059370390982123e-01,6.061541605968583379e-01,1.000000000000000000e+00
