1.000000000000000000e+00,7.537787613275721554e-01,5.026797771578942475e-01,6.509249945300695783e-01,7.096760671820036004e-01,8.410087789453809526e-01
7.537787613275721554e-01,1.000000000000000000e+00,8.649589769811049100e-01,9.204572950228939732e-01,8.603149413036969007e-01,9.193410505493441187e-01
5.026797771578942475e-01,8.649589769811049100e-01,1.000000000000000000e+00,9.287672386572340955e-01,8.536522960970747143e-01,8.044591577304328611e-01
6.509249945300695783e-01,9.204572950228939732e-01,9.287672386572340955e-01,1.000000000000000000e+00,8.814846308023089883e-01,8.519024900755570728e-01
7.096760671820036004e-01,8.603149413036969007e-01,8.536522960970747143e-01,8.814846308023089883e-01,1.000000000000000000e+00,9.045300554241014757e-01
8.410087789453809526e-01,9.193410505493441187e-01,8.044591577304328611e-01,8.519024900755570728e-01,9.045300554241014757e-01,1.000000000000000000e+00
