1.000000000000000000e+00,7.752511439961123907e-01,4.891791868742623728e-01,6.688820217033381033e-01,7.076822762637299258e-01,8.264468173565990838e-01
7.752511439961123907e-01,1.000000000000000000e+00,8.438403337767431678e-01,8.472078217526762822e-01,7.576325645550160415e-01,8.079530302818209719e-01
4.891791868742623728e-01,8.438403337767431678e-01,1.000000000000000000e+00,8.462983132815703469e-01,6.976398641475122231e-01,6.598648650443480479e-01
6.688820217033381033e-01,8.472078217526762822e-01,8.462983132815703469e-01,1.000000000000000000e+00,8.239914308475181359e-01,7.530969020975314399e-01
7.076822762637299258e-01,7.576325645550160415e-01,6.976398641475122231e-01,8.239914308475181359e-01,1.000000000000000000e+00,8.984962598554986357e-01
8.264468173565990838e-01,8.079530302818209719e-01,6.598648650443480479e-01,7.530969020975314399e-01,8.984962598554986357e-01,1.000000000000000000e+00
