1.000000000000000000e+00,2.781334879496671353e-01,2.588219124341956112e-01,2.599444780142927125e-01,2.499206863658597344e-01,2.652252259487803410e-01
2.781334879496671353e-01,1.000000000000000000e+00,2.907539524489764493e-01,2.534153672121796652e-01,2.549732804501977923e-01,2.490954072392010943e-01
2.588219124341956112e-01,2.907539524489764493e-01,1.000000000000000000e+00,2.846940950403863968e-01,2.762883029995550355e-01,2.489481013740408866e-01
2.599444780142927125e-01,2.534153672121796652e-01,2.846940950403863968e-01,1.000000000000000000e+00,5.243600807221658888e-01,2.467731753533630445e-01
2.499206863658597344e-01,2.549732804501977923e-01,2.762883029995550355e-01,5.243600807221658888e-01,1.000000000000000000e+00,2.823375062887538700e-01
2.652252259487803410e-01,2.490954072392010943e-01,2.489481013740408866e-01,2.467731753533630445e-01,2.823375062887538700e-01,1.000000000000000000e+00
