1.000000000000000000e+00,3.651710395760574546e-01,2.663170087116418228e-01,2.866003889238249447e-01,2.915619945709307381e-01,3.198699487640289663e-01
3.651710395760574546e-01,1.000000000000000000e+00,3.263524538183963375e-01,2.748327064577111289e-01,3.021128163394145028e-01,3.347627886881062165e-01
2.663170087116418228e-01,3.263524538183963375e-01,1.000000000000000000e+00,2.802439918561814847e-01,2.742030584637876189e-01,2.768873179781309868e-01
2.866003889238249447e-01,2.748327064577111289e-01,2.802439918561814847e-01,1.000000000000000000e+00,2.895623797752581163e-01,2.814252699867849095e-01
2.915619945709307381e-01,3.021128163394145028e-01,2.742030584637876189e-01,2.895623797752581163e-01,1.000000000000000000e+00,3.360961321144258496e-01
3.198699487640289663e-01,3.347627886881062165e-01,2.768873179781309868e-01,2.814252699867849095e-01,3.360961321144258496e-01,1.000000000000000000e+00
