1.000000000000000000e+00,4.827742306062243194e-01,3.348372486634658696e-01,3.101286800219869577e-01,3.584551808114874727e-01,3.294232047659408358e-01
4.827742306062243194e-01,1.000000000000000000e+00,3.720177137420180302e-01,2.877258644522894815e-01,3.039820943472582582e-01,3.176673216935058108e-01
3.348372486634658696e-01,3.720177137420180302e-01,1.000000000000000000e+00,3.432915708959705103e-01,3.123528309002783776e-01,3.384232205968987217e-01
3.101286800219869577e-01,2.877258644522894815e-01,3.432915708959705103e-01,1.000000000000000000e+00,3.180599613408023330e-01,3.102800968601485132e-01
3.584551808114874727e-01,3.039820943472582582e-01,3.123528309002783776e-01,3.180599613408023330e-01,1.000000000000000000e+00,6.122890079156441123e-01
3.294232047659408358e-01,3.176673216935058108e-01,3.384232205968987217e-01,3.102800968601485132e-01,6.122890079156441123e-01,1.000000000000000000e+00
