1.000000000000000000e+00,4.115917613881641679e-01,2.729056426325336959e-01,2.912486305329732850e-01,2.988843951340272587e-01,2.706120577619594014e-01
4.115917613881641679e-01,1.000000000000000000e+00,2.879994993868580377e-01,2.802684955267840117e-01,2.772533171988139089e-01,2.972468116313482511e-01
2.729056426325336959e-01,2.879994993868580377e-01,1.000000000000000000e+00,2.847049703124339692e-01,3.043777794481740129e-01,3.030266361152542109e-01
2.912486305329732850e-01,2.802684955267840117e-01,2.847049703124339692e-01,1.000000000000000000e+00,2.887290058466994713e-01,2.699865615073180902e-01
2.988843951340272587e-01,2.772533171988139089e-01,3.043777794481740129e-01,2.887290058466994713e-01,1.000000000000000000e+00,3.157040321895339119e-01
2.706120577619594014e-01,2.972468116313482511e-01,3.030266361152542109e-01,2.699865615073180902e-01,3.157040321895339119e-01,1.000000000000000000e+00
