1.000000000000000000e+00,2.480306638359638383e-01,2.318249407553330255e-01,2.346276359955463686e-01,2.464487883991641481e-01,2.493666724858263073e-01
2.480306638359638383e-01,1.000000000000000000e+00,3.102998172021307344e-01,2.735298017180896046e-01,2.554390227528569590e-01,2.894784544564149575e-01
2.318249407553330255e-01,3.102998172021307344e-01,1.000000000000000000e+00,2.738483549623613733e-01,2.587671059712015609e-01,2.330390274816299678e-01
2.346276359955463686e-01,2.735298017180896046e-01,2.738483549623613733e-01,1.000000000000000000e+00,5.508327970910830151e-01,2.695302900193474183e-01
2.464487883991641481e-01,2.554390227528569590e-01,2.587671059712015609e-01,5.508327970910830151e-01,1.000000000000000000e+00,2.727838045966112790e-01
2.493666724858263073e-01,2.894784544564149575e-01,2.330390274816299678e-01,2.695302900193474183e-01,2.727838045966112790e-01,1.000000000000000000e+00
