1.000000000000000000e+00,2.966415103161785249e-01,2.695819713723163202e-01,2.549531008033183999e-01,3.204519256071315936e-01,3.168429367825592036e-01
2.966415103161785249e-01,1.000000000000000000e+00,2.977081723981822026e-01,2.546484015285600533e-01,2.843051560933539945e-01,3.073020055202989043e-01
2.695819713723163202e-01,2.977081723981822026e-01,1.000000000000000000e+00,3.224491215992204562e-01,2.777561966255828185e-01,3.053900247466042051e-01
2.549531008033183999e-01,2.546484015285600533e-01,3.224491215992204562e-01,1.000000000000000000e+00,2.572093131827567491e-01,2.463671469268599867e-01
3.204519256071315936e-01,2.843051560933539945e-01,2.777561966255828185e-01,2.572093131827567491e-01,1.000000000000000000e+00,4.176983623667754331e-01
3.168429367825592036e-01,3.073020055202989043e-01,3.053900247466042051e-01,2.463671469268599867e-01,4.176983623667754331e-01,1.000000000000000000e+00
