1.000000000000000000e+00,2.814371495951060731e-01,2.450908161726489398e-01,2.736810783169957850e-01,2.664556240613708549e-01,3.107712435087359171e-01
2.814371495951060731e-01,1.000000000000000000e+00,2.751430795553277409e-01,2.770266147537944756e-01,2.726218035689100261e-01,2.681268618737774889e-01
2.450908161726489398e-01,2.751430795553277409e-01,1.000000000000000000e+00,3.312300412595320931e-01,3.023106902063977253e-01,2.626134107655784811e-01
2.736810783169957850e-01,2.770266147537944756e-01,3.312300412595320931e-01,1.000000000000000000e+00,3.908883459318244213e-01,2.929864913379185420e-01
2.664556240613708549e-01,2.726218035689100261e-01,3.023106902063977253e-01,3.908883459318244213e-01,1.000000000000000000e+00,3.747818672873039492e-01
3.107712435087359171e-01,2.681268618737774889e-01,2.626134107655784811e-01,2.929864913379185420e-01,3.747818672873039492e-01,1.000000000000000000e+00
