1.000000000000000000e+00,2.546844213972410675e-01,2.906297916828738392e-01,3.013038470912060007e-01,2.749465775855251537e-01,3.369259720206914110e-01
2.546844213972410675e-01,1.000000000000000000e+00,3.230090604053397763e-01,2.540020225503374918e-01,2.787082447139440644e-01,3.323180003955436557e-01
2.906297916828738392e-01,3.230090604053397763e-01,1.000000000000000000e+00,3.016052698831594436e-01,2.562577598786555111e-01,2.825737826406728437e-01
3.013038470912060007e-01,2.540020225503374918e-01,3.016052698831594436e-01,1.000000000000000000e+00,2.537262906777494886e-01,2.813508430567094876e-01
2.749465775855251537e-01,2.787082447139440644e-01,2.562577598786555111e-01,2.537262906777494886e-01,1.000000000000000000e+00,2.549540661192347679e-01
3.369259720206914110e-01,3.323180003955436557e-01,2.825737826406728437e-01,2.813508430567094876e-01,2.549540661192347679e-01,1.000000000000000000e+00
