1.000000000000000000e+00,3.602374052441958407e-01,2.691979581102338925e-01,2.660729644776818614e-01,2.886812940208983158e-01,3.078272249802179727e-01
3.602374052441958407e-01,1.000000000000000000e+00,2.884024682490129443e-01,2.862744275550412887e-01,2.419270102891260266e-01,2.739118397351573142e-01
2.691979581102338925e-01,2.884024682490129443e-01,1.000000000000000000e+00,3.043847718945897340e-01,2.588461067323382658e-01,2.748202871800504710e-01
2.660729644776818614e-01,2.862744275550412887e-01,3.043847718945897340e-01,1.000000000000000000e+00,2.778097665952969364e-01,2.581405142301095856e-01
2.886812940208983158e-01,2.419270102891260266e-01,2.588461067323382658e-01,2.778097665952969364e-01,1.000000000000000000e+00,2.868266770907039187e-01
3.078272249802179727e-01,2.739118397351573142e-01,2.748202871800504710e-01,2.581405142301095856e-01,2.868266770907039187e-01,1.000000000000000000e+00
