1.000000000000000000e+00,2.731396552344900752e-01,2.774074399509874889e-01,3.249764250138416632e-01,3.135023012076207372e-01,3.547929733643856998e-01
2.731396552344900752e-01,1.000000000000000000e+00,2.838205984822073091e-01,3.312939740798659383e-01,3.358531679585962659e-01,2.889488682922741747e-01
2.774074399509874889e-01,2.838205984822073091e-01,1.000000000000000000e+00,3.766206945958910368e-01,3.550524144357417033e-01,2.904841992647004267e-01
3.249764250138416632e-01,3.312939740798659383e-01,3.766206945958910368e-01,1.000000000000000000e+00,6.716866515543511440e-01,3.337309107472230529e-01
3.135023012076207372e-01,3.358531679585962659e-01,3.550524144357417033e-01,6.716866515543511440e-01,1.000000000000000000e+00,3.261354535459167758e-01
3.547929733643856998e-01,2.889488682922741747e-01,2.904841992647004267e-01,3.337309107472230529e-01,3.261354535459167758e-01,1.000000000000000000e+00
