1.000000000000000000e+00,3.160739876640745738e-01,3.001411896814877855e-01,2.908885176240942338e-01,3.467320434464842838e-01,3.191690332797425533e-01
3.160739876640745738e-01,1.000000000000000000e+00,3.776974159653021523e-01,3.297173045636058730e-01,3.712097747543823822e-01,3.598269855536757600e-01
3.001411896814877855e-01,3.776974159653021523e-01,1.000000000000000000e+00,4.093059611573962031e-01,3.637209778297991192e-01,3.292493691209425477e-01
2.908885176240942338e-01,3.297173045636058730e-01,4.093059611573962031e-01,1.000000000000000000e+00,3.190349606543689820e-01,2.917896109622298839e-01
3.467320434464842838e-01,3.712097747543823822e-01,3.637209778297991192e-01,3.190349606543689820e-01,1.000000000000000000e+00,5.197296998582857652e-01
3.191690332797425533e-01,3.598269855536757600e-01,3.292493691209425477e-01,2.917896109622298839e-01,5.197296998582857652e-01,1.000000000000000000e+00
