1.000000000000000000e+00,3.254814497952792096e-01,2.734850061847282077e-01,2.645625207561375092e-01,2.837028904917933692e-01,3.102611647504220360e-01
3.254814497952792096e-01,1.000000000000000000e+00,3.133371380433294107e-01,2.799094544861964740e-01,2.699121220794594156e-01,3.456214985230351977e-01
2.734850061847282077e-01,3.133371380433294107e-01,1.000000000000000000e+00,2.860986933314182412e-01,2.879532898777340533e-01,2.746616519514398780e-01
2.645625207561375092e-01,2.799094544861964740e-01,2.860986933314182412e-01,1.000000000000000000e+00,3.243788973294182143e-01,2.533735277896794758e-01
2.837028904917933692e-01,2.699121220794594156e-01,2.879532898777340533e-01,3.243788973294182143e-01,1.000000000000000000e+00,2.956891524632048740e-01
3.102611647504220360e-01,3.456214985230351977e-01,2.746616519514398780e-01,2.533735277896794758e-01,2.956891524632048740e-01,1.000000000000000000e+00
