1.000000000000000000e+00,3.143401466961128210e-01,2.540096372755883403e-01,2.605215886646634060e-01,2.684943623196633933e-01,3.164619828189177420e-01
3.143401466961128210e-01,1.000000000000000000e+00,2.985464357780518996e-01,2.962842978342428157e-01,2.821791360447922781e-01,3.287592062816139804e-01
2.540096372755883403e-01,2.985464357780518996e-01,1.000000000000000000e+00,3.068338485635164203e-01,2.674417540514734126e-01,2.667710292249330095e-01
2.605215886646634060e-01,2.962842978342428157e-01,3.068338485635164203e-01,1.000000000000000000e+00,2.728858387559458532e-01,2.819216807302285521e-01
2.684943623196633933e-01,2.821791360447922781e-01,2.674417540514734126e-01,2.728858387559458532e-01,1.000000000000000000e+00,3.002879934832061726e-01
3.164619828189177420e-01,3.287592062816139804e-01,2.667710292249330095e-01,2.819216807302285521e-01,3.002879934832061726e-01,1.000000000000000000e+00
