1.000000000000000000e+00,3.171464596274850556e-01,3.064071551017669148e-01,3.128389166289801127e-01,3.048974260871029629e-01,2.983075486892379780e-01
3.171464596274850556e-01,1.000000000000000000e+00,2.485188689554411745e-01,3.289340658835129272e-01,3.351660556503355815e-01,3.295776972851986453e-01
3.064071551017669148e-01,2.485188689554411745e-01,1.000000000000000000e+00,3.362247383494897934e-01,2.803231665227680636e-01,2.884846613335018128e-01
3.128389166289801127e-01,3.289340658835129272e-01,3.362247383494897934e-01,1.000000000000000000e+00,3.134478645469742641e-01,2.786232553718213101e-01
3.048974260871029629e-01,3.351660556503355815e-01,2.803231665227680636e-01,3.134478645469742641e-01,1.000000000000000000e+00,3.519126012189725539e-01
2.983075486892379780e-01,3.295776972851986453e-01,2.884846613335018128e-01,2.786232553718213101e-01,3.519126012189725539e-01,1.000000000000000000e+00
