1.000000000000000000e+00,3.447627943501547221e-01,2.725074202143571434e-01,2.691149984749597324e-01,2.840065943306446239e-01,3.258509884890407604e-01
3.447627943501547221e-01,1.000000000000000000e+00,3.274001818594423074e-01,2.970518205683931878e-01,2.747464126223894687e-01,2.891474350515959579e-01
2.725074202143571434e-01,3.274001818594423074e-01,1.000000000000000000e+00,3.099146438129335990e-01,2.649361286621317313e-01,2.612089832322183058e-01
2.691149984749597324e-01,2.970518205683931878e-01,3.099146438129335990e-01,1.000000000000000000e+00,3.052280133042339361e-01,3.146176241716665545e-01
2.840065943306446239e-01,2.747464126223894687e-01,2.649361286621317313e-01,3.052280133042339361e-01,1.000000000000000000e+00,6.552448440867747470e-01
3.258509884890407604e-01,2.891474350515959579e-01,2.612089832322183058e-01,3.146176241716665545e-01,6.552448440867747470e-01,1.000000000000000000e+00
