1.000000000000000000e+00,3.699076100522109001e-01,2.937867020184638522e-01,2.607182863073811419e-01,2.709716031151044868e-01,3.353425663415705027e-01
3.699076100522109001e-01,1.000000000000000000e+00,2.776065890607039566e-01,2.804647786362842177e-01,2.881908171218962589e-01,2.876902792770396622e-01
2.937867020184638522e-01,2.776065890607039566e-01,1.000000000000000000e+00,3.023882894220603634e-01,2.752126641588764078e-01,2.604546055176536479e-01
2.607182863073811419e-01,2.804647786362842177e-01,3.023882894220603634e-01,1.000000000000000000e+00,3.068667970353000651e-01,2.846304760572536119e-01
2.709716031151044868e-01,2.881908171218962589e-01,2.752126641588764078e-01,3.068667970353000651e-01,1.000000000000000000e+00,2.850401609365866840e-01
3.353425663415705027e-01,2.876902792770396622e-01,2.604546055176536479e-01,2.846304760572536119e-01,2.850401609365866840e-01,1.000000000000000000e+00
