1.000000000000000000e+00,4.503015844373626231e-01,2.980701580017910413e-01,2.772431675834619580e-01,2.813158055236759103e-01,3.182616848034403589e-01
4.503015844373626231e-01,1.000000000000000000e+00,4.037682832043989478e-01,2.958913606786189865e-01,2.973127016968721836e-01,3.339029282913304475e-01
2.980701580017910413e-01,4.037682832043989478e-01,1.000000000000000000e+00,3.144799796961728622e-01,3.199870645857188500e-01,3.136950261801211837e-01
2.772431675834619580e-01,2.958913606786189865e-01,3.144799796961728622e-01,1.000000000000000000e+00,3.219344374194348934e-01,2.510302287394977627e-01
2.813158055236759103e-01,2.973127016968721836e-01,3.199870645857188500e-01,3.219344374194348934e-01,1.000000000000000000e+00,2.766168551809461973e-01
3.182616848034403589e-01,3.339029282913304475e-01,3.136950261801211837e-01,2.510302287394977627e-01,2.766168551809461973e-01,1.000000000000000000e+00
