1.000000000000000000e+00,3.304914777490640665e-01,2.941241452033099280e-01,2.768559850830875080e-01,2.864155570223841374e-01,3.180625180485596171e-01
3.304914777490640665e-01,1.000000000000000000e+00,3.865595518875228342e-01,2.744725054517969665e-01,2.681669876576803224e-01,2.943506687237021358e-01
2.941241452033099280e-01,3.865595518875228342e-01,1.000000000000000000e+00,3.262177195206020230e-01,2.910644700526289763e-01,2.402376173102147294e-01
2.768559850830875080e-01,2.744725054517969665e-01,3.262177195206020230e-01,1.000000000000000000e+00,3.120788109827901669e-01,2.471505758099599437e-01
2.864155570223841374e-01,2.681669876576803224e-01,2.910644700526289763e-01,3.120788109827901669e-01,1.000000000000000000e+00,2.999167325214660562e-01
3.180625180485596171e-01,2.943506687237021358e-01,2.402376173102147294e-01,2.471505758099599437e-01,2.999167325214660562e-01,1.000000000000000000e+00
