1.000000000000000000e+00,3.299329518144477613e-01,2.813943108928212977e-01,2.838631807586533551e-01,2.770738749237301457e-01,2.501316412129523381e-01
3.299329518144477613e-01,1.000000000000000000e+00,2.972241404064145387e-01,2.804271204597215128e-01,2.753930908504081398e-01,2.853024397870957407e-01
2.813943108928212977e-01,2.972241404064145387e-01,1.000000000000000000e+00,2.624995896201816614e-01,2.622671554992458964e-01,2.573695797956804254e-01
2.838631807586533551e-01,2.804271204597215128e-01,2.624995896201816614e-01,1.000000000000000000e+00,2.647168766062236167e-01,2.954949375325328087e-01
2.770738749237301457e-01,2.753930908504081398e-01,2.622671554992458964e-01,2.647168766062236167e-01,1.000000000000000000e+00,2.607223191921387850e-01
2.501316412129523381e-01,2.853024397870957407e-01,2.573695797956804254e-01,2.954949375325328087e-01,2.607223191921387850e-01,1.000000000000000000e+00
