1.000000000000000000e+00,3.001515128633938656e-01,2.642836400157083654e-01,2.623143475856424267e-01,2.758523179029235273e-01,2.959868104339742900e-01
3.001515128633938656e-01,1.000000000000000000e+00,2.677364849294671667e-01,2.514849684537933117e-01,2.569571620748438145e-01,2.786328534997044026e-01
2.642836400157083654e-01,2.677364849294671667e-01,1.000000000000000000e+00,2.902972354616204509e-01,2.708997641704097847e-01,2.499449572471338088e-01
2.623143475856424267e-01,2.514849684537933117e-01,2.902972354616204509e-01,1.000000000000000000e+00,4.084455970119853507e-01,3.089008251775369751e-01
2.758523179029235273e-01,2.569571620748438145e-01,2.708997641704097847e-01,4.084455970119853507e-01,1.000000000000000000e+00,3.138633269795766956e-01
2.959868104339742900e-01,2.786328534997044026e-01,2.499449572471338088e-01,3.089008251775369751e-01,3.138633269795766956e-01,1.000000000000000000e+00
