1.000000000000000000e+00,3.766249012861089818e-01,2.556021462229751129e-01,2.735054217313802605e-01,2.566431354834525780e-01,2.627229117944129833e-01
3.766249012861089818e-01,1.000000000000000000e+00,2.760411850575338888e-01,2.656660113480062146e-01,2.661837002444857325e-01,2.673686238255988390e-01
2.556021462229751129e-01,2.760411850575338888e-01,1.000000000000000000e+00,2.998462608674327678e-01,3.103658319022830625e-01,2.656125070333006932e-01
2.735054217313802605e-01,2.656660113480062146e-01,2.998462608674327678e-01,1.000000000000000000e+00,3.069958419081896817e-01,2.682967455892192876e-01
2.566431354834525780e-01,2.661837002444857325e-01,3.103658319022830625e-01,3.069958419081896817e-01,1.000000000000000000e+00,2.901586775181278499e-01
2.627229117944129833e-01,2.673686238255988390e-01,2.656125070333006932e-01,2.682967455892192876e-01,2.901586775181278499e-01,1.000000000000000000e+00
