1.000000000000000000e+00,2.856445080120967872e-01,2.803621153627551821e-01,2.390229984166383492e-01,2.658581618208114006e-01,3.089229186101716818e-01
2.856445080120967872e-01,1.000000000000000000e+00,2.989450590408290198e-01,2.506247778961925854e-01,2.374294916508420394e-01,2.655066762686790205e-01
2.803621153627551821e-01,2.989450590408290198e-01,1.000000000000000000e+00,3.255779855862865890e-01,2.570722961348080315e-01,2.735858577221305099e-01
2.390229984166383492e-01,2.506247778961925854e-01,3.255779855862865890e-01,1.000000000000000000e+00,2.660186086678207329e-01,2.581407094348263653e-01
2.658581618208114006e-01,2.374294916508420394e-01,2.570722961348080315e-01,2.660186086678207329e-01,1.000000000000000000e+00,2.936015414612160868e-01
3.089229186101716818e-01,2.655066762686790205e-01,2.735858577221305099e-01,2.581407094348263653e-01,2.936015414612160868e-01,1.000000000000000000e+00
