1.000000000000000000e+00,2.777448129541894573e-01,2.597958976929936603e-01,2.324809012679542597e-01,2.622709695323861001e-01,2.759811252716973806e-01
2.777448129541894573e-01,1.000000000000000000e+00,2.857725169201836835e-01,2.878720003444183440e-01,3.197540300605966612e-01,3.245040408976334612e-01
2.597958976929936603e-01,2.857725169201836835e-01,1.000000000000000000e+00,2.979099565555745621e-01,2.820788874696975035e-01,2.848819714122771685e-01
2.324809012679542597e-01,2.878720003444183440e-01,2.979099565555745621e-01,1.000000000000000000e+00,3.262803461622610923e-01,3.000343491799131734e-01
2.622709695323861001e-01,3.197540300605966612e-01,2.820788874696975035e-01,3.262803461622610923e-01,1.000000000000000000e+00,3.862341304919353902e-01
2.759811252716973806e-01,3.245040408976334612e-01,2.848819714122771685e-01,3.000343491799131734e-01,3.862341304919353902e-01,1.000000000000000000e+00
