1.000000000000000000e+00,2.579995085240194830e-01,2.592302498625925211e-01,2.659081462024416864e-01,2.439387141552215033e-01,3.006497923078348955e-01
2.579995085240194830e-01,1.000000000000000000e+00,4.899865093708783426e-01,2.838761836461351495e-01,2.578859775893647122e-01,2.958751357110696589e-01
2.592302498625925211e-01,4.899865093708783426e-01,1.000000000000000000e+00,2.905551903228319466e-01,2.639289742456894516e-01,3.206458343879389772e-01
2.659081462024416864e-01,2.838761836461351495e-01,2.905551903228319466e-01,1.000000000000000000e+00,2.905543958348099642e-01,3.008934799584766506e-01
2.439387141552215033e-01,2.578859775893647122e-01,2.639289742456894516e-01,2.905543958348099642e-01,1.000000000000000000e+00,2.458381595195653357e-01
3.006497923078348955e-01,2.958751357110696589e-01,3.206458343879389772e-01,3.008934799584766506e-01,2.458381595195653357e-01,1.000000000000000000e+00
