1.000000000000000000e+00,3.191506529927897184e-01,2.441050424143067776e-01,2.817287399142587856e-01,2.442072946625425400e-01,2.660092856206184853e-01
3.191506529927897184e-01,1.000000000000000000e+00,2.789807421900186712e-01,2.555190841217169773e-01,2.513858436387237938e-01,2.714318161072886704e-01
2.441050424143067776e-01,2.789807421900186712e-01,1.000000000000000000e+00,2.687709792838784972e-01,2.613889634075853841e-01,2.662705144660341139e-01
2.817287399142587856e-01,2.555190841217169773e-01,2.687709792838784972e-01,1.000000000000000000e+00,2.826814921706858885e-01,2.470607503036313934e-01
2.442072946625425400e-01,2.513858436387237938e-01,2.613889634075853841e-01,2.826814921706858885e-01,1.000000000000000000e+00,2.547790767928562183e-01
2.660092856206184853e-01,2.714318161072886704e-01,2.662705144660341139e-01,2.470607503036313934e-01,2.547790767928562183e-01,1.000000000000000000e+00
