1.000000000000000000e+00,3.066023435583347112e-01,2.837220367918498742e-01,2.823029568937565625e-01,2.492403001953356068e-01,2.672733800919648295e-01
3.066023435583347112e-01,1.000000000000000000e+00,3.402269505632362634e-01,2.717216764546271368e-01,2.424795286413299611e-01,2.582068696103439476e-01
2.837220367918498742e-01,3.402269505632362634e-01,1.000000000000000000e+00,2.754685208569652155e-01,2.852717193526685957e-01,2.365465252280679886e-01
2.823029568937565625e-01,2.717216764546271368e-01,2.754685208569652155e-01,1.000000000000000000e+00,3.110137501421951778e-01,2.563823986009212130e-01
2.492403001953356068e-01,2.424795286413299611e-01,2.852717193526685957e-01,3.110137501421951778e-01,1.000000000000000000e+00,2.660376631961093863e-01
2.672733800919648295e-01,2.582068696103439476e-01,2.365465252280679886e-01,2.563823986009212130e-01,2.660376631961093863e-01,1.000000000000000000e+00
