1.000000000000000000e+00,3.230055705422781309e-01,3.194116526965822822e-01,2.835508328889329022e-01,2.583799654316277228e-01,3.168756404997034037e-01
3.230055705422781309e-01,1.000000000000000000e+00,2.796997639960002169e-01,2.570982193998219700e-01,2.615501543714472965e-01,3.078737661011928251e-01
3.194116526965822822e-01,2.796997639960002169e-01,1.000000000000000000e+00,2.940867194907162974e-01,3.264824936884732076e-01,2.832054372153270383e-01
2.835508328889329022e-01,2.570982193998219700e-01,2.940867194907162974e-01,1.000000000000000000e+00,2.750369289218591029e-01,2.895838312595278019e-01
2.583799654316277228e-01,2.615501543714472965e-01,3.264824936884732076e-01,2.750369289218591029e-01,1.000000000000000000e+00,3.266316426761937119e-01
3.168756404997034037e-01,3.078737661011928251e-01,2.832054372153270383e-01,2.895838312595278019e-01,3.266316426761937119e-01,1.000000000000000000e+00
