1.000000000000000000e+00,2.598249374589919891e-01,2.487295304254234785e-01,2.666701932267120934e-01,2.669245487964019836e-01,2.966414501024977057e-01
2.598249374589919891e-01,1.000000000000000000e+00,3.255216810258431126e-01,2.950338541517221747e-01,2.512524891303377639e-01,2.761739219949987389e-01
2.487295304254234785e-01,3.255216810258431126e-01,1.000000000000000000e+00,3.127840435993317070e-01,2.806034435737119748e-01,2.848549956832742702e-01
2.666701932267120934e-01,2.950338541517221747e-01,3.127840435993317070e-01,1.000000000000000000e+00,3.247284694978301300e-01,2.988748388847172754e-01
2.669245487964019836e-01,2.512524891303377639e-01,2.806034435737119748e-01,3.247284694978301300e-01,1.000000000000000000e+00,3.284308120602970615e-01
2.966414501024977057e-01,2.761739219949987389e-01,2.848549956832742702e-01,2.988748388847172754e-01,3.284308120602970615e-01,1.000000000000000000e+00
