1.000000000000000000e+00,2.805411336092398233e-01,2.663091379493149335e-01,2.674684708701124403e-01,2.646265598172583000e-01,2.991674555729776364e-01
2.805411336092398233e-01,1.000000000000000000e+00,3.223046463271531659e-01,2.763112964816410999e-01,2.729322037805433920e-01,2.520639100587461767e-01
2.663091379493149335e-01,3.223046463271531659e-01,1.000000000000000000e+00,3.165712340512987777e-01,2.732942996525861146e-01,3.041229663733261979e-01
2.674684708701124403e-01,2.763112964816410999e-01,3.165712340512987777e-01,1.000000000000000000e+00,3.479881126395272806e-01,2.901214238104394827e-01
2.646265598172583000e-01,2.729322037805433920e-01,2.732942996525861146e-01,3.479881126395272806e-01,1.000000000000000000e+00,2.981562415680925615e-01
2.991674555729776364e-01,2.520639100587461767e-01,3.041229663733261979e-01,2.901214238104394827e-01,2.981562415680925615e-01,1.000000000000000000e+00
