1.000000000000000000e+00,3.512361829974645633e-01,2.634109644122051286e-01,2.577281777799838580e-01,2.756102304256471403e-01,2.801656697308100852e-01
3.512361829974645633e-01,1.000000000000000000e+00,2.702077008448354745e-01,2.535211213299511379e-01,2.896670812724222999e-01,2.621428622671858610e-01
2.634109644122051286e-01,2.702077008448354745e-01,1.000000000000000000e+00,2.606446173846352354e-01,2.696568841562031471e-01,2.551185018004952232e-01
2.577281777799838580e-01,2.535211213299511379e-01,2.606446173846352354e-01,1.000000000000000000e+00,2.734588037741573774e-01,2.950600528758051122e-01
2.756102304256471403e-01,2.896670812724222999e-01,2.696568841562031471e-01,2.734588037741573774e-01,1.000000000000000000e+00,2.903216978028160811e-01
2.801656697308100852e-01,2.621428622671858610e-01,2.551185018004952232e-01,2.950600528758051122e-01,2.903216978028160811e-01,1.000000000000000000e+00
