1.000000000000000000e+00,3.166873755468649909e-01,2.744422012657840582e-01,2.837750808653211054e-01,3.204976859421116986e-01,3.391634867487275939e-01
3.166873755468649909e-01,1.000000000000000000e+00,3.445663080258880018e-01,2.821905958498527323e-01,3.237175088075616158e-01,3.135837089772945951e-01
2.744422012657840582e-01,3.445663080258880018e-01,1.000000000000000000e+00,2.930455358311719882e-01,3.059127560104200061e-01,2.866343189370555433e-01
2.837750808653211054e-01,2.821905958498527323e-01,2.930455358311719882e-01,1.000000000000000000e+00,3.520871835386898963e-01,3.102084492664171078e-01
3.204976859421116986e-01,3.237175088075616158e-01,3.059127560104200061e-01,3.520871835386898963e-01,1.000000000000000000e+00,4.592799447157136505e-01
3.391634867487275939e-01,3.135837089772945951e-01,2.866343189370555433e-01,3.102084492664171078e-01,4.592799447157136505e-01,1.000000000000000000e+00
