1.000000000000000000e+00,7.016732687178500738e-01,3.140842558608094026e-01,3.047221810826415411e-01,3.052565913539888043e-01,3.467068428499353039e-01
7.016732687178500738e-01,1.000000000000000000e+00,3.182807801350641674e-01,2.783483729132019691e-01,3.142244535955711071e-01,3.251892545390556166e-01
3.140842558608094026e-01,3.182807801350641674e-01,1.000000000000000000e+00,3.006619085462701180e-01,3.406913445787823069e-01,2.946689584099750348e-01
3.047221810826415411e-01,2.783483729132019691e-01,3.006619085462701180e-01,1.000000000000000000e+00,2.843667657318649789e-01,2.647622414729740026e-01
3.052565913539888043e-01,3.142244535955711071e-01,3.406913445787823069e-01,2.843667657318649789e-01,1.000000000000000000e+00,2.982170605000033503e-01
3.467068428499353039e-01,3.251892545390556166e-01,2.946689584099750348e-01,2.647622414729740026e-01,2.982170605000033503e-01,1.000000000000000000e+00
