1.000000000000000000e+00,3.022218103743249396e-01,2.535844847886049025e-01,2.784695697700085293e-01,3.075888182367819135e-01,3.044714601639398888e-01
3.022218103743249396e-01,1.000000000000000000e+00,3.880171502670877182e-01,3.020539952384128091e-01,2.771173364879830903e-01,3.139248315990114113e-01
2.535844847886049025e-01,3.880171502670877182e-01,1.000000000000000000e+00,3.446434305896299288e-01,2.823271576845602371e-01,2.984905692222229456e-01
2.784695697700085293e-01,3.020539952384128091e-01,3.446434305896299288e-01,1.000000000000000000e+00,3.639867267784877569e-01,2.738269030607306531e-01
3.075888182367819135e-01,2.771173364879830903e-01,2.823271576845602371e-01,3.639867267784877569e-01,1.000000000000000000e+00,3.218127622657060427e-01
3.044714601639398888e-01,3.139248315990114113e-01,2.984905692222229456e-01,2.738269030607306531e-01,3.218127622657060427e-01,1.000000000000000000e+00
