1.000000000000000000e+00,2.865148738130654515e-01,2.834480778485186092e-01,2.790280579214229895e-01,3.061109282799591713e-01,4.159423735898877261e-01
2.865148738130654515e-01,1.000000000000000000e+00,6.817858239911774865e-01,2.509241327341536487e-01,2.743300419903673126e-01,3.356682968104939824e-01
2.834480778485186092e-01,6.817858239911774865e-01,1.000000000000000000e+00,2.565578778642564894e-01,2.589945141624590552e-01,3.154734041856351312e-01
2.790280579214229895e-01,2.509241327341536487e-01,2.565578778642564894e-01,1.000000000000000000e+00,3.710089972418355586e-01,2.841070103456630469e-01
3.061109282799591713e-01,2.743300419903673126e-01,2.589945141624590552e-01,3.710089972418355586e-01,1.000000000000000000e+00,3.060739190911976881e-01
4.159423735898877261e-01,3.356682968104939824e-01,3.154734041856351312e-01,2.841070103456630469e-01,3.060739190911976881e-01,1.000000000000000000e+00
