1.000000000000000000e+00,7.048407719544274030e-01,2.950558428160716673e-01,2.524066634975320467e-01,2.988614132596817963e-01,3.007810868953926242e-01
7.048407719544274030e-01,1.000000000000000000e+00,2.809972742337908946e-01,2.664682180114383292e-01,3.093079248310378060e-01,2.799496273679430991e-01
2.950558428160716673e-01,2.809972742337908946e-01,1.000000000000000000e+00,2.760377030069228743e-01,3.255934134344959929e-01,3.082059574661973889e-01
2.524066634975320467e-01,2.664682180114383292e-01,2.760377030069228743e-01,1.000000000000000000e+00,2.864055428050735208e-01,2.738284705742454750e-01
2.988614132596817963e-01,3.093079248310378060e-01,3.255934134344959929e-01,2.864055428050735208e-01,1.000000000000000000e+00,2.961664495147560694e-01
3.007810868953926242e-01,2.799496273679430991e-01,3.082059574661973889e-01,2.738284705742454750e-01,2.961664495147560694e-01,1.000000000000000000e+00
