1.000000000000000000e+00,2.454200840933866978e-01,2.716909286654120570e-01,2.739898310463738107e-01,2.994611240711221867e-01,2.876894392568045133e-01
2.454200840933866978e-01,1.000000000000000000e+00,3.043716631712545251e-01,3.096530180844652147e-01,3.142589416684681281e-01,3.059990088434949018e-01
2.716909286654120570e-01,3.043716631712545251e-01,1.000000000000000000e+00,3.225595811081424236e-01,3.559358688884408095e-01,3.473881437004348594e-01
2.739898310463738107e-01,3.096530180844652147e-01,3.225595811081424236e-01,1.000000000000000000e+00,7.336858503610265148e-01,7.132690057891708513e-01
2.994611240711221867e-01,3.142589416684681281e-01,3.559358688884408095e-01,7.336858503610265148e-01,1.000000000000000000e+00,7.506140475793326994e-01
2.876894392568045133e-01,3.059990088434949018e-01,3.473881437004348594e-01,7.132690057891708513e-01,7.506140475793326994e-01,1.000000000000000000e+00
