1.000000000000000000e+00,2.762497973451973343e-01,2.540836046233472811e-01,2.617861769668752836e-01,2.806145572615222350e-01,2.639011044437988285e-01
2.762497973451973343e-01,1.000000000000000000e+00,2.446479644926845554e-01,2.640765136804568702e-01,2.613337572159816768e-01,2.597396929993748271e-01
2.540836046233472811e-01,2.446479644926845554e-01,1.000000000000000000e+00,2.788503020023051504e-01,2.743782890796293561e-01,2.638545565770429868e-01
2.617861769668752836e-01,2.640765136804568702e-01,2.788503020023051504e-01,1.000000000000000000e+00,3.050315513097314746e-01,2.824363796693251105e-01
2.806145572615222350e-01,2.613337572159816768e-01,2.743782890796293561e-01,3.050315513097314746e-01,1.000000000000000000e+00,2.882157614474643581e-01
2.639011044437988285e-01,2.597396929993748271e-01,2.638545565770429868e-01,2.824363796693251105e-01,2.882157614474643581e-01,1.000000000000000000e+00
