1.000000000000000000e+00,3.787448743786465677e-01,3.481279403001154571e-01,2.884592362145835809e-01,2.580765004743699742e-01,2.586145405579647893e-01
3.787448743786465677e-01,1.000000000000000000e+00,3.946578258639997228e-01,2.920048760792970932e-01,2.677303009251189581e-01,2.775118320911890701e-01
3.481279403001154571e-01,3.946578258639997228e-01,1.000000000000000000e+00,3.521259818147415288e-01,2.944825208646292825e-01,2.802988124211337473e-01
2.884592362145835809e-01,2.920048760792970932e-01,3.521259818147415288e-01,1.000000000000000000e+00,2.685808288828067103e-01,2.580873115863489553e-01
2.580765004743699742e-01,2.677303009251189581e-01,2.944825208646292825e-01,2.685808288828067103e-01,1.000000000000000000e+00,3.218495538573723502e-01
2.586145405579647893e-01,2.775118320911890701e-01,2.802988124211337473e-01,2.580873115863489553e-01,3.218495538573723502e-01,1.000000000000000000e+00
