1.000000000000000000e+00,3.112148918978381862e-01,2.611763987901737361e-01,2.545018595129990846e-01,3.169733797011149989e-01,2.995736484927767340e-01
3.112148918978381862e-01,1.000000000000000000e+00,3.076618022334928759e-01,2.880565312263057565e-01,2.597967328202828163e-01,2.738373457275638523e-01
2.611763987901737361e-01,3.076618022334928759e-01,1.000000000000000000e+00,2.926583679636812207e-01,2.738857133834322055e-01,3.032882322238504291e-01
2.545018595129990846e-01,2.880565312263057565e-01,2.926583679636812207e-01,1.000000000000000000e+00,2.677297702330505014e-01,2.398759553742225437e-01
3.169733797011149989e-01,2.597967328202828163e-01,2.738857133834322055e-01,2.677297702330505014e-01,1.000000000000000000e+00,3.302267703263569998e-01
2.995736484927767340e-01,2.738373457275638523e-01,3.032882322238504291e-01,2.398759553742225437e-01,3.302267703263569998e-01,1.000000000000000000e+00
