1.000000000000000000e+00,4.076005937058551076e-01,2.612834988995204610e-01,2.684484156280774747e-01,2.734530987317339012e-01,2.912375693751723671e-01
4.076005937058551076e-01,1.000000000000000000e+00,2.982590377987900387e-01,2.506935720768937448e-01,2.493138456609794995e-01,2.885855671868757244e-01
2.612834988995204610e-01,2.982590377987900387e-01,1.000000000000000000e+00,2.670146578080526134e-01,2.768740475525728884e-01,2.588969554426527320e-01
2.684484156280774747e-01,2.506935720768937448e-01,2.670146578080526134e-01,1.000000000000000000e+00,3.662442954143338980e-01,2.926320250687007296e-01
2.734530987317339012e-01,2.493138456609794995e-01,2.768740475525728884e-01,3.662442954143338980e-01,1.000000000000000000e+00,3.424909833247489765e-01
2.912375693751723671e-01,2.885855671868757244e-01,2.588969554426527320e-01,2.926320250687007296e-01,3.424909833247489765e-01,1.000000000000000000e+00
