1.000000000000000000e+00,5.746694348371824690e-01,2.734967070231447139e-01,2.654302737354745090e-01,2.853472616957781760e-01,2.873224461143795705e-01
5.746694348371824690e-01,1.000000000000000000e+00,2.911183264380111102e-01,2.761999993321624935e-01,3.128032866248430244e-01,3.268434950689654839e-01
2.734967070231447139e-01,2.911183264380111102e-01,1.000000000000000000e+00,2.799661254748320727e-01,2.645991898459199576e-01,2.599177775401622092e-01
2.654302737354745090e-01,2.761999993321624935e-01,2.799661254748320727e-01,1.000000000000000000e+00,2.882390792580258876e-01,2.722922506552067357e-01
2.853472616957781760e-01,3.128032866248430244e-01,2.645991898459199576e-01,2.882390792580258876e-01,1.000000000000000000e+00,6.202071805489420830e-01
2.873224461143795705e-01,3.268434950689654839e-01,2.599177775401622092e-01,2.722922506552067357e-01,6.202071805489420830e-01,1.000000000000000000e+00
