1.000000000000000000e+00,3.776426362245752788e-01,2.846532921743179512e-01,2.876371842286840064e-01,2.940253921502326562e-01,2.850664788737864996e-01
3.776426362245752788e-01,1.000000000000000000e+00,3.661556941415990973e-01,3.091726554191713272e-01,3.182686555080755375e-01,2.860805851091975938e-01
2.846532921743179512e-01,3.661556941415990973e-01,1.000000000000000000e+00,3.221133543580331771e-01,3.089570222670671718e-01,2.520466181585908072e-01
2.876371842286840064e-01,3.091726554191713272e-01,3.221133543580331771e-01,1.000000000000000000e+00,3.184010374547358024e-01,2.766292712901095019e-01
2.940253921502326562e-01,3.182686555080755375e-01,3.089570222670671718e-01,3.184010374547358024e-01,1.000000000000000000e+00,3.702858292402783635e-01
2.850664788737864996e-01,2.860805851091975938e-01,2.520466181585908072e-01,2.766292712901095019e-01,3.702858292402783635e-01,1.000000000000000000e+00
