1.000000000000000000e+00,2.850373249934128328e-01,2.511783424403856158e-01,2.789787446284356931e-01,2.826955835598177758e-01,3.039178000524433987e-01
2.850373249934128328e-01,1.000000000000000000e+00,2.737702444741690333e-01,2.717388430460528359e-01,2.601371883500556703e-01,2.676462308236325360e-01
2.511783424403856158e-01,2.737702444741690333e-01,1.000000000000000000e+00,3.356812814665023903e-01,3.339165805232189865e-01,2.668952855752679820e-01
2.789787446284356931e-01,2.717388430460528359e-01,3.356812814665023903e-01,1.000000000000000000e+00,3.248586133560474876e-01,2.902098201979441683e-01
2.826955835598177758e-01,2.601371883500556703e-01,3.339165805232189865e-01,3.248586133560474876e-01,1.000000000000000000e+00,4.386698834883687170e-01
3.039178000524433987e-01,2.676462308236325360e-01,2.668952855752679820e-01,2.902098201979441683e-01,4.386698834883687170e-01,1.000000000000000000e+00
