1.000000000000000000e+00,3.484552009774254944e-01,2.778987307946013674e-01,2.861388284170735541e-01,2.758019254364116324e-01,3.078027004014050605e-01
3.484552009774254944e-01,1.000000000000000000e+00,3.562306933807019571e-01,2.741109410235974542e-01,2.894632686760141849e-01,2.953411744883902013e-01
2.778987307946013674e-01,3.562306933807019571e-01,1.000000000000000000e+00,2.940942104527960455e-01,2.905878838406185660e-01,3.084150321053680810e-01
2.861388284170735541e-01,2.741109410235974542e-01,2.940942104527960455e-01,1.000000000000000000e+00,3.290827868653487531e-01,3.281605728843023928e-01
2.758019254364116324e-01,2.894632686760141849e-01,2.905878838406185660e-01,3.290827868653487531e-01,1.000000000000000000e+00,3.512397416663567973e-01
3.078027004014050605e-01,2.953411744883902013e-01,3.084150321053680810e-01,3.281605728843023928e-01,3.512397416663567973e-01,1.000000000000000000e+00
