1.000000000000000000e+00,2.647972621478754118e-01,2.871030885864716553e-01,3.110497044937558520e-01,3.060313471928204354e-01,3.203506483561492924e-01
2.647972621478754118e-01,1.000000000000000000e+00,3.121826349490713914e-01,2.498904261417005390e-01,2.746795027431857550e-01,2.819095865443243532e-01
2.871030885864716553e-01,3.121826349490713914e-01,1.000000000000000000e+00,3.081939947699136595e-01,2.797061469197811290e-01,2.740013240112324500e-01
3.110497044937558520e-01,2.498904261417005390e-01,3.081939947699136595e-01,1.000000000000000000e+00,3.622398101517301794e-01,2.778075391258061910e-01
3.060313471928204354e-01,2.746795027431857550e-01,2.797061469197811290e-01,3.622398101517301794e-01,1.000000000000000000e+00,3.071155133278231086e-01
3.203506483561492924e-01,2.819095865443243532e-01,2.740013240112324500e-01,2.778075391258061910e-01,3.071155133278231086e-01,1.000000000000000000e+00
