1.000000000000000000e+00,3.048137623357828896e-01,2.894175905375949154e-01,2.605094247046435552e-01,2.926262659224821427e-01,3.288482420466020684e-01
3.048137623357828896e-01,1.000000000000000000e+00,3.181093872449715643e-01,3.102113611803227200e-01,3.097295360455138979e-01,3.025152579898618410e-01
2.894175905375949154e-01,3.181093872449715643e-01,1.000000000000000000e+00,3.368184965477056814e-01,2.961142755301025553e-01,3.008643718104620501e-01
2.605094247046435552e-01,3.102113611803227200e-01,3.368184965477056814e-01,1.000000000000000000e+00,2.986990147788654570e-01,2.853001264565556139e-01
2.926262659224821427e-01,3.097295360455138979e-01,2.961142755301025553e-01,2.986990147788654570e-01,1.000000000000000000e+00,2.998237558170690487e-01
3.288482420466020684e-01,3.025152579898618410e-01,3.008643718104620501e-01,2.853001264565556139e-01,2.998237558170690487e-01,1.000000000000000000e+00
