1.000000000000000000e+00,3.561806114599567752e-01,3.141942285680690006e-01,3.480902050828811878e-01,3.417078573541424968e-01,3.909202267834028244e-01
3.561806114599567752e-01,1.000000000000000000e+00,4.115102577782079329e-01,3.546710658096201008e-01,3.398227444022363097e-01,3.457209589085397106e-01
3.141942285680690006e-01,4.115102577782079329e-01,1.000000000000000000e+00,3.645548338946185685e-01,3.163651522587095366e-01,3.300244270441191619e-01
3.480902050828811878e-01,3.546710658096201008e-01,3.645548338946185685e-01,1.000000000000000000e+00,3.868796492117503871e-01,3.245180922427250425e-01
3.417078573541424968e-01,3.398227444022363097e-01,3.163651522587095366e-01,3.868796492117503871e-01,1.000000000000000000e+00,4.201433483438604122e-01
3.909202267834028244e-01,3.457209589085397106e-01,3.300244270441191619e-01,3.245180922427250425e-01,4.201433483438604122e-01,1.000000000000000000e+00
