1.000000000000000000e+00,3.201435803540912950e-01,2.846914338748791073e-01,2.792241077583814124e-01,2.931805463935394651e-01,2.799921485722656755e-01
3.201435803540912950e-01,1.000000000000000000e+00,3.429002725226520387e-01,2.740479802175793123e-01,2.870883507757230890e-01,2.728748985998357690e-01
2.846914338748791073e-01,3.429002725226520387e-01,1.000000000000000000e+00,3.092380232428613152e-01,3.236493887107880219e-01,2.585986562963612512e-01
2.792241077583814124e-01,2.740479802175793123e-01,3.092380232428613152e-01,1.000000000000000000e+00,3.666252820622904474e-01,2.714839877605643159e-01
2.931805463935394651e-01,2.870883507757230890e-01,3.236493887107880219e-01,3.666252820622904474e-01,1.000000000000000000e+00,3.428314917438746168e-01
2.799921485722656755e-01,2.728748985998357690e-01,2.585986562963612512e-01,2.714839877605643159e-01,3.428314917438746168e-01,1.000000000000000000e+00
