1.000000000000000000e+00,3.339481480228081445e-01,2.675535673326019936e-01,2.922017383396728341e-01,2.802540814113097523e-01,3.468196251194370361e-01
3.339481480228081445e-01,1.000000000000000000e+00,2.428475664323597183e-01,2.622706184519550399e-01,2.523232213170228944e-01,3.099839133114596912e-01
2.675535673326019936e-01,2.428475664323597183e-01,1.000000000000000000e+00,3.077689686664479285e-01,2.986639855971910396e-01,2.273373488173330292e-01
2.922017383396728341e-01,2.622706184519550399e-01,3.077689686664479285e-01,1.000000000000000000e+00,3.329187471798830678e-01,2.698335941967302531e-01
2.802540814113097523e-01,2.523232213170228944e-01,2.986639855971910396e-01,3.329187471798830678e-01,1.000000000000000000e+00,2.769015805427494370e-01
3.468196251194370361e-01,3.099839133114596912e-01,2.273373488173330292e-01,2.698335941967302531e-01,2.769015805427494370e-01,1.000000000000000000e+00
