1.000000000000000000e+00,3.488214167065850080e-01,3.018210025696357879e-01,3.147528457193515816e-01,3.122989829343060797e-01,3.214356339232242732e-01
3.488214167065850080e-01,1.000000000000000000e+00,3.030049599267834459e-01,3.288048389363016355e-01,3.040885305643754033e-01,2.815424590089063983e-01
3.018210025696357879e-01,3.030049599267834459e-01,1.000000000000000000e+00,3.164048989052298810e-01,3.052185660539039613e-01,2.624894057266966008e-01
3.147528457193515816e-01,3.288048389363016355e-01,3.164048989052298810e-01,1.000000000000000000e+00,7.337431276292895044e-01,3.569936321288949554e-01
3.122989829343060797e-01,3.040885305643754033e-01,3.052185660539039613e-01,7.337431276292895044e-01,1.000000000000000000e+00,3.617520239949468253e-01
3.214356339232242732e-01,2.815424590089063983e-01,2.624894057266966008e-01,3.569936321288949554e-01,3.617520239949468253e-01,1.000000000000000000e+00
