1.000000000000000000e+00,3.486182465848986500e-01,2.790008492255635630e-01,3.142215576721269499e-01,3.202455557004246778e-01,3.286264850550235095e-01
3.486182465848986500e-01,1.000000000000000000e+00,3.022848238080802497e-01,3.075756401733462098e-01,3.116098794548914364e-01,2.895465278889787775e-01
2.790008492255635630e-01,3.022848238080802497e-01,1.000000000000000000e+00,3.118218065535149353e-01,2.828621170839574206e-01,2.676598634005920574e-01
3.142215576721269499e-01,3.075756401733462098e-01,3.118218065535149353e-01,1.000000000000000000e+00,3.679945194738250547e-01,2.905827335208858719e-01
3.202455557004246778e-01,3.116098794548914364e-01,2.828621170839574206e-01,3.679945194738250547e-01,1.000000000000000000e+00,2.796502540653506563e-01
3.286264850550235095e-01,2.895465278889787775e-01,2.676598634005920574e-01,2.905827335208858719e-01,2.796502540653506563e-01,1.000000000000000000e+00
