1.000000000000000000e+00,2.968569358361772825e-01,2.778617953820943232e-01,2.929535565706443134e-01,2.964873807880868406e-01,2.997783783058969864e-01
2.968569358361772825e-01,1.000000000000000000e+00,3.238972653341610219e-01,3.065611701667530498e-01,3.215999525815342319e-01,3.460878354178834049e-01
2.778617953820943232e-01,3.238972653341610219e-01,1.000000000000000000e+00,3.251000468711882641e-01,3.098085857427401724e-01,2.837195847746572519e-01
2.929535565706443134e-01,3.065611701667530498e-01,3.251000468711882641e-01,1.000000000000000000e+00,3.020714802069341398e-01,2.855429901797532088e-01
2.964873807880868406e-01,3.215999525815342319e-01,3.098085857427401724e-01,3.020714802069341398e-01,1.000000000000000000e+00,3.048912033208217021e-01
2.997783783058969864e-01,3.460878354178834049e-01,2.837195847746572519e-01,2.855429901797532088e-01,3.048912033208217021e-01,1.000000000000000000e+00
