1.000000000000000000e+00,4.386153103131374409e-01,2.657766194704708207e-01,2.549346319264756411e-01,2.599750607674850000e-01,2.623227260177661280e-01
4.386153103131374409e-01,1.000000000000000000e+00,3.192035208955115722e-01,2.573566488573517108e-01,2.745423192765545362e-01,2.682789959769159016e-01
2.657766194704708207e-01,3.192035208955115722e-01,1.000000000000000000e+00,2.809442313446237627e-01,2.741831441758416088e-01,2.700095558420158581e-01
2.549346319264756411e-01,2.573566488573517108e-01,2.809442313446237627e-01,1.000000000000000000e+00,2.596619754437763938e-01,2.363697326745445026e-01
2.599750607674850000e-01,2.745423192765545362e-01,2.741831441758416088e-01,2.596619754437763938e-01,1.000000000000000000e+00,2.800030137756250870e-01
2.623227260177661280e-01,2.682789959769159016e-01,2.700095558420158581e-01,2.363697326745445026e-01,2.800030137756250870e-01,1.000000000000000000e+00
