1.000000000000000000e+00,2.700699841987764249e-01,2.527075865617798844e-01,2.432640275320024081e-01,2.715316225458238031e-01,2.798455878302399946e-01
2.700699841987764249e-01,1.000000000000000000e+00,2.664687333600475605e-01,2.734233381043043587e-01,2.816322887552956122e-01,2.970746906060499626e-01
2.527075865617798844e-01,2.664687333600475605e-01,1.000000000000000000e+00,3.657507777332375531e-01,2.778962413916505336e-01,2.723743463353777705e-01
2.432640275320024081e-01,2.734233381043043587e-01,3.657507777332375531e-01,1.000000000000000000e+00,3.092173492597481976e-01,2.804689350563175920e-01
2.715316225458238031e-01,2.816322887552956122e-01,2.778962413916505336e-01,3.092173492597481976e-01,1.000000000000000000e+00,3.199171309021434650e-01
2.798455878302399946e-01,2.970746906060499626e-01,2.723743463353777705e-01,2.804689350563175920e-01,3.199171309021434650e-01,1.000000000000000000e+00
