1.000000000000000000e+00,4.720487985494759564e-01,3.294929776394616705e-01,2.777304227643710988e-01,2.696555189804753505e-01,3.134941938455330646e-01
4.720487985494759564e-01,1.000000000000000000e+00,3.622406412197425318e-01,2.504239698539119652e-01,2.764487468608250453e-01,2.948962453376243187e-01
3.294929776394616705e-01,3.622406412197425318e-01,1.000000000000000000e+00,2.699798582275420022e-01,2.782346514511848112e-01,2.755298746926363451e-01
2.777304227643710988e-01,2.504239698539119652e-01,2.699798582275420022e-01,1.000000000000000000e+00,2.947684488318833562e-01,2.382343286533478155e-01
2.696555189804753505e-01,2.764487468608250453e-01,2.782346514511848112e-01,2.947684488318833562e-01,1.000000000000000000e+00,2.908624255569615125e-01
3.134941938455330646e-01,2.948962453376243187e-01,2.755298746926363451e-01,2.382343286533478155e-01,2.908624255569615125e-01,1.000000000000000000e+00
