1.000000000000000000e+00,2.993117449281949560e-01,2.841778563107815181e-01,2.498051707205198591e-01,2.965764537673534762e-01,2.876874208661723276e-01
2.993117449281949560e-01,1.000000000000000000e+00,3.188553709828648164e-01,2.958822230994385127e-01,2.518115875814033733e-01,2.841436573609444904e-01
2.841778563107815181e-01,3.188553709828648164e-01,1.000000000000000000e+00,3.233652048955622527e-01,2.999537967951138584e-01,3.154978117345396682e-01
2.498051707205198591e-01,2.958822230994385127e-01,3.233652048955622527e-01,1.000000000000000000e+00,2.998905473556884305e-01,2.991441038628901983e-01
2.965764537673534762e-01,2.518115875814033733e-01,2.999537967951138584e-01,2.998905473556884305e-01,1.000000000000000000e+00,3.690830949089944912e-01
2.876874208661723276e-01,2.841436573609444904e-01,3.154978117345396682e-01,2.991441038628901983e-01,3.690830949089944912e-01,1.000000000000000000e+00
