1.000000000000000000e+00,3.658420551579535385e-01,3.021386724871309437e-01,3.127499430444704021e-01,3.237304764729964091e-01,3.318755497716441294e-01
3.658420551579535385e-01,1.000000000000000000e+00,4.129603730625803215e-01,3.117727963831256610e-01,2.967740370024237184e-01,2.615083787671599880e-01
3.021386724871309437e-01,4.129603730625803215e-01,1.000000000000000000e+00,3.327992828135183934e-01,3.230158901442413688e-01,2.697055248081652867e-01
3.127499430444704021e-01,3.117727963831256610e-01,3.327992828135183934e-01,1.000000000000000000e+00,7.026355188437592991e-01,3.375931391423542816e-01
3.237304764729964091e-01,2.967740370024237184e-01,3.230158901442413688e-01,7.026355188437592991e-01,1.000000000000000000e+00,3.315649757416736509e-01
3.318755497716441294e-01,2.615083787671599880e-01,2.697055248081652867e-01,3.375931391423542816e-01,3.315649757416736509e-01,1.000000000000000000e+00
