1.000000000000000000e+00,4.377801519060750546e-01,2.787109887120394203e-01,2.533110339699421454e-01,2.954879694100049359e-01,2.551792925879609597e-01
4.377801519060750546e-01,1.000000000000000000e+00,3.177429667262418600e-01,2.688409284896567386e-01,2.743313584893469215e-01,2.709464266302152868e-01
2.787109887120394203e-01,3.177429667262418600e-01,1.000000000000000000e+00,3.081110950311212737e-01,2.531338978735357403e-01,2.719427963690816408e-01
2.533110339699421454e-01,2.688409284896567386e-01,3.081110950311212737e-01,1.000000000000000000e+00,2.638992032536134902e-01,2.772268026725034362e-01
2.954879694100049359e-01,2.743313584893469215e-01,2.531338978735357403e-01,2.638992032536134902e-01,1.000000000000000000e+00,3.100510894985684662e-01
2.551792925879609597e-01,2.709464266302152868e-01,2.719427963690816408e-01,2.772268026725034362e-01,3.100510894985684662e-01,1.000000000000000000e+00
