1.000000000000000000e+00,4.581914174043803523e-01,4.351985517614643251e-01,4.067355954604299773e-01,3.978192719063121108e-01,4.258607896933216952e-01
4.581914174043803523e-01,1.000000000000000000e+00,4.351542541723782964e-01,4.495652453086030342e-01,4.008764222018536549e-01,4.044092901066846379e-01
4.351985517614643251e-01,4.351542541723782964e-01,1.000000000000000000e+00,4.966216332382433762e-01,4.326744192423080393e-01,4.316451835493211875e-01
4.067355954604299773e-01,4.495652453086030342e-01,4.966216332382433762e-01,1.000000000000000000e+00,4.209061421769977329e-01,4.010833917578415786e-01
3.978192719063121108e-01,4.008764222018536549e-01,4.326744192423080393e-01,4.209061421769977329e-01,1.000000000000000000e+00,4.115810657999897093e-01
4.258607896933216952e-01,4.044092901066846379e-01,4.316451835493211875e-01,4.010833917578415786e-01,4.115810657999897093e-01,1.000000000000000000e+00
