1.000000000000000000e+00,6.322943211385809725e-01,1.211519118094297881e-01,2.597045973689793633e-02,1.694891762772253452e-01,5.055524502659861641e-01
6.322943211385809725e-01,1.000000000000000000e+00,3.854294017572725273e-01,1.749306600772921882e-01,2.340374587807222129e-01,4.588033659712784651e-01
1.211519118094297881e-01,3.854294017572725273e-01,1.000000000000000000e+00,4.165288790165880273e-01,3.910591474487963293e-01,2.575996635589975492e-01
2.597045973689793633e-02,1.749306600772921882e-01,4.165288790165880273e-01,1.000000000000000000e+00,2.212394486125744963e-01,1.733271206415999341e-02
1.694891762772253452e-01,2.340374587807222129e-01,3.910591474487963293e-01,2.212394486125744963e-01,1.000000000000000000e+00,3.867787560656694157e-01
5.055524502659861641e-01,4.588033659712784651e-01,2.575996635589975492e-01,1.733271206415999341e-02,3.867787560656694157e-01,1.000000000000000000e+00
