1.000000000000000000e+00,7.197812975075547071e-01,3.570292504217272289e-01,1.078397444699291524e-01,6.104189441341064670e-01,6.861007537504182352e-01
7.197812975075547071e-01,1.000000000000000000e+00,7.426909227421236714e-01,2.812174386936591719e-01,6.829604176429667772e-01,6.522556504793807219e-01
3.570292504217272289e-01,7.426909227421236714e-01,1.000000000000000000e+00,3.934579045429367761e-01,6.114343509680203459e-01,4.874559684985533825e-01
1.078397444699291524e-01,2.812174386936591719e-01,3.934579045429367761e-01,1.000000000000000000e+00,8.849608331934655236e-02,4.178753564661769754e-02
6.104189441341064670e-01,6.829604176429667772e-01,6.114343509680203459e-01,8.849608331934655236e-02,1.000000000000000000e+00,8.834016300574655256e-01
6.861007537504182352e-01,6.522556504793807219e-01,4.874559684985533825e-01,4.178753564661769754e-02,8.834016300574655256e-01,1.000000000000000000e+00
