1.000000000000000000e+00,8.028830415436701839e-01,5.918766226821955412e-01,7.598910745867496486e-01,8.359400021589290519e-01,8.364886302194526335e-01
8.028830415436701839e-01,1.000000000000000000e+00,8.455394569844791874e-01,8.461984726664949497e-01,7.370912753008256324e-01,7.362288694693287505e-01
5.918766226821955412e-01,8.455394569844791874e-01,1.000000000000000000e+00,9.003521001722935013e-01,7.211078634769534368e-01,7.195087476958420547e-01
7.598910745867496486e-01,8.461984726664949497e-01,9.003521001722935013e-01,1.000000000000000000e+00,8.551417063211208536e-01,8.539924731622967613e-01
8.359400021589290519e-01,7.370912753008256324e-01,7.211078634769534368e-01,8.551417063211208536e-01,1.000000000000000000e+00,9.992342379987261269e-01
8.364886302194526335e-01,7.362288694693287505e-01,7.195087476958420547e-01,8.539924731622967613e-01,9.992342379987261269e-01,1.000000000000000000e+00
