1.000000000000000000e+00,8.477506023705710936e-01,6.007607256277142094e-01,7.536425414434083647e-01,8.166005688502503412e-01,9.066575545425568095e-01
8.477506023705710936e-01,1.000000000000000000e+00,8.414965173625749140e-01,7.558710323918661489e-01,6.912176307148532040e-01,7.957800554074657695e-01
6.007607256277142094e-01,8.414965173625749140e-01,1.000000000000000000e+00,7.539133625643060777e-01,5.930777331258439977e-01,6.230670257809654000e-01
7.536425414434083647e-01,7.558710323918661489e-01,7.539133625643060777e-01,1.000000000000000000e+00,8.387035006537720827e-01,7.268203100261185767e-01
8.166005688502503412e-01,6.912176307148532040e-01,5.930777331258439977e-01,8.387035006537720827e-01,1.000000000000000000e+00,8.552167061738221721e-01
9.066575545425568095e-01,7.957800554074657695e-01,6.230670257809654000e-01,7.268203100261185767e-01,8.552167061738221721e-01,1.000000000000000000e+00
