1.000000000000000000e+00,8.688156074809508800e-01,1.587592490744752782e-01,1.051094281914310008e-01,2.089297920565990341e-01,4.222623212412435212e-01
8.688156074809508800e-01,1.000000000000000000e+00,3.437981465826698280e-01,1.401173789660429547e-01,2.156293514751501383e-01,3.262387345142964690e-01
1.587592490744752782e-01,3.437981465826698280e-01,1.000000000000000000e+00,3.418327837648026946e-01,3.061290467133418458e-01,8.718203947279873356e-02
1.051094281914310008e-01,1.401173789660429547e-01,3.418327837648026946e-01,1.000000000000000000e+00,4.751682845516292386e-01,5.396003593034246620e-02
2.089297920565990341e-01,2.156293514751501383e-01,3.061290467133418458e-01,4.751682845516292386e-01,1.000000000000000000e+00,2.817844652682980899e-01
4.222623212412435212e-01,3.262387345142964690e-01,8.718203947279873356e-02,5.396003593034246620e-02,2.817844652682980899e-01,1.000000000000000000e+00
