1.000000000000000000e+00,7.006188775630125543e-01,2.558497472322772137e-01,3.890952629748352098e-01,5.801970915841159204e-01,7.857624029147428635e-01
7.006188775630125543e-01,1.000000000000000000e+00,6.245929572522909146e-01,5.025180485925319074e-01,4.187333565394382173e-01,5.801844514871997704e-01
2.558497472322772137e-01,6.245929572522909146e-01,1.000000000000000000e+00,5.890274508783555074e-01,3.156439660647157308e-01,3.106394819413909048e-01
3.890952629748352098e-01,5.025180485925319074e-01,5.890274508783555074e-01,1.000000000000000000e+00,5.967358653400135493e-01,2.806528665830003710e-01
5.801970915841159204e-01,4.187333565394382173e-01,3.156439660647157308e-01,5.967358653400135493e-01,1.000000000000000000e+00,5.076412633377312966e-01
7.857624029147428635e-01,5.801844514871997704e-01,3.106394819413909048e-01,2.806528665830003710e-01,5.076412633377312966e-01,1.000000000000000000e+00
