1.000000000000000000e+00,4.623561108313243434e-02,1.319223102449261498e-01,3.660751951553101180e-01,5.654836493150597887e-01,7.209651197427485725e-01
4.623561108313243434e-02,1.000000000000000000e+00,6.444557968609045950e-01,2.151232657281523242e-01,1.251338336091561421e-01,2.450751414108764958e-01
1.319223102449261498e-01,6.444557968609045950e-01,1.000000000000000000e+00,8.935278786872692669e-02,3.490381135558556086e-02,6.100497583835048920e-02
3.660751951553101180e-01,2.151232657281523242e-01,8.935278786872692669e-02,1.000000000000000000e+00,4.800993763465192798e-01,5.145018321970894482e-01
5.654836493150597887e-01,1.251338336091561421e-01,3.490381135558556086e-02,4.800993763465192798e-01,1.000000000000000000e+00,7.060689312212128366e-01
7.209651197427485725e-01,2.450751414108764958e-01,6.100497583835048920e-02,5.145018321970894482e-01,7.060689312212128366e-01,1.000000000000000000e+00
