1.000000000000000000e+00,5.751262906055233382e-01,1.820764802044764208e-01,1.926992099169407002e-01,3.096499032159565901e-01,4.620292355123645778e-01
5.751262906055233382e-01,1.000000000000000000e+00,4.711645959952133755e-01,3.187791364758083001e-01,2.652845740588549162e-01,3.135950663271271366e-01
1.820764802044764208e-01,4.711645959952133755e-01,1.000000000000000000e+00,4.578894335247986613e-01,2.342721499860346557e-01,1.835917955099584109e-01
1.926992099169407002e-01,3.187791364758083001e-01,4.578894335247986613e-01,1.000000000000000000e+00,4.774346024684417156e-01,2.312539023700496132e-01
3.096499032159565901e-01,2.652845740588549162e-01,2.342721499860346557e-01,4.774346024684417156e-01,1.000000000000000000e+00,7.169335846030763237e-01
4.620292355123645778e-01,3.135950663271271366e-01,1.835917955099584109e-01,2.312539023700496132e-01,7.169335846030763237e-01,1.000000000000000000e+00
