1.000000000000000000e+00,3.377521077500670876e-01,5.725561457491932377e-02,1.025331604212231795e-01,3.080304467604647045e-01,5.038144965893680549e-01
3.377521077500670876e-01,1.000000000000000000e+00,5.269637915095565228e-01,3.391356396137175655e-01,2.208305938863804052e-01,4.592498027423437823e-01
5.725561457491932377e-02,5.269637915095565228e-01,1.000000000000000000e+00,5.031628509639821667e-01,2.641438094875287468e-01,2.521012490157326646e-01
1.025331604212231795e-01,3.391356396137175655e-01,5.031628509639821667e-01,1.000000000000000000e+00,4.495630579471807664e-01,6.292465131492148978e-02
3.080304467604647045e-01,2.208305938863804052e-01,2.641438094875287468e-01,4.495630579471807664e-01,1.000000000000000000e+00,1.876987490460426400e-01
5.038144965893680549e-01,4.592498027423437823e-01,2.521012490157326646e-01,6.292465131492148978e-02,1.876987490460426400e-01,1.000000000000000000e+00
