1.000000000000000000e+00,7.909675728162183228e-01,4.290488330322561050e-01,1.269170501327691880e-01,3.143687147780785396e-01,5.041607231263521838e-01
7.909675728162183228e-01,1.000000000000000000e+00,6.758114199778781916e-01,2.445201616320863136e-01,2.540309552101983059e-01,4.585033240354860484e-01
4.290488330322561050e-01,6.758114199778781916e-01,1.000000000000000000e+00,4.600097622096584460e-01,1.840693079883611583e-01,2.943234777292118576e-01
1.269170501327691880e-01,2.445201616320863136e-01,4.600097622096584460e-01,1.000000000000000000e+00,3.178803800821141112e-01,9.552670278604991072e-02
3.143687147780785396e-01,2.540309552101983059e-01,1.840693079883611583e-01,3.178803800821141112e-01,1.000000000000000000e+00,4.366804425532113121e-01
5.041607231263521838e-01,4.585033240354860484e-01,2.943234777292118576e-01,9.552670278604991072e-02,4.366804425532113121e-01,1.000000000000000000e+00
