1.000000000000000000e+00,3.633803630254631156e-01,3.342551206143745124e-01,5.949126440375354097e-01,5.970865810045592470e-01,5.846497859188638513e-01
3.633803630254631156e-01,1.000000000000000000e+00,4.974412807559405181e-01,6.161617468306458401e-01,6.146727077870364209e-01,3.337791569614494969e-01
3.342551206143745124e-01,4.974412807559405181e-01,1.000000000000000000e+00,6.769406660892293148e-01,6.742515813291724003e-01,2.663539203001671907e-01
5.949126440375354097e-01,6.161617468306458401e-01,6.769406660892293148e-01,1.000000000000000000e+00,9.980966514008602353e-01,5.209746593974914353e-01
5.970865810045592470e-01,6.146727077870364209e-01,6.742515813291724003e-01,9.980966514008602353e-01,1.000000000000000000e+00,5.306850815582889735e-01
5.846497859188638513e-01,3.337791569614494969e-01,2.663539203001671907e-01,5.209746593974914353e-01,5.306850815582889735e-01,1.000000000000000000e+00
