1.000000000000000000e+00,6.671273166568513213e-01,4.165241797418870601e-02,3.143585300234347790e-01,4.661982606673082397e-01,6.795953916056437505e-01
6.671273166568513213e-01,1.000000000000000000e+00,3.258077248895713263e-01,6.181216233002756466e-01,6.774422775765196469e-01,8.049673877791833077e-01
4.165241797418870601e-02,3.258077248895713263e-01,1.000000000000000000e+00,5.316025096592772448e-01,2.996843776172817830e-01,2.779249498670838814e-01
3.143585300234347790e-01,6.181216233002756466e-01,5.316025096592772448e-01,1.000000000000000000e+00,7.765771217726830100e-01,6.782448553433629845e-01
4.661982606673082397e-01,6.774422775765196469e-01,2.996843776172817830e-01,7.765771217726830100e-01,1.000000000000000000e+00,7.994557348453420476e-01
6.795953916056437505e-01,8.049673877791833077e-01,2.779249498670838814e-01,6.782448553433629845e-01,7.994557348453420476e-01,1.000000000000000000e+00
