1.000000000000000000e+00,3.955863107756316666e-01,1.368184665383615217e-01,3.800638055902427759e-01,5.252426896674585732e-01,6.688985429017164641e-01
3.955863107756316666e-01,1.000000000000000000e+00,7.836775549526592277e-01,7.308949282305344797e-01,6.538739438502828571e-01,6.955182337520717795e-01
1.368184665383615217e-01,7.836775549526592277e-01,1.000000000000000000e+00,7.466701371573409851e-01,5.711376390263400715e-01,5.091343248057355053e-01
3.800638055902427759e-01,7.308949282305344797e-01,7.466701371573409851e-01,1.000000000000000000e+00,8.656492449561120628e-01,7.253211888897475035e-01
5.252426896674585732e-01,6.538739438502828571e-01,5.711376390263400715e-01,8.656492449561120628e-01,1.000000000000000000e+00,8.341262104625299934e-01
6.688985429017164641e-01,6.955182337520717795e-01,5.091343248057355053e-01,7.253211888897475035e-01,8.341262104625299934e-01,1.000000000000000000e+00
