1.000000000000000000e+00,7.773066432939527148e-01,1.844616749267308509e-01,3.161095615012966542e-01,2.411387016042762788e-01,6.583480503739641554e-01
7.773066432939527148e-01,1.000000000000000000e+00,4.309936487347303391e-01,4.457989210057247687e-01,2.381168866882159563e-01,5.765536668632805783e-01
1.844616749267308509e-01,4.309936487347303391e-01,1.000000000000000000e+00,5.884160592096688847e-01,3.166873795178849482e-01,2.957697416144748903e-01
3.161095615012966542e-01,4.457989210057247687e-01,5.884160592096688847e-01,1.000000000000000000e+00,5.808900616562380215e-01,3.576115649426236387e-01
2.411387016042762788e-01,2.381168866882159563e-01,3.166873795178849482e-01,5.808900616562380215e-01,1.000000000000000000e+00,3.784188208007353560e-01
6.583480503739641554e-01,5.765536668632805783e-01,2.957697416144748903e-01,3.576115649426236387e-01,3.784188208007353560e-01,1.000000000000000000e+00
