1.000000000000000000e+00,1.801052961159279597e-01,6.229642718889161906e-02,7.164286333154834541e-02,2.212724713316568670e-01,3.222173994582923084e-01
1.801052961159279597e-01,1.000000000000000000e+00,5.546047224997238123e-01,3.844376413169899309e-01,4.765526901083402822e-01,5.044324186855108083e-01
6.229642718889161906e-02,5.546047224997238123e-01,1.000000000000000000e+00,5.988792607914286137e-01,5.167788451733615895e-01,3.771759574144792349e-01
7.164286333154834541e-02,3.844376413169899309e-01,5.988792607914286137e-01,1.000000000000000000e+00,7.779142556928063668e-01,3.236227659503217446e-01
2.212724713316568670e-01,4.765526901083402822e-01,5.167788451733615895e-01,7.779142556928063668e-01,1.000000000000000000e+00,6.197750466116228596e-01
3.222173994582923084e-01,5.044324186855108083e-01,3.771759574144792349e-01,3.236227659503217446e-01,6.197750466116228596e-01,1.000000000000000000e+00
