1.000000000000000000e+00,5.804515660903697416e-01,2.844308343813888862e-01,2.703169489377827417e-01,4.970710197946238140e-01,5.070091073163871531e-01
5.804515660903697416e-01,1.000000000000000000e+00,6.109979551941354670e-01,4.155694703757117359e-01,5.615572597396792931e-01,5.654367674506641794e-01
2.844308343813888862e-01,6.109979551941354670e-01,1.000000000000000000e+00,4.492996360000733325e-01,4.517425088048088178e-01,4.483999530066684613e-01
2.703169489377827417e-01,4.155694703757117359e-01,4.492996360000733325e-01,1.000000000000000000e+00,6.137323014550724043e-01,5.911831725475795718e-01
4.970710197946238140e-01,5.615572597396792931e-01,4.517425088048088178e-01,6.137323014550724043e-01,1.000000000000000000e+00,9.964166706422249442e-01
5.070091073163871531e-01,5.654367674506641794e-01,4.483999530066684613e-01,5.911831725475795718e-01,9.964166706422249442e-01,1.000000000000000000e+00
