1.000000000000000000e+00,7.555307187055365636e-01,2.862055518153692746e-01,2.004484025841578865e-01,5.153206210388673325e-01,5.260428973945759923e-01
7.555307187055365636e-01,1.000000000000000000e+00,6.001337382288821631e-01,3.641798765016591166e-01,4.248833746845638859e-01,4.345224356747152683e-01
2.862055518153692746e-01,6.001337382288821631e-01,1.000000000000000000e+00,5.512904347259399707e-01,3.396687761161348296e-01,3.317660202541712899e-01
2.004484025841578865e-01,3.641798765016591166e-01,5.512904347259399707e-01,1.000000000000000000e+00,1.897897704921245321e-01,1.734605239131440657e-01
5.153206210388673325e-01,4.248833746845638859e-01,3.396687761161348296e-01,1.897897704921245321e-01,1.000000000000000000e+00,9.914128701822836343e-01
5.260428973945759923e-01,4.345224356747152683e-01,3.317660202541712899e-01,1.734605239131440657e-01,9.914128701822836343e-01,1.000000000000000000e+00
