1.000000000000000000e+00,2.989408711549703113e-01,1.067144114017758438e-01,9.268295955757781257e-02,2.579056196658394140e-01,4.796304773620674311e-01
2.989408711549703113e-01,1.000000000000000000e+00,8.710316620445864855e-01,3.834455017395020371e-01,2.955796078583564634e-01,3.680880385947004618e-01
1.067144114017758438e-01,8.710316620445864855e-01,1.000000000000000000e+00,4.650408688923571288e-01,2.789894133380843577e-01,2.657461879423978490e-01
9.268295955757781257e-02,3.834455017395020371e-01,4.650408688923571288e-01,1.000000000000000000e+00,4.170838492165558908e-01,2.041386363224820533e-01
2.579056196658394140e-01,2.955796078583564634e-01,2.789894133380843577e-01,4.170838492165558908e-01,1.000000000000000000e+00,6.223135695509142140e-01
4.796304773620674311e-01,3.680880385947004618e-01,2.657461879423978490e-01,2.041386363224820533e-01,6.223135695509142140e-01,1.000000000000000000e+00
