1.000000000000000000e+00,5.865472838844724146e-01,5.700787785498548921e-01,2.028128515525351450e-01,3.092867199567220782e-01,5.236109428817391498e-01
5.865472838844724146e-01,1.000000000000000000e+00,9.933151817469331180e-01,3.624680965934687360e-01,2.372497408350070780e-01,2.087468646747887846e-01
5.700787785498548921e-01,9.933151817469331180e-01,1.000000000000000000e+00,3.648275361381783100e-01,2.443216229437901454e-01,2.096494803402619567e-01
2.028128515525351450e-01,3.624680965934687360e-01,3.648275361381783100e-01,1.000000000000000000e+00,8.689121272720150280e-02,2.439728613395937898e-02
3.092867199567220782e-01,2.372497408350070780e-01,2.443216229437901454e-01,8.689121272720150280e-02,1.000000000000000000e+00,5.827484211578496387e-01
5.236109428817391498e-01,2.087468646747887846e-01,2.096494803402619567e-01,2.439728613395937898e-02,5.827484211578496387e-01,1.000000000000000000e+00
