1.000000000000000000e+00,7.775756492979460921e-01,4.022516288926904493e-01,1.349032736315170511e-01,2.320539933697065849e-01,4.295424485786096258e-01
7.775756492979460921e-01,1.000000000000000000e+00,7.047771297448882644e-01,2.036322084492331319e-01,1.767103538260003104e-01,3.460874490705934670e-01
4.022516288926904493e-01,7.047771297448882644e-01,1.000000000000000000e+00,3.484729502515153121e-01,1.664546700820732361e-01,2.333486883276646440e-01
1.349032736315170511e-01,2.036322084492331319e-01,3.484729502515153121e-01,1.000000000000000000e+00,3.877560129928811494e-01,1.261457073076281132e-01
2.320539933697065849e-01,1.767103538260003104e-01,1.664546700820732361e-01,3.877560129928811494e-01,1.000000000000000000e+00,4.465543828284701533e-01
4.295424485786096258e-01,3.460874490705934670e-01,2.333486883276646440e-01,1.261457073076281132e-01,4.465543828284701533e-01,1.000000000000000000e+00
