1.000000000000000000e+00,5.486740512395019698e-01,8.969873462141929321e-02,2.934426191680651608e-02,1.309590538336397603e-01,4.870142535003943451e-01
5.486740512395019698e-01,1.000000000000000000e+00,6.009792931244822833e-01,3.765430965321992507e-01,1.970562891355824575e-01,4.973539933368860133e-01
8.969873462141929321e-02,6.009792931244822833e-01,1.000000000000000000e+00,7.585245735140838663e-01,2.754299344482148970e-01,3.281062090574442536e-01
2.934426191680651608e-02,3.765430965321992507e-01,7.585245735140838663e-01,1.000000000000000000e+00,2.209758152404909526e-01,8.524831697513514384e-02
1.309590538336397603e-01,1.970562891355824575e-01,2.754299344482148970e-01,2.209758152404909526e-01,1.000000000000000000e+00,4.179020243137862578e-01
4.870142535003943451e-01,4.973539933368860133e-01,3.281062090574442536e-01,8.524831697513514384e-02,4.179020243137862578e-01,1.000000000000000000e+00
