1.000000000000000000e+00,7.700323827965469548e-01,4.231475300920210514e-01,4.151380859069520035e-01,4.103824141077827004e-01,7.450129546919789236e-01
7.700323827965469548e-01,1.000000000000000000e+00,7.669726037430004695e-01,7.085981469180947512e-01,6.840157374996738149e-01,7.267588077186778461e-01
4.231475300920210514e-01,7.669726037430004695e-01,1.000000000000000000e+00,7.556466124659498851e-01,6.884973813695024480e-01,5.595799058170887186e-01
4.151380859069520035e-01,7.085981469180947512e-01,7.556466124659498851e-01,1.000000000000000000e+00,6.604583778390563653e-01,4.678877024908356663e-01
4.103824141077827004e-01,6.840157374996738149e-01,6.884973813695024480e-01,6.604583778390563653e-01,1.000000000000000000e+00,5.909174663496672419e-01
7.450129546919789236e-01,7.267588077186778461e-01,5.595799058170887186e-01,4.678877024908356663e-01,5.909174663496672419e-01,1.000000000000000000e+00
