1.000000000000000000e+00,7.875314957072010458e-01,2.181228134413235320e-01,3.114292913044432454e-01,2.779697557243519523e-01,4.679902989486338094e-01
7.875314957072010458e-01,1.000000000000000000e+00,5.827980197545153951e-01,4.833330220607456318e-01,2.545120906577468811e-01,3.053512743627008752e-01
2.181228134413235320e-01,5.827980197545153951e-01,1.000000000000000000e+00,5.783845171186424716e-01,2.002563477140927584e-01,1.019835710308635152e-01
3.114292913044432454e-01,4.833330220607456318e-01,5.783845171186424716e-01,1.000000000000000000e+00,4.849891207646365721e-01,2.708460782812880385e-01
2.779697557243519523e-01,2.545120906577468811e-01,2.002563477140927584e-01,4.849891207646365721e-01,1.000000000000000000e+00,7.090133413100159210e-01
4.679902989486338094e-01,3.053512743627008752e-01,1.019835710308635152e-01,2.708460782812880385e-01,7.090133413100159210e-01,1.000000000000000000e+00
