1.000000000000000000e+00,4.412211664327259086e-02,4.280623129859151971e-02,4.930081023473451701e-02,1.547256215955682690e-01,2.664540566955963530e-01
4.412211664327259086e-02,1.000000000000000000e+00,6.532186900316446776e-01,3.316624866936268567e-01,2.601321847128143516e-01,3.176208655152077953e-01
4.280623129859151971e-02,6.532186900316446776e-01,1.000000000000000000e+00,4.919766479319942487e-01,3.116543993202969820e-01,2.612402209554746113e-01
4.930081023473451701e-02,3.316624866936268567e-01,4.919766479319942487e-01,1.000000000000000000e+00,6.551319809888787038e-01,3.803921838401984612e-01
1.547256215955682690e-01,2.601321847128143516e-01,3.116543993202969820e-01,6.551319809888787038e-01,1.000000000000000000e+00,7.145636548090701368e-01
2.664540566955963530e-01,3.176208655152077953e-01,2.612402209554746113e-01,3.803921838401984612e-01,7.145636548090701368e-01,1.000000000000000000e+00
