1.000000000000000000e+00,4.413972037961868544e-01,4.042844237693971055e-02,2.688114545622806162e-01,3.226503411559581980e-01,4.877681507410651651e-01
4.413972037961868544e-01,1.000000000000000000e+00,2.650587445466133230e-01,3.542890063506622944e-01,2.526967695143594317e-01,3.964477742009132055e-01
4.042844237693971055e-02,2.650587445466133230e-01,1.000000000000000000e+00,4.785685587651107853e-01,3.830960862206791995e-01,2.941465590880465997e-01
2.688114545622806162e-01,3.542890063506622944e-01,4.785685587651107853e-01,1.000000000000000000e+00,6.470298993618571748e-01,3.149635772621298679e-01
3.226503411559581980e-01,2.526967695143594317e-01,3.830960862206791995e-01,6.470298993618571748e-01,1.000000000000000000e+00,4.932488633716174964e-01
4.877681507410651651e-01,3.964477742009132055e-01,2.941465590880465997e-01,3.149635772621298679e-01,4.932488633716174964e-01,1.000000000000000000e+00
