1.000000000000000000e+00,9.860601437361679045e-01,8.454074174751630144e-02,2.774594803842437840e-01,5.021387374134812509e-01,6.077183168522657386e-01
9.860601437361679045e-01,1.000000000000000000e+00,1.024323875274441575e-01,2.916611831002559052e-01,4.860572182199232594e-01,5.915367641581400493e-01
8.454074174751630144e-02,1.024323875274441575e-01,1.000000000000000000e+00,5.327016445166866676e-01,3.530147497709895110e-01,2.518109045591075956e-01
2.774594803842437840e-01,2.916611831002559052e-01,5.327016445166866676e-01,1.000000000000000000e+00,4.885930284406959090e-01,2.828914085973716075e-01
5.021387374134812509e-01,4.860572182199232594e-01,3.530147497709895110e-01,4.885930284406959090e-01,1.000000000000000000e+00,8.395436721714396588e-01
6.077183168522657386e-01,5.915367641581400493e-01,2.518109045591075956e-01,2.828914085973716075e-01,8.395436721714396588e-01,1.000000000000000000e+00
