1.000000000000000000e+00,9.921289586889395773e-01,2.608988674726994694e-01,2.226873029433015516e-01,5.100399192099948076e-01,5.135409683071039399e-01
9.921289586889395773e-01,1.000000000000000000e+00,2.883440348839129141e-01,2.280848709728422463e-01,5.024447353913525927e-01,5.059160522252739156e-01
2.608988674726994694e-01,2.883440348839129141e-01,1.000000000000000000e+00,4.673210006544735173e-01,2.778303945679166387e-01,2.750834411410589264e-01
2.226873029433015516e-01,2.280848709728422463e-01,4.673210006544735173e-01,1.000000000000000000e+00,4.400173045666928018e-01,4.321823338683192239e-01
5.100399192099948076e-01,5.024447353913525927e-01,2.778303945679166387e-01,4.400173045666928018e-01,1.000000000000000000e+00,9.934659634563515196e-01
5.135409683071039399e-01,5.059160522252739156e-01,2.750834411410589264e-01,4.321823338683192239e-01,9.934659634563515196e-01,1.000000000000000000e+00
