1.000000000000000000e+00,9.960467485891006945e-01,1.309577012775513805e-01,8.911695057794660757e-02,2.087427008683941099e-01,4.162428173000227161e-01
9.960467485891006945e-01,1.000000000000000000e+00,1.136557310882446020e-01,1.033810363111969249e-01,2.229345084473256799e-01,4.320797510313881262e-01
1.309577012775513805e-01,1.136557310882446020e-01,1.000000000000000000e+00,3.997568346731843469e-01,2.117719549597287809e-01,4.697044216083787888e-02
8.911695057794660757e-02,1.033810363111969249e-01,3.997568346731843469e-01,1.000000000000000000e+00,1.918704279647431843e-01,4.119509400752138090e-02
2.087427008683941099e-01,2.229345084473256799e-01,2.117719549597287809e-01,1.918704279647431843e-01,1.000000000000000000e+00,2.371675585795980645e-01
4.162428173000227161e-01,4.320797510313881262e-01,4.697044216083787888e-02,4.119509400752138090e-02,2.371675585795980645e-01,1.000000000000000000e+00
