1.000000000000000000e+00,5.151161633664261830e-01,2.243591551959998875e-01,2.838832498872944088e-01,3.002057301014646740e-01,4.211970284103117579e-01
5.151161633664261830e-01,1.000000000000000000e+00,6.324328435892141442e-01,3.421575529036344210e-01,1.986743863305400482e-01,2.308736350449087649e-01
2.243591551959998875e-01,6.324328435892141442e-01,1.000000000000000000e+00,5.531630220883417826e-01,3.220293753866516617e-01,2.358753625478785532e-01
2.838832498872944088e-01,3.421575529036344210e-01,5.531630220883417826e-01,1.000000000000000000e+00,6.065682783341449502e-01,3.080362331866439152e-01
3.002057301014646740e-01,1.986743863305400482e-01,3.220293753866516617e-01,6.065682783341449502e-01,1.000000000000000000e+00,6.591738323797330379e-01
4.211970284103117579e-01,2.308736350449087649e-01,2.358753625478785532e-01,3.080362331866439152e-01,6.591738323797330379e-01,1.000000000000000000e+00
