1.000000000000000000e+00,9.937418194318818898e-01,7.285594740857780360e-01,6.916426646467281891e-01,5.876216909183346049e-01,5.910261589604567378e-01
9.937418194318818898e-01,1.000000000000000000e+00,7.597944305504359397e-01,7.215010452176077171e-01,5.705317084541180472e-01,5.750730916497582834e-01
7.285594740857780360e-01,7.597944305504359397e-01,1.000000000000000000e+00,8.594593115393599492e-01,2.782180300181488763e-01,2.757897085278337435e-01
6.916426646467281891e-01,7.215010452176077171e-01,8.594593115393599492e-01,1.000000000000000000e+00,2.457248739248631686e-01,2.394225270833265640e-01
5.876216909183346049e-01,5.705317084541180472e-01,2.782180300181488763e-01,2.457248739248631686e-01,1.000000000000000000e+00,9.919298310317441469e-01
5.910261589604567378e-01,5.750730916497582834e-01,2.757897085278337435e-01,2.394225270833265640e-01,9.919298310317441469e-01,1.000000000000000000e+00
