1.000000000000000000e+00,9.939225237490467713e-01,3.792794729596731251e-01,6.076160718549296069e-01,6.799427772932457037e-01,6.862455625119102676e-01
9.939225237490467713e-01,1.000000000000000000e+00,4.196848723709404871e-01,6.326677312639087392e-01,6.784122266993181105e-01,6.842151192761193323e-01
3.792794729596731251e-01,4.196848723709404871e-01,1.000000000000000000e+00,6.862234672391003265e-01,4.285775359114542549e-01,4.233124531591375139e-01
6.076160718549296069e-01,6.326677312639087392e-01,6.862234672391003265e-01,1.000000000000000000e+00,4.838269982788471757e-01,4.819284569729782031e-01
6.799427772932457037e-01,6.784122266993181105e-01,4.285775359114542549e-01,4.838269982788471757e-01,1.000000000000000000e+00,9.946564719598929294e-01
6.862455625119102676e-01,6.842151192761193323e-01,4.233124531591375139e-01,4.819284569729782031e-01,9.946564719598929294e-01,1.000000000000000000e+00
