1.000000000000000000e+00,4.363089358237515758e-01,4.066116190788377632e-02,1.703284139866330094e-01,2.464879739070669207e-01,3.972771108743192170e-01
4.363089358237515758e-01,1.000000000000000000e+00,3.176359348793983961e-01,3.517823010102092973e-01,2.775007748253496831e-01,4.543467808584871204e-01
4.066116190788377632e-02,3.176359348793983961e-01,1.000000000000000000e+00,4.493823024760008611e-01,3.301730774587241513e-01,3.254968412740553707e-01
1.703284139866330094e-01,3.517823010102092973e-01,4.493823024760008611e-01,1.000000000000000000e+00,3.991131794038704772e-01,3.170502182291197735e-01
2.464879739070669207e-01,2.775007748253496831e-01,3.301730774587241513e-01,3.991131794038704772e-01,1.000000000000000000e+00,6.551365886186844012e-01
3.972771108743192170e-01,4.543467808584871204e-01,3.254968412740553707e-01,3.170502182291197735e-01,6.551365886186844012e-01,1.000000000000000000e+00
