1.000000000000000000e+00,3.883262685511946199e-01,1.568610117094379752e-01,1.059627728287084181e-01,2.016259766904305861e-01,3.900101936800013380e-01
3.883262685511946199e-01,1.000000000000000000e+00,9.568080513330147474e-02,2.302894812436956096e-01,1.157789349747188612e-01,3.163563168899429234e-01
1.568610117094379752e-01,9.568080513330147474e-02,1.000000000000000000e+00,2.493738602964777062e-01,7.513572092884374110e-02,9.392963604696942526e-02
1.059627728287084181e-01,2.302894812436956096e-01,2.493738602964777062e-01,1.000000000000000000e+00,1.973003685228017501e-01,1.372480218029368815e-01
2.016259766904305861e-01,1.157789349747188612e-01,7.513572092884374110e-02,1.973003685228017501e-01,1.000000000000000000e+00,5.383124958791322134e-01
3.900101936800013380e-01,3.163563168899429234e-01,9.392963604696942526e-02,1.372480218029368815e-01,5.383124958791322134e-01,1.000000000000000000e+00
