1.000000000000000000e+00,4.104602659699289613e-01,1.367668353069127207e-01,3.033039718064619028e-01,4.341098499072224559e-01,6.992954974329520512e-01
4.104602659699289613e-01,1.000000000000000000e+00,2.882625566046837506e-01,2.357184636914461118e-01,1.664273621057549002e-01,3.206536773148377928e-01
1.367668353069127207e-01,2.882625566046837506e-01,1.000000000000000000e+00,5.873394682730620486e-01,3.582008951064203361e-01,2.029898199657498015e-01
3.033039718064619028e-01,2.357184636914461118e-01,5.873394682730620486e-01,1.000000000000000000e+00,5.968906672844168648e-01,2.250758464564985017e-01
4.341098499072224559e-01,1.664273621057549002e-01,3.582008951064203361e-01,5.968906672844168648e-01,1.000000000000000000e+00,4.208095238494680146e-01
6.992954974329520512e-01,3.206536773148377928e-01,2.029898199657498015e-01,2.250758464564985017e-01,4.208095238494680146e-01,1.000000000000000000e+00
