1.000000000000000000e+00,7.669045901382663677e-02,7.787244307694857204e-02,1.435833081963104607e-01,5.680711831826089631e-01,2.029839212697707174e-01
7.669045901382663677e-02,1.000000000000000000e+00,9.960953603211225582e-01,3.130497775119418513e-01,7.248362564940782904e-02,4.685580098900905544e-01
7.787244307694857204e-02,9.960953603211225582e-01,1.000000000000000000e+00,3.144519883264245697e-01,7.357976690149199694e-02,4.730669809101220036e-01
1.435833081963104607e-01,3.130497775119418513e-01,3.144519883264245697e-01,1.000000000000000000e+00,5.546434027370934494e-01,4.050758882194557819e-01
5.680711831826089631e-01,7.248362564940782904e-02,7.357976690149199694e-02,5.546434027370934494e-01,1.000000000000000000e+00,4.905481620530756093e-01
2.029839212697707174e-01,4.685580098900905544e-01,4.730669809101220036e-01,4.050758882194557819e-01,4.905481620530756093e-01,1.000000000000000000e+00
