1.000000000000000000e+00,3.650410734229601606e-01,5.506551515647135214e-02,2.698975887240815386e-01,7.138640321230039776e-01,7.810878948189211579e-01
3.650410734229601606e-01,1.000000000000000000e+00,6.974197902390192327e-01,4.653506149709715767e-01,4.975437551558848370e-01,4.128426453984939681e-01
5.506551515647135214e-02,6.974197902390192327e-01,1.000000000000000000e+00,3.308719455417156730e-01,1.520654041693720038e-01,7.711779258507957258e-02
2.698975887240815386e-01,4.653506149709715767e-01,3.308719455417156730e-01,1.000000000000000000e+00,4.380772386866073620e-01,2.484149697311310578e-01
7.138640321230039776e-01,4.975437551558848370e-01,1.520654041693720038e-01,4.380772386866073620e-01,1.000000000000000000e+00,8.261129192820070299e-01
7.810878948189211579e-01,4.128426453984939681e-01,7.711779258507957258e-02,2.484149697311310578e-01,8.261129192820070299e-01,1.000000000000000000e+00
