1.000000000000000000e+00,6.581955535058955364e-01,1.262382808677153523e-01,2.881025690508754455e-01,3.245267850275623256e-01,3.172897090105892270e-01
6.581955535058955364e-01,1.000000000000000000e+00,4.604539007259046968e-01,3.438572886282680874e-01,3.681150253652045734e-01,3.615251365375420911e-01
1.262382808677153523e-01,4.604539007259046968e-01,1.000000000000000000e+00,6.024840339125833166e-01,6.089621701981091650e-01,6.091065338620426095e-01
2.881025690508754455e-01,3.438572886282680874e-01,6.024840339125833166e-01,1.000000000000000000e+00,6.429041997940084796e-01,6.360175281993646346e-01
3.245267850275623256e-01,3.681150253652045734e-01,6.089621701981091650e-01,6.429041997940084796e-01,1.000000000000000000e+00,9.926023776116577046e-01
3.172897090105892270e-01,3.615251365375420911e-01,6.091065338620426095e-01,6.360175281993646346e-01,9.926023776116577046e-01,1.000000000000000000e+00
