1.000000000000000000e+00,4.459941284478936008e-01,6.341877766224016111e-02,7.049779952880171063e-02,1.881051953232688867e-01,5.353542299824455286e-01
4.459941284478936008e-01,1.000000000000000000e+00,6.061000889819336823e-01,3.966120569570538712e-01,3.268230602123717299e-02,1.729989508522186969e-01
6.341877766224016111e-02,6.061000889819336823e-01,1.000000000000000000e+00,6.083740979288366768e-01,2.729324349139035030e-02,4.439207045409007679e-02
7.049779952880171063e-02,3.966120569570538712e-01,6.083740979288366768e-01,1.000000000000000000e+00,9.850403459879741863e-02,4.131296815055372079e-02
1.881051953232688867e-01,3.268230602123717299e-02,2.729324349139035030e-02,9.850403459879741863e-02,1.000000000000000000e+00,5.923381967385604741e-01
5.353542299824455286e-01,1.729989508522186969e-01,4.439207045409007679e-02,4.131296815055372079e-02,5.923381967385604741e-01,1.000000000000000000e+00
