1.000000000000000000e+00,5.207132801953653356e-01,1.721720185393219374e-02,2.052678608940473604e-01,2.414082497597840049e-01,7.203780723233310646e-01
5.207132801953653356e-01,1.000000000000000000e+00,3.142438892715582188e-01,4.111383980332277144e-01,2.434088974106184411e-01,5.505415853217469069e-01
1.721720185393219374e-02,3.142438892715582188e-01,1.000000000000000000e+00,4.604240415230353434e-01,2.004404484022571653e-01,6.427313612327202608e-02
2.052678608940473604e-01,4.111383980332277144e-01,4.604240415230353434e-01,1.000000000000000000e+00,6.761640746678966307e-01,2.236657395397076142e-01
2.414082497597840049e-01,2.434088974106184411e-01,2.004404484022571653e-01,6.761640746678966307e-01,1.000000000000000000e+00,2.781131498364942112e-01
7.203780723233310646e-01,5.505415853217469069e-01,6.427313612327202608e-02,2.236657395397076142e-01,2.781131498364942112e-01,1.000000000000000000e+00
