1.000000000000000000e+00,8.219350208357409926e-01,4.368187433081877624e-01,4.479376394334925737e-01,5.015964687961088631e-01,6.963247457330847823e-01
8.219350208357409926e-01,1.000000000000000000e+00,7.727670757919929967e-01,6.249655963285952742e-01,5.425907577451222208e-01,6.251259371802778686e-01
4.368187433081877624e-01,7.727670757919929967e-01,1.000000000000000000e+00,7.169899346064049217e-01,5.135275295528132222e-01,4.364743806795705061e-01
4.479376394334925737e-01,6.249655963285952742e-01,7.169899346064049217e-01,1.000000000000000000e+00,7.663194582955389356e-01,4.902443712402428933e-01
5.015964687961088631e-01,5.425907577451222208e-01,5.135275295528132222e-01,7.663194582955389356e-01,1.000000000000000000e+00,7.356733048277773745e-01
6.963247457330847823e-01,6.251259371802778686e-01,4.364743806795705061e-01,4.902443712402428933e-01,7.356733048277773745e-01,1.000000000000000000e+00
