1.000000000000000000e+00,1.026928994427003111e-01,1.442904644289859928e-01,7.942848886821732290e-02,1.685739817874720992e-01,3.452754995354492817e-01
1.026928994427003111e-01,1.000000000000000000e+00,6.798351336429911962e-01,5.508529747892499939e-01,3.832324192039206490e-01,5.503505717779079154e-01
1.442904644289859928e-01,6.798351336429911962e-01,1.000000000000000000e+00,6.336403864087137849e-01,3.518677354614828112e-01,3.244125709883978192e-01
7.942848886821732290e-02,5.508529747892499939e-01,6.336403864087137849e-01,1.000000000000000000e+00,7.341454723982016040e-01,4.319567502686922911e-01
1.685739817874720992e-01,3.832324192039206490e-01,3.518677354614828112e-01,7.341454723982016040e-01,1.000000000000000000e+00,6.074721906414719541e-01
3.452754995354492817e-01,5.503505717779079154e-01,3.244125709883978192e-01,4.319567502686922911e-01,6.074721906414719541e-01,1.000000000000000000e+00
