1.000000000000000000e+00,4.995639378548382137e-01,1.409041353555930409e-01,2.047478849207279572e-01,3.009470049656999824e-01,5.696958479152561816e-01
4.995639378548382137e-01,1.000000000000000000e+00,4.402997315249379540e-01,1.935194256869045282e-01,1.266642217236295387e-01,2.562381269322518418e-01
1.409041353555930409e-01,4.402997315249379540e-01,1.000000000000000000e+00,4.460661394954388848e-01,2.165572022265607466e-01,1.444219429790109255e-01
2.047478849207279572e-01,1.935194256869045282e-01,4.460661394954388848e-01,1.000000000000000000e+00,7.009574687793450609e-01,2.420956840698703927e-01
3.009470049656999824e-01,1.266642217236295387e-01,2.165572022265607466e-01,7.009574687793450609e-01,1.000000000000000000e+00,5.293817149819709522e-01
5.696958479152561816e-01,2.562381269322518418e-01,1.444219429790109255e-01,2.420956840698703927e-01,5.293817149819709522e-01,1.000000000000000000e+00
