1.000000000000000000e+00,5.446764295173290860e-01,1.241099204085722718e-01,3.348952223782908355e-01,3.559741136554694374e-01,6.673339521541579167e-01
5.446764295173290860e-01,1.000000000000000000e+00,5.524727129025571726e-01,5.179195518275129251e-01,3.113444831993544271e-01,5.921533736542432536e-01
1.241099204085722718e-01,5.524727129025571726e-01,1.000000000000000000e+00,6.282517574676373950e-01,3.751200826304830760e-01,3.295299133129440117e-01
3.348952223782908355e-01,5.179195518275129251e-01,6.282517574676373950e-01,1.000000000000000000e+00,7.467639830150973879e-01,3.692418316687355317e-01
3.559741136554694374e-01,3.113444831993544271e-01,3.751200826304830760e-01,7.467639830150973879e-01,1.000000000000000000e+00,4.147602034890875422e-01
6.673339521541579167e-01,5.921533736542432536e-01,3.295299133129440117e-01,3.692418316687355317e-01,4.147602034890875422e-01,1.000000000000000000e+00
