1.000000000000000000e+00,1.589783453368902658e-02,1.404982976220873481e-01,4.411448522003891953e-02,2.347393398914870699e-01,3.589505423471459067e-01
1.589783453368902658e-02,1.000000000000000000e+00,4.074414042184010820e-01,3.195542341339064341e-01,5.685201288377645518e-02,1.618267372991916975e-01
1.404982976220873481e-01,4.074414042184010820e-01,1.000000000000000000e+00,3.950484624713783699e-01,1.311067850352103104e-01,1.019028352184191411e-01
4.411448522003891953e-02,3.195542341339064341e-01,3.950484624713783699e-01,1.000000000000000000e+00,2.404415840226746537e-01,1.449143302644109454e-01
2.347393398914870699e-01,5.685201288377645518e-02,1.311067850352103104e-01,2.404415840226746537e-01,1.000000000000000000e+00,3.865884010124235881e-01
3.589505423471459067e-01,1.618267372991916975e-01,1.019028352184191411e-01,1.449143302644109454e-01,3.865884010124235881e-01,1.000000000000000000e+00
