1.000000000000000000e+00,2.361747054356719833e-01,1.796097114036561138e-01,2.453195911359299097e-01,3.114544772403017303e-01,6.704113167754003344e-01
2.361747054356719833e-01,1.000000000000000000e+00,8.020954919412554007e-01,3.610495167201218103e-01,1.842326019272652049e-01,2.839415542492366717e-01
1.796097114036561138e-01,8.020954919412554007e-01,1.000000000000000000e+00,5.168583105406441280e-01,2.321908738313442910e-01,2.068897936180067176e-01
2.453195911359299097e-01,3.610495167201218103e-01,5.168583105406441280e-01,1.000000000000000000e+00,6.978329585193475681e-01,2.987467843121022204e-01
3.114544772403017303e-01,1.842326019272652049e-01,2.321908738313442910e-01,6.978329585193475681e-01,1.000000000000000000e+00,5.311887512847290882e-01
6.704113167754003344e-01,2.839415542492366717e-01,2.068897936180067176e-01,2.987467843121022204e-01,5.311887512847290882e-01,1.000000000000000000e+00
