1.000000000000000000e+00,5.581051690144324118e-01,5.671168800752590666e-01,5.254439265852636209e-01,4.818459873890389988e-01,6.350617724162869182e-01
5.581051690144324118e-01,1.000000000000000000e+00,7.959585726000644179e-01,2.740499440265596331e-01,2.317121057131174278e-01,3.418676554854605532e-01
5.671168800752590666e-01,7.959585726000644179e-01,1.000000000000000000e+00,4.532858551480036247e-01,3.676696626926478917e-01,4.276248875216552281e-01
5.254439265852636209e-01,2.740499440265596331e-01,4.532858551480036247e-01,1.000000000000000000e+00,8.857075377782249737e-01,6.575531012087992844e-01
4.818459873890389988e-01,2.317121057131174278e-01,3.676696626926478917e-01,8.857075377782249737e-01,1.000000000000000000e+00,7.125497124254974723e-01
6.350617724162869182e-01,3.418676554854605532e-01,4.276248875216552281e-01,6.575531012087992844e-01,7.125497124254974723e-01,1.000000000000000000e+00
