1.000000000000000000e+00,4.312195189989326827e-01,1.844497445885901199e-01,3.357192040999461002e-01,3.677271330950173667e-01,5.132040780241290401e-01
4.312195189989326827e-01,1.000000000000000000e+00,7.111241583653898912e-01,3.610358166493974341e-01,2.882856695310472284e-01,3.418521742448763501e-01
1.844497445885901199e-01,7.111241583653898912e-01,9.999999999999998890e-01,4.733631925674526841e-01,3.385801301168410160e-01,2.822440142573264810e-01
3.357192040999461002e-01,3.610358166493974341e-01,4.733631925674526841e-01,1.000000000000000000e+00,7.744971020262432226e-01,5.035284155958918983e-01
3.677271330950173667e-01,2.882856695310472284e-01,3.385801301168410160e-01,7.744971020262432226e-01,1.000000000000000000e+00,7.086010376730075278e-01
5.132040780241290401e-01,3.418521742448763501e-01,2.822440142573264810e-01,5.035284155958918983e-01,7.086010376730075278e-01,1.000000000000000000e+00
