1.000000000000000000e+00,7.036614805148690976e-01,5.491810417938554068e-01,6.338778396157086492e-01,5.873436502478485144e-01,7.145869441501462305e-01
7.036614805148690976e-01,1.000000000000000000e+00,7.648915250438844682e-01,5.232064242367547857e-01,4.224059179391492225e-01,4.928425122873231756e-01
5.491810417938554068e-01,7.648915250438844682e-01,1.000000000000000000e+00,6.603126982053216798e-01,4.970150039811938592e-01,5.158537219660355166e-01
6.338778396157086492e-01,5.232064242367547857e-01,6.603126982053216798e-01,1.000000000000000000e+00,7.549541062147939741e-01,6.872118203717308971e-01
5.873436502478485144e-01,4.224059179391492225e-01,4.970150039811938592e-01,7.549541062147939741e-01,1.000000000000000000e+00,8.229585331620423716e-01
7.145869441501462305e-01,4.928425122873231756e-01,5.158537219660355166e-01,6.872118203717308971e-01,8.229585331620423716e-01,1.000000000000000000e+00
