1.000000000000000000e+00,9.622475755338769643e-01,5.007010497687779393e-01,6.859671371959086272e-02,3.512730960770316796e-02,3.393540587657057350e-01
9.622475755338769643e-01,1.000000000000000000e+00,6.121698909648561893e-01,1.001162638665201304e-01,3.393842162296509257e-02,2.622317557059725135e-01
5.007010497687779393e-01,6.121698909648561893e-01,1.000000000000000000e+00,5.477536920309351576e-01,2.580827693005166013e-01,2.028934790426211998e-01
6.859671371959086272e-02,1.001162638665201304e-01,5.477536920309351576e-01,1.000000000000000000e+00,5.030873078747964966e-01,9.683758694618814500e-02
3.512730960770316796e-02,3.393842162296509257e-02,2.580827693005166013e-01,5.030873078747964966e-01,1.000000000000000000e+00,3.659664594582073271e-01
3.393540587657057350e-01,2.622317557059725135e-01,2.028934790426211998e-01,9.683758694618814500e-02,3.659664594582073271e-01,1.000000000000000000e+00
