1.000000000000000000e+00,6.755157497657552357e-01,2.885385702039695577e-01,2.511155987566418557e-01,2.852226784086201450e-01,4.156164521572101589e-01
6.755157497657552357e-01,1.000000000000000000e+00,8.112718904271526421e-01,3.764455330325242044e-01,1.964695911341339807e-01,1.659212444640298656e-01
2.885385702039695577e-01,8.112718904271526421e-01,1.000000000000000000e+00,3.927826165636063571e-01,1.226611450111271817e-01,4.775513744901894314e-02
2.511155987566418557e-01,3.764455330325242044e-01,3.927826165636063571e-01,1.000000000000000000e+00,4.861396289363440482e-01,1.921928416424082409e-01
2.852226784086201450e-01,1.964695911341339807e-01,1.226611450111271817e-01,4.861396289363440482e-01,1.000000000000000000e+00,6.427544328411590735e-01
4.156164521572101589e-01,1.659212444640298656e-01,4.775513744901894314e-02,1.921928416424082409e-01,6.427544328411590735e-01,1.000000000000000000e+00
