1.000000000000000000e+00,2.293105604320294644e-01,1.467321915118864062e-01,5.120573308778775257e-01,5.632232583591462172e-01,6.889383623474641949e-01
2.293105604320294644e-01,1.000000000000000000e+00,6.857605205326781084e-01,3.570208846465948160e-01,2.976033471538128139e-01,3.418261796632879879e-01
1.467321915118864062e-01,6.857605205326781084e-01,1.000000000000000000e+00,4.972566542029258074e-01,3.929538205497478121e-01,3.422577929540126518e-01
5.120573308778775257e-01,3.570208846465948160e-01,4.972566542029258074e-01,1.000000000000000000e+00,8.733907534381546434e-01,6.546201327923008018e-01
5.632232583591462172e-01,2.976033471538128139e-01,3.929538205497478121e-01,8.733907534381546434e-01,1.000000000000000000e+00,7.846825154778050981e-01
6.889383623474641949e-01,3.418261796632879879e-01,3.422577929540126518e-01,6.546201327923008018e-01,7.846825154778050981e-01,1.000000000000000000e+00
