7.537833487431352397e-01,8.023215516652429935e-01,9.097209922516767966e-01,8.674316447570942223e-01,9.407975788991396193e-01,9.326955110498310608e-01
8.023215516652429935e-01,5.359120437041754448e-01,8.956600915258411399e-01,9.171805330314030114e-01,9.446857543153472925e-01,8.966320345253125934e-01
9.097209922516767966e-01,8.956600915258411399e-01,8.055499387146006773e-01,8.081637021646285168e-01,7.346042247396541436e-01,7.916997318537367656e-01
8.674316447570942223e-01,9.171805330314030114e-01,8.081637021646285168e-01,8.602089135472779091e-01,7.520589011178469008e-01,7.611494230495169377e-01
9.407975788991396193e-01,9.446857543153472925e-01,7.346042247396541436e-01,7.520589011178469008e-01,7.698499154175632020e-01,7.525163413964794934e-01
9.326955110498310608e-01,8.966320345253125934e-01,7.916997318537367656e-01,7.611494230495169377e-01,7.525163413964794934e-01,7.292049905302745438e-01
