7.868813053497792920e-01,8.017360148424139688e-01,8.467156867533977005e-01,8.433256092233728518e-01,7.366856782948200122e-01,7.832752312261005434e-01
8.017360148424139688e-01,8.526917531172756304e-01,8.168133818486128517e-01,8.492039723900215442e-01,7.851390451102894241e-01,7.139973999031098417e-01
8.467156867533977005e-01,8.168133818486128517e-01,6.685047446598845200e-01,6.712994170298002272e-01,6.799402078672446281e-01,6.605505622004830268e-01
8.433256092233728518e-01,8.492039723900215442e-01,6.712994170298002272e-01,7.143005926966443653e-01,7.847523292276438189e-01,6.728881334005597514e-01
7.366856782948200122e-01,7.851390451102894241e-01,6.799402078672446281e-01,7.847523292276438189e-01,7.684192186820860693e-01,6.747040232909510271e-01
7.832752312261005434e-01,7.139973999031098417e-01,6.605505622004830268e-01,6.728881334005597514e-01,6.747040232909510271e-01,7.543649694750738099e-01
