6.769198387994407318e-01,8.249080912868170801e-01,8.268770392596599406e-01,9.576965607760238308e-01,8.840423401165682371e-01,8.525444772976702446e-01
8.249080912868170801e-01,7.193304765559419556e-01,8.046797411918942267e-01,8.970454019575466731e-01,8.841509083930972901e-01,9.253929597006992358e-01
8.268770392596599406e-01,8.046797411918942267e-01,7.403121278677361472e-01,9.255578779472445339e-01,8.605725195267771577e-01,9.590760161099997072e-01
9.576965607760238308e-01,8.970454019575466731e-01,9.255578779472445339e-01,8.749295065077536959e-01,9.908799937738378416e-01,9.925717260048960711e-01
8.840423401165682371e-01,8.841509083930972901e-01,8.605725195267771577e-01,9.908799937738378416e-01,7.660978062691580215e-01,8.927703991205587775e-01
8.525444772976702446e-01,9.253929597006992358e-01,9.590760161099997072e-01,9.925717260048960711e-01,8.927703991205587775e-01,7.500537119601969893e-01
