6.359317727874391757e-01,8.322846879446088586e-01,8.155379274322438476e-01,8.357784641807951553e-01,8.269321068239735562e-01,7.910669395448653995e-01
8.322846879446088586e-01,6.248361514860154564e-01,8.663997342726759143e-01,7.954881166924886449e-01,7.356486214020749870e-01,8.025565099100129274e-01
8.155379274322438476e-01,8.663997342726759143e-01,6.842818482631841670e-01,6.969599486915004638e-01,7.645302999280136902e-01,8.933427025469194982e-01
8.357784641807951553e-01,7.954881166924886449e-01,6.969599486915004638e-01,7.755191259722966635e-01,6.750407715218015303e-01,9.062262082384721085e-01
8.269321068239735562e-01,7.356486214020749870e-01,7.645302999280136902e-01,6.750407715218015303e-01,5.475975687940576320e-01,8.005487897458850588e-01
7.910669395448653995e-01,8.025565099100129274e-01,8.933427025469194982e-01,9.062262082384721085e-01,8.005487897458850588e-01,6.487718915373964501e-01
