7.993408364527528898e-01,8.739807277145814624e-01,8.968499108527655528e-01,7.382999985718691205e-01,7.778298879731789794e-01,8.529607328221295859e-01
8.739807277145814624e-01,7.564015810109497862e-01,7.806593014666877162e-01,8.268732684752624351e-01,7.799240740366134572e-01,9.280300855639790347e-01
8.968499108527655528e-01,7.806593014666877162e-01,7.567727076030129618e-01,7.682079190841442085e-01,8.663425364635681802e-01,9.099401169334369044e-01
7.382999985718691205e-01,8.268732684752624351e-01,7.682079190841442085e-01,7.453613158223104662e-01,9.469772018124859025e-01,8.255583990676704786e-01
7.778298879731789794e-01,7.799240740366134572e-01,8.663425364635681802e-01,9.469772018124859025e-01,6.335207142452027318e-01,9.012603104297570722e-01
8.529607328221295859e-01,9.280300855639790347e-01,9.099401169334369044e-01,8.255583990676704786e-01,9.012603104297570722e-01,6.722986660309397955e-01
