7.492189509462523489e-01,9.379037029319747809e-01,9.255622186554970376e-01,9.750640793937185302e-01,8.729090323457665557e-01,8.329777466018107868e-01
9.379037029319747809e-01,8.293509921846894395e-01,9.363806710646233045e-01,9.218665917927846287e-01,9.183631601519787191e-01,8.424191234165853137e-01
9.255622186554970376e-01,9.363806710646233045e-01,7.672600695252508318e-01,8.228452306833801133e-01,8.124764100109840292e-01,7.336669995665495714e-01
9.750640793937185302e-01,9.218665917927846287e-01,8.228452306833801133e-01,7.833641828984694300e-01,7.874314851937684878e-01,9.282636541492707005e-01
8.729090323457665557e-01,9.183631601519787191e-01,8.124764100109840292e-01,7.874314851937684878e-01,6.358285668318371942e-01,9.125662620819700033e-01
8.329777466018107868e-01,8.424191234165853137e-01,7.336669995665495714e-01,9.282636541492707005e-01,9.125662620819700033e-01,7.507634068317440290e-01
