7.957562358246174083e-01,7.950873130600305538e-01,8.670461758825181997e-01,7.283003199990027987e-01,6.133312453072218284e-01,6.920970980919708415e-01
7.950873130600305538e-01,6.258070795880874559e-01,8.145576799759542963e-01,7.902120052622686464e-01,7.127713004819201670e-01,7.624181865150300164e-01
8.670461758825181997e-01,8.145576799759542963e-01,7.876451534143731337e-01,7.986918708353121232e-01,8.057257247835672986e-01,7.977625267104945239e-01
7.283003199990027987e-01,7.902120052622686464e-01,7.986918708353121232e-01,7.068100853582947041e-01,8.263224960201419611e-01,6.941764724951228205e-01
6.133312453072218284e-01,7.127713004819201670e-01,8.057257247835672986e-01,8.263224960201419611e-01,6.522026970806830137e-01,7.225375708146977161e-01
6.920970980919708415e-01,7.624181865150300164e-01,7.977625267104945239e-01,6.941764724951228205e-01,7.225375708146977161e-01,7.517743365264371036e-01
