8.358210828004358772e-01,6.998954936454099274e-01,7.831602917616597992e-01,8.532207181359897641e-01,8.299387326689749989e-01,8.570934253221995647e-01
6.998954936454099274e-01,8.091731639960885181e-01,8.251030877533073182e-01,7.237763400494650057e-01,7.421264591177946235e-01,9.363143697815582422e-01
7.831602917616597992e-01,8.251030877533073182e-01,7.771493963795506055e-01,6.395763015869356805e-01,6.412522673625126179e-01,8.070917534961282724e-01
8.532207181359897641e-01,7.237763400494650057e-01,6.395763015869356805e-01,6.718455695226838165e-01,8.699101515048105471e-01,9.686014447409284633e-01
8.299387326689749989e-01,7.421264591177946235e-01,6.412522673625126179e-01,8.699101515048105471e-01,6.914461885976272981e-01,9.687982725041831555e-01
8.570934253221995647e-01,9.363143697815582422e-01,8.070917534961282724e-01,9.686014447409284633e-01,9.687982725041831555e-01,5.275779632835581046e-01
