6.880842490415129964e-01,8.834079535646927051e-01,9.437314845187992907e-01,8.196148193302069673e-01,8.462308754313599968e-01,8.528018826402880004e-01
8.834079535646927051e-01,7.589261334209668197e-01,9.797026191224550429e-01,8.202473804740137986e-01,7.482755856401532846e-01,7.322183543691059837e-01
9.437314845187992907e-01,9.797026191224550429e-01,8.003921116479110198e-01,7.972821164703534080e-01,8.224016823033130086e-01,8.259474595605271752e-01
8.196148193302069673e-01,8.202473804740137986e-01,7.972821164703534080e-01,8.279758936037104888e-01,7.570174610535578275e-01,7.485986908386644822e-01
8.462308754313599968e-01,7.482755856401532846e-01,8.224016823033130086e-01,7.570174610535578275e-01,8.125823649778163293e-01,8.777430538354149547e-01
8.528018826402880004e-01,7.322183543691059837e-01,8.259474595605271752e-01,7.485986908386644822e-01,8.777430538354149547e-01,7.920281648324690726e-01
