8.655660031431861023e-01,8.009203921270552362e-01,6.477001462542987253e-01,8.353759862361691546e-01,7.825062444549355511e-01,7.904410635657326267e-01
8.009203921270552362e-01,7.781708916185721137e-01,7.534770058808900606e-01,8.622881341500138186e-01,7.943498399351814898e-01,7.971653426593564573e-01
6.477001462542987253e-01,7.534770058808900606e-01,6.490063505170942104e-01,8.349211814596483316e-01,7.753851269625080533e-01,7.470295937006259379e-01
8.353759862361691546e-01,8.622881341500138186e-01,8.349211814596483316e-01,7.342414551231191133e-01,6.836729901028565370e-01,7.082082309355911542e-01
7.825062444549355511e-01,7.943498399351814898e-01,7.753851269625080533e-01,6.836729901028565370e-01,7.427214349817400363e-01,8.600949951792987713e-01
7.904410635657326267e-01,7.971653426593564573e-01,7.470295937006259379e-01,7.082082309355911542e-01,8.600949951792987713e-01,7.423827477411574227e-01
