6.965357799667241112e-01,7.667326461464836207e-01,7.906681084930591297e-01,8.260316118526215279e-01,8.123208865272095736e-01,9.071313981018546135e-01
7.667326461464836207e-01,8.306048345653246345e-01,8.093258742584680254e-01,8.524396940589683558e-01,8.540212804346466458e-01,7.492274220172118193e-01
7.906681084930591297e-01,8.093258742584680254e-01,6.692369062349393660e-01,9.031232746970517811e-01,8.943419677348242169e-01,8.024042523091997614e-01
8.260316118526215279e-01,8.524396940589683558e-01,9.031232746970517811e-01,7.018770660050641652e-01,7.706515791429325857e-01,8.210550154002373979e-01
8.123208865272095736e-01,8.540212804346466458e-01,8.943419677348242169e-01,7.706515791429325857e-01,6.969123532150957034e-01,7.719867793066333972e-01
9.071313981018546135e-01,7.492274220172118193e-01,8.024042523091997614e-01,8.210550154002373979e-01,7.719867793066333972e-01,7.055597076957035307e-01
