6.883944648527489107e-01,7.889228109513027887e-01,8.541031385508589535e-01,8.272571540322598560e-01,9.128853729460640887e-01,8.360596711760316380e-01
7.889228109513027887e-01,7.437399578516107335e-01,7.703271208414319560e-01,8.173304692793527115e-01,7.347470415935645205e-01,8.214577567056210450e-01
8.541031385508589535e-01,7.703271208414319560e-01,7.302464516331590438e-01,8.917787148683418152e-01,8.129829596974124106e-01,8.325352252816976550e-01
8.272571540322598560e-01,8.173304692793527115e-01,8.917787148683418152e-01,8.064919193168020861e-01,7.535196807668055330e-01,8.436564781522936096e-01
9.128853729460640887e-01,7.347470415935645205e-01,8.129829596974124106e-01,7.535196807668055330e-01,7.715452620206182388e-01,9.205571756324003596e-01
8.360596711760316380e-01,8.214577567056210450e-01,8.325352252816976550e-01,8.436564781522936096e-01,9.205571756324003596e-01,6.409085084860758341e-01
