6.304857758335576934e-01,8.212075161879096585e-01,8.984371642614905618e-01,7.709288694442552048e-01,8.631770415357450377e-01,1.000000000000000000e+00
8.212075161879096585e-01,5.907517428022713846e-01,8.231786972791638179e-01,7.935795429302360260e-01,7.507457877289512860e-01,9.522205415048986543e-01
8.984371642614905618e-01,8.231786972791638179e-01,8.663174444675038055e-01,8.442232496168652345e-01,7.970243580552615059e-01,8.998256329930712782e-01
7.709288694442552048e-01,7.935795429302360260e-01,8.442232496168652345e-01,6.805470843355703181e-01,8.764416259226259776e-01,9.426090033155333225e-01
8.631770415357450377e-01,7.507457877289512860e-01,7.970243580552615059e-01,8.764416259226259776e-01,7.713096643296474264e-01,8.913306368535659496e-01
1.000000000000000000e+00,9.522205415048986543e-01,8.998256329930712782e-01,9.426090033155333225e-01,8.913306368535659496e-01,7.692945301389039203e-01
