7.858648310972440321e-01,7.969050982100366332e-01,7.341801254987454506e-01,8.846756194674453289e-01,7.605790988367812089e-01,8.335342141828875340e-01
7.969050982100366332e-01,6.143732202291714017e-01,8.039206128364324577e-01,8.334185698187609459e-01,7.569275466819904707e-01,8.616647362911188379e-01
7.341801254987454506e-01,8.039206128364324577e-01,7.269720629850797700e-01,7.681718252094245081e-01,7.380711896046211473e-01,8.837183420684989743e-01
8.846756194674453289e-01,8.334185698187609459e-01,7.681718252094245081e-01,6.253709280151610317e-01,8.057264611336291127e-01,9.594839493097695460e-01
7.605790988367812089e-01,7.569275466819904707e-01,7.380711896046211473e-01,8.057264611336291127e-01,7.559519134387430173e-01,8.319333161845098301e-01
8.335342141828875340e-01,8.616647362911188379e-01,8.837183420684989743e-01,9.594839493097695460e-01,8.319333161845098301e-01,7.318037932935236300e-01
