7.278430373930827590e-01,9.123614148726600925e-01,9.170880090517466998e-01,9.265727451664661496e-01,4.997743494110269413e-01,8.713451780441031636e-01
9.123614148726600925e-01,6.137374187164140737e-01,8.032326313074347190e-01,7.867880756225152927e-01,7.697080986566980920e-01,8.416304485490503362e-01
9.170880090517466998e-01,8.032326313074347190e-01,7.199759568529521259e-01,8.815189541041048571e-01,8.182300305487130165e-01,7.337587373027881776e-01
9.265727451664661496e-01,7.867880756225152927e-01,8.815189541041048571e-01,7.903163503660176614e-01,9.514272257301427116e-01,9.597332487838418080e-01
4.997743494110269413e-01,7.697080986566980920e-01,8.182300305487130165e-01,9.514272257301427116e-01,8.736144559514439356e-01,7.557254404077783372e-01
8.713451780441031636e-01,8.416304485490503362e-01,7.337587373027881776e-01,9.597332487838418080e-01,7.557254404077783372e-01,8.273772088730376728e-01
