7.860478751110443474e-01,7.966744779529083553e-01,7.894739622162303405e-01,8.218471495388182113e-01,8.307677606867865938e-01,8.496736314111021926e-01
7.966744779529083553e-01,7.756761633218770546e-01,7.865308460717846950e-01,8.408648968287973924e-01,7.258688269258962711e-01,7.838087176644261689e-01
7.894739622162303405e-01,7.865308460717846950e-01,7.303982841388846348e-01,8.723978270838640414e-01,7.422740721042681011e-01,7.957235677994680678e-01
8.218471495388182113e-01,8.408648968287973924e-01,8.723978270838640414e-01,7.005408451671849557e-01,7.271105687860700550e-01,7.403901616886389148e-01
8.307677606867865938e-01,7.258688269258962711e-01,7.422740721042681011e-01,7.271105687860700550e-01,7.445745516382190621e-01,8.706182497971540757e-01
8.496736314111021926e-01,7.838087176644261689e-01,7.957235677994680678e-01,7.403901616886389148e-01,8.706182497971540757e-01,7.809949147669069669e-01
