7.897822573632754528e-01,9.632997281954206459e-01,9.303912778608603995e-01,8.649827586908093169e-01,8.008397916430208818e-01,8.294185880846267622e-01
9.632997281954206459e-01,6.974325906595019164e-01,9.779755116739785592e-01,8.231140285329078266e-01,7.532359269025064030e-01,9.207428824820823587e-01
9.303912778608603995e-01,9.779755116739785592e-01,8.219750928622074904e-01,7.876440150170868071e-01,7.808789155942078564e-01,9.602950025213555785e-01
8.649827586908093169e-01,8.231140285329078266e-01,7.876440150170868071e-01,7.735374389574096732e-01,8.995985122804072143e-01,8.539581333476861102e-01
8.008397916430208818e-01,7.532359269025064030e-01,7.808789155942078564e-01,8.995985122804072143e-01,7.621522038658571363e-01,7.902269256158426236e-01
8.294185880846267622e-01,9.207428824820823587e-01,9.602950025213555785e-01,8.539581333476861102e-01,7.902269256158426236e-01,7.817788415279950387e-01
