7.936087678905555665e-01,9.385037295136284818e-01,8.182219880153830394e-01,7.784788840429661683e-01,7.840369675148149975e-01,8.321503222921098342e-01
9.385037295136284818e-01,7.643852343933447147e-01,8.716179908059036308e-01,8.004613625762470042e-01,7.970224376489342122e-01,8.380451765650560603e-01
8.182219880153830394e-01,8.716179908059036308e-01,8.341718761318759334e-01,8.006795120249251552e-01,9.202149062748307129e-01,8.497924060487075382e-01
7.784788840429661683e-01,8.004613625762470042e-01,8.006795120249251552e-01,7.212018342101932378e-01,8.596028077923186794e-01,8.251493913195812047e-01
7.840369675148149975e-01,7.970224376489342122e-01,9.202149062748307129e-01,8.596028077923186794e-01,7.506509936228812352e-01,8.713296032689953341e-01
8.321503222921098342e-01,8.380451765650560603e-01,8.497924060487075382e-01,8.251493913195812047e-01,8.713296032689953341e-01,6.517776846160350246e-01
