8.106826536293746388e-01,9.143970596586398214e-01,8.508018800893847322e-01,8.142953856080743513e-01,9.861583887453110320e-01,7.852303290205829844e-01
9.143970596586398214e-01,7.050230731022835151e-01,8.626389812308997707e-01,8.010911866806001980e-01,9.941081015539797727e-01,9.601324056597811962e-01
8.508018800893847322e-01,8.626389812308997707e-01,5.817631354510039987e-01,8.979719452309081751e-01,8.910675134966495881e-01,9.370644599420955290e-01
8.142953856080743513e-01,8.010911866806001980e-01,8.979719452309081751e-01,6.789879026450554855e-01,9.468032301543823914e-01,7.769834852696057004e-01
9.861583887453110320e-01,9.941081015539797727e-01,8.910675134966495881e-01,9.468032301543823914e-01,7.359807317540774108e-01,9.694447572319506712e-01
7.852303290205829844e-01,9.601324056597811962e-01,9.370644599420955290e-01,7.769834852696057004e-01,9.694447572319506712e-01,7.952436837857623786e-01
