8.189070215600899871e-01,8.261060110025461034e-01,8.831278257449483027e-01,8.567576350879072544e-01,7.925870893024283825e-01,7.047012950297592004e-01
8.261060110025461034e-01,7.643521667811979947e-01,7.912810177936089318e-01,8.543168093412000230e-01,7.748701287722931097e-01,8.174482714987374443e-01
8.831278257449483027e-01,7.912810177936089318e-01,7.582486422457380693e-01,8.437239951172617047e-01,7.797524634365654572e-01,7.814795738835885741e-01
8.567576350879072544e-01,8.543168093412000230e-01,8.437239951172617047e-01,6.969242739786992713e-01,9.638754804217710692e-01,9.194014006723750798e-01
7.925870893024283825e-01,7.748701287722931097e-01,7.797524634365654572e-01,9.638754804217710692e-01,7.842401417839869326e-01,7.817500313018418412e-01
7.047012950297592004e-01,8.174482714987374443e-01,7.814795738835885741e-01,9.194014006723750798e-01,7.817500313018418412e-01,7.322434764055368861e-01
