7.524963327885876296e-01,8.209434049182925408e-01,8.210008915875937063e-01,9.111451838369873935e-01,8.950114900175870636e-01,8.989155685723799749e-01
8.209434049182925408e-01,7.911893804642580186e-01,8.343400770023318147e-01,7.552685106234354739e-01,8.953756953661765605e-01,8.297326243924381117e-01
8.210008915875937063e-01,8.343400770023318147e-01,7.195061706095963183e-01,7.806861117243825143e-01,9.049206280327780627e-01,8.121656290314439586e-01
9.111451838369873935e-01,7.552685106234354739e-01,7.806861117243825143e-01,7.387789766068210140e-01,8.229270280527161141e-01,8.225473034109800352e-01
8.950114900175870636e-01,8.953756953661765605e-01,9.049206280327780627e-01,8.229270280527161141e-01,7.791352149146164585e-01,8.020694583202180317e-01
8.989155685723799749e-01,8.297326243924381117e-01,8.121656290314439586e-01,8.225473034109800352e-01,8.020694583202180317e-01,7.052690857511715317e-01
