8.036389505447552040e-01,1.000000000000000000e+00,9.951050348207267637e-01,9.163203408266101802e-01,8.530097286932308842e-01,1.000000000000000000e+00
1.000000000000000000e+00,7.048082048397983357e-01,9.247247924392230090e-01,8.501221431727409295e-01,7.521354030362444876e-01,7.692090500339828774e-01
9.951050348207267637e-01,9.247247924392230090e-01,7.937984626338536742e-01,8.162039010522698090e-01,7.316531307900403514e-01,8.354442609022707522e-01
9.163203408266101802e-01,8.501221431727409295e-01,8.162039010522698090e-01,7.341312609796539768e-01,7.206739989664877610e-01,8.560778302829089581e-01
8.530097286932308842e-01,7.521354030362444876e-01,7.316531307900403514e-01,7.206739989664877610e-01,6.767196001285884499e-01,8.815372330544275492e-01
1.000000000000000000e+00,7.692090500339828774e-01,8.354442609022707522e-01,8.560778302829089581e-01,8.815372330544275492e-01,5.994084959955533476e-01
