7.673972891562933496e-01,9.251116640652012890e-01,8.882151654984545841e-01,8.949510036514016775e-01,8.414216261189325641e-01,9.209795250269477984e-01
9.251116640652012890e-01,7.454689697554343075e-01,8.161331692791146120e-01,8.315611426521208882e-01,8.683348325234548915e-01,7.918188476241169171e-01
8.882151654984545841e-01,8.161331692791146120e-01,8.340076923011295884e-01,8.347647516891362196e-01,8.360375830095664318e-01,7.914989456895841213e-01
8.949510036514016775e-01,8.315611426521208882e-01,8.347647516891362196e-01,7.847276401249970723e-01,8.708459784342333920e-01,8.190554662939691921e-01
8.414216261189325641e-01,8.683348325234548915e-01,8.360375830095664318e-01,8.708459784342333920e-01,8.176768443831127220e-01,7.444063911315236259e-01
9.209795250269477984e-01,7.918188476241169171e-01,7.914989456895841213e-01,8.190554662939691921e-01,7.444063911315236259e-01,7.206760116192835186e-01
