6.640106121682839424e-01,8.608334042112054663e-01,8.224687918838178291e-01,7.575846224336805212e-01,8.494893450516313171e-01,8.709450226715774734e-01
8.608334042112054663e-01,6.753586317705034814e-01,7.898262947846950155e-01,7.941700138712516344e-01,7.015256201358256449e-01,9.409059949753416641e-01
8.224687918838178291e-01,7.898262947846950155e-01,7.537236059742070671e-01,8.594483671359262056e-01,6.454400298735818442e-01,9.371791344646588362e-01
7.575846224336805212e-01,7.941700138712516344e-01,8.594483671359262056e-01,7.581490187580950391e-01,9.361667757038493187e-01,8.455174668651048719e-01
8.494893450516313171e-01,7.015256201358256449e-01,6.454400298735818442e-01,9.361667757038493187e-01,6.618046012352488683e-01,9.827997922685405285e-01
8.709450226715774734e-01,9.409059949753416641e-01,9.371791344646588362e-01,8.455174668651048719e-01,9.827997922685405285e-01,6.959369118693832235e-01
