8.205631935950831179e-01,8.461837355914845205e-01,8.702717722937429734e-01,8.928134117107352496e-01,8.902891962788159752e-01,8.404050868753865089e-01
8.461837355914845205e-01,7.417796503542414266e-01,7.102369360610594207e-01,7.040483637748908841e-01,8.006547127162985111e-01,9.657376496793732557e-01
8.702717722937429734e-01,7.102369360610594207e-01,6.233909554933194652e-01,8.427095651744335170e-01,8.169584577922254232e-01,8.474477787725352984e-01
8.928134117107352496e-01,7.040483637748908841e-01,8.427095651744335170e-01,6.938117403070691580e-01,1.000000000000000000e+00,8.194922863238313093e-01
8.902891962788159752e-01,8.006547127162985111e-01,8.169584577922254232e-01,1.000000000000000000e+00,7.638780957428329410e-01,8.805803507065345093e-01
8.404050868753865089e-01,9.657376496793732557e-01,8.474477787725352984e-01,8.194922863238313093e-01,8.805803507065345093e-01,7.508815142323590486e-01
