6.429293007238806590e-01,8.550141898946236330e-01,8.577628532643278847e-01,7.723049236265362438e-01,9.006640829675361948e-01,7.569123581919040555e-01
8.550141898946236330e-01,7.419496857270062584e-01,6.630264978475192139e-01,8.255804528110277651e-01,6.148988321651628342e-01,8.029902618444088036e-01
8.577628532643278847e-01,6.630264978475192139e-01,7.776348883030297365e-01,8.934907595492990184e-01,6.114536354563098186e-01,8.085750548976301522e-01
7.723049236265362438e-01,8.255804528110277651e-01,8.934907595492990184e-01,5.795887297878116184e-01,8.424877687118282887e-01,7.944123291452612756e-01
9.006640829675361948e-01,6.148988321651628342e-01,6.114536354563098186e-01,8.424877687118282887e-01,7.009107372001331937e-01,9.593027585424317438e-01
7.569123581919040555e-01,8.029902618444088036e-01,8.085750548976301522e-01,7.944123291452612756e-01,9.593027585424317438e-01,8.313920723171325244e-01
