7.452988068638540797e-01,7.875982420058612599e-01,9.203283167660959441e-01,8.156827570932548843e-01,8.063956647443796255e-01,8.158781084639831205e-01
7.875982420058612599e-01,8.187320059282598983e-01,7.971118497105301737e-01,8.694472914531298224e-01,7.933068757633905399e-01,7.479815975247580129e-01
9.203283167660959441e-01,7.971118497105301737e-01,8.775222593203703125e-01,9.342910503836779901e-01,8.483531544267002289e-01,7.470358832565556773e-01
8.156827570932548843e-01,8.694472914531298224e-01,9.342910503836779901e-01,7.553842084750773678e-01,7.804987114841571705e-01,9.048987176582903302e-01
8.063956647443796255e-01,7.933068757633905399e-01,8.483531544267002289e-01,7.804987114841571705e-01,8.479316354306632997e-01,7.503467207196413691e-01
8.158781084639831205e-01,7.479815975247580129e-01,7.470358832565556773e-01,9.048987176582903302e-01,7.503467207196413691e-01,8.535921534147076217e-01
