7.717604521918980387e-01,8.540471439194780023e-01,8.864681487136077953e-01,9.104288347752692578e-01,8.583065621659469180e-01,8.729294012286161752e-01
8.540471439194780023e-01,8.717510546548257189e-01,9.186079598115033384e-01,9.094641013000788199e-01,8.570018368989319457e-01,8.661666150023084043e-01
8.864681487136077953e-01,9.186079598115033384e-01,7.601538173900461715e-01,7.853129694667216887e-01,8.432091464037790862e-01,9.857510344142119685e-01
9.104288347752692578e-01,9.094641013000788199e-01,7.853129694667216887e-01,6.915869933864643437e-01,8.126718597246015419e-01,9.579899831798677212e-01
8.583065621659469180e-01,8.570018368989319457e-01,8.432091464037790862e-01,8.126718597246015419e-01,6.943287909551459913e-01,1.000000000000000000e+00
8.729294012286161752e-01,8.661666150023084043e-01,9.857510344142119685e-01,9.579899831798677212e-01,1.000000000000000000e+00,7.178551421234504737e-01
