6.492559885073484471e-01,8.628201304076729139e-01,8.081291204846072773e-01,9.024882117582189167e-01,8.891496553691219384e-01,8.792288519512322376e-01
8.628201304076729139e-01,7.761754874969906126e-01,7.976866257231476354e-01,8.025446895137045011e-01,8.927787094574825000e-01,8.716637192323445360e-01
8.081291204846072773e-01,7.976866257231476354e-01,5.886021519161072080e-01,8.848916029682875051e-01,7.882826761363678214e-01,8.410006082703319619e-01
9.024882117582189167e-01,8.025446895137045011e-01,8.848916029682875051e-01,6.413891437998480161e-01,8.393244987540419144e-01,7.949444535109050358e-01
8.891496553691219384e-01,8.927787094574825000e-01,7.882826761363678214e-01,8.393244987540419144e-01,7.061871800791310605e-01,8.529459134057099101e-01
8.792288519512322376e-01,8.716637192323445360e-01,8.410006082703319619e-01,7.949444535109050358e-01,8.529459134057099101e-01,7.848311112673705958e-01
