6.254082774514769794e-01,7.892138661837111435e-01,9.163059455294905176e-01,7.032507244961281323e-01,9.809463948165929592e-01,8.424022258363402793e-01
7.892138661837111435e-01,6.697721431853734808e-01,8.643696413187110794e-01,9.211343508959050075e-01,7.957744171986069759e-01,8.707718133925331783e-01
9.163059455294905176e-01,8.643696413187110794e-01,6.558209020667153943e-01,9.756026810780537017e-01,8.108813031545455408e-01,9.100299397367846987e-01
7.032507244961281323e-01,9.211343508959050075e-01,9.756026810780537017e-01,7.718473426176036822e-01,8.926013881907134406e-01,7.988751446074845441e-01
9.809463948165929592e-01,7.957744171986069759e-01,8.108813031545455408e-01,8.926013881907134406e-01,6.543926050097406133e-01,9.920178199123644847e-01
8.424022258363402793e-01,8.707718133925331783e-01,9.100299397367846987e-01,7.988751446074845441e-01,9.920178199123644847e-01,8.175181037747383250e-01
