7.726566727584462946e-01,8.844490253548578096e-01,9.085661620681176887e-01,8.379949134961033330e-01,7.912559271640328129e-01,8.373338508511859457e-01
8.844490253548578096e-01,7.610798295248552003e-01,8.271646720576839584e-01,8.677354456545081085e-01,8.815933101628828927e-01,8.185129416244519840e-01
9.085661620681176887e-01,8.271646720576839584e-01,7.876336906352628953e-01,7.886103365538720267e-01,8.739944590353655451e-01,9.162828623462228039e-01
8.379949134961033330e-01,8.677354456545081085e-01,7.886103365538720267e-01,7.493183826876338438e-01,7.581984198631982474e-01,9.592169629343666459e-01
7.912559271640328129e-01,8.815933101628828927e-01,8.739944590353655451e-01,7.581984198631982474e-01,8.349759717445256468e-01,8.454603302668791676e-01
8.373338508511859457e-01,8.185129416244519840e-01,9.162828623462228039e-01,9.592169629343666459e-01,8.454603302668791676e-01,7.528457140534737801e-01
