6.997390191598941156e-01,8.678356863642823216e-01,9.324432437294926102e-01,1.000000000000000000e+00,9.143311787565453486e-01,9.423464466495623526e-01
8.678356863642823216e-01,6.470412979437559775e-01,8.155019283301351285e-01,7.745352264715292812e-01,7.302974009216839368e-01,8.359658663074007734e-01
9.324432437294926102e-01,8.155019283301351285e-01,7.101265296341249256e-01,8.990264705155626146e-01,9.711871618008741658e-01,9.068122866478387500e-01
1.000000000000000000e+00,7.745352264715292812e-01,8.990264705155626146e-01,7.536205356453916648e-01,9.500908385581493532e-01,8.532695201928012230e-01
9.143311787565453486e-01,7.302974009216839368e-01,9.711871618008741658e-01,9.500908385581493532e-01,7.757984658505692188e-01,8.929175277515756237e-01
9.423464466495623526e-01,8.359658663074007734e-01,9.068122866478387500e-01,8.532695201928012230e-01,8.929175277515756237e-01,8.410384793176950424e-01
