5.824735956639536250e-01,8.649165719157193566e-01,8.884971437340869471e-01,8.646997897251876841e-01,7.373071237343395978e-01,6.774269549778986210e-01
8.649165719157193566e-01,7.464106867935824674e-01,7.853275593708267666e-01,8.315467915211388616e-01,7.837330352150805313e-01,7.675653576582487370e-01
8.884971437340869471e-01,7.853275593708267666e-01,7.818660310602817409e-01,8.971229396911407639e-01,7.544158728516913159e-01,8.422427040528884801e-01
8.646997897251876841e-01,8.315467915211388616e-01,8.971229396911407639e-01,7.203114918037347714e-01,5.942016936310078323e-01,6.117708583006024048e-01
7.373071237343395978e-01,7.837330352150805313e-01,7.544158728516913159e-01,5.942016936310078323e-01,7.179904823804896807e-01,8.833921208663489955e-01
6.774269549778986210e-01,7.675653576582487370e-01,8.422427040528884801e-01,6.117708583006024048e-01,8.833921208663489955e-01,6.760802037975972567e-01
