7.751707356650848757e-01,8.057288392683460421e-01,8.253372334289380552e-01,8.100218221762465198e-01,9.293079066967259161e-01,8.734259821758029174e-01
8.057288392683460421e-01,6.024457597505371576e-01,7.642896805559703521e-01,7.049867372854752290e-01,7.642523912489936899e-01,7.467353306808339752e-01
8.253372334289380552e-01,7.642896805559703521e-01,8.364993127146376217e-01,9.567144444315583973e-01,5.846729631936999905e-01,7.212606362955370498e-01
8.100218221762465198e-01,7.049867372854752290e-01,9.567144444315583973e-01,7.265489446162399778e-01,9.092037277654435590e-01,8.220247732931292850e-01
9.293079066967259161e-01,7.642523912489936899e-01,5.846729631936999905e-01,9.092037277654435590e-01,8.906267932127502895e-01,8.104023973739929998e-01
8.734259821758029174e-01,7.467353306808339752e-01,7.212606362955370498e-01,8.220247732931292850e-01,8.104023973739929998e-01,7.422484671406025525e-01
