7.535266759744193577e-01,8.797095338623163174e-01,7.881667228235434974e-01,8.414078526621265874e-01,8.620092622770872959e-01,7.710271781290867210e-01
8.797095338623163174e-01,8.332908359148388788e-01,6.987675111886865187e-01,8.077230303418693191e-01,7.623536768348398995e-01,7.333099757938897900e-01
7.881667228235434974e-01,6.987675111886865187e-01,6.966908397504120165e-01,7.983836907198970101e-01,8.502194685850291700e-01,8.921239480058223981e-01
8.414078526621265874e-01,8.077230303418693191e-01,7.983836907198970101e-01,6.808434304721576735e-01,8.581966434314148851e-01,7.767561193697920530e-01
8.620092622770872959e-01,7.623536768348398995e-01,8.502194685850291700e-01,8.581966434314148851e-01,7.676611350260467148e-01,7.847553303167270622e-01
7.710271781290867210e-01,7.333099757938897900e-01,8.921239480058223981e-01,7.767561193697920530e-01,7.847553303167270622e-01,7.577169273804101879e-01
