6.959303426355613054e-01,8.584153249783484929e-01,9.209703294859359346e-01,8.760082456857339883e-01,8.237383822194138672e-01,8.463371096986237463e-01
8.584153249783484929e-01,8.038876963079993887e-01,9.251792225819159832e-01,7.687545308328820326e-01,7.864176966560427751e-01,8.118215802286147253e-01
9.209703294859359346e-01,9.251792225819159832e-01,7.900976107110916358e-01,8.992097354510875107e-01,8.147464752114709219e-01,8.639689776552664791e-01
8.760082456857339883e-01,7.687545308328820326e-01,8.992097354510875107e-01,7.388281085048319374e-01,8.664514799141945778e-01,8.948690967675346775e-01
8.237383822194138672e-01,7.864176966560427751e-01,8.147464752114709219e-01,8.664514799141945778e-01,7.186741884058115426e-01,8.473763421620262859e-01
8.463371096986237463e-01,8.118215802286147253e-01,8.639689776552664791e-01,8.948690967675346775e-01,8.473763421620262859e-01,7.186459650803628252e-01
