7.481180528179921518e-01,6.610178284568718476e-01,6.696247417002596514e-01,7.698762853880537493e-01,8.372396748605037686e-01,8.746874765848221545e-01
6.610178284568718476e-01,7.278898543926644038e-01,8.416638727485864502e-01,8.987861206095746347e-01,9.283341802979173663e-01,8.019625261953017281e-01
6.696247417002596514e-01,8.416638727485864502e-01,7.318835281625105660e-01,7.945713957386808524e-01,8.062142076983184191e-01,7.707594543218730943e-01
7.698762853880537493e-01,8.987861206095746347e-01,7.945713957386808524e-01,8.050139480787540380e-01,8.600896508319340050e-01,9.082009195825945236e-01
8.372396748605037686e-01,9.283341802979173663e-01,8.062142076983184191e-01,8.600896508319340050e-01,7.625799337785946763e-01,8.458207608391359322e-01
8.746874765848221545e-01,8.019625261953017281e-01,7.707594543218730943e-01,9.082009195825945236e-01,8.458207608391359322e-01,7.052675183591877728e-01
