7.414560771607310308e-01,8.700453028553688517e-01,1.000000000000000000e+00,8.939105421452374634e-01,9.284682807564266227e-01,6.916596079009278419e-01
8.700453028553688517e-01,7.131986032470342129e-01,8.562166988048908189e-01,7.799725477050357680e-01,6.884064645489087475e-01,8.300042265057996360e-01
1.000000000000000000e+00,8.562166988048908189e-01,6.253899939443544609e-01,9.511815838567554415e-01,9.073924531185942888e-01,9.933218973611834812e-01
8.939105421452374634e-01,7.799725477050357680e-01,9.511815838567554415e-01,5.864220457133385578e-01,8.770193819207016128e-01,9.267974381008551310e-01
9.284682807564266227e-01,6.884064645489087475e-01,9.073924531185942888e-01,8.770193819207016128e-01,8.623163503806785535e-01,9.873962214563999362e-01
6.916596079009278419e-01,8.300042265057996360e-01,9.933218973611834812e-01,9.267974381008551310e-01,9.873962214563999362e-01,6.958880563529622476e-01
