7.128950032074191645e-01,8.552917511374568127e-01,8.660171460336916205e-01,9.037955643422574958e-01,6.822534988291848457e-01,8.030441905188028251e-01
8.552917511374568127e-01,6.607369319980704869e-01,7.922591428915909395e-01,8.100000863475380619e-01,7.951939849517112302e-01,8.266411270441418324e-01
8.660171460336916205e-01,7.922591428915909395e-01,7.311262238247261402e-01,9.096970903354395510e-01,7.442957080047859497e-01,7.833560095719597216e-01
9.037955643422574958e-01,8.100000863475380619e-01,9.096970903354395510e-01,7.527004931639676988e-01,7.734996709828717565e-01,6.991431377636255773e-01
6.822534988291848457e-01,7.951939849517112302e-01,7.442957080047859497e-01,7.734996709828717565e-01,6.751127197727143647e-01,7.610491671221880638e-01
8.030441905188028251e-01,8.266411270441418324e-01,7.833560095719597216e-01,6.991431377636255773e-01,7.610491671221880638e-01,8.069447777875549122e-01
