7.449535389933963359e-01,8.256080102669166587e-01,8.203166061327190617e-01,8.650700293674674635e-01,7.549816379088852836e-01,8.043911305499417130e-01
8.256080102669166587e-01,7.578560692536333576e-01,7.572612214897175287e-01,8.741251540115467789e-01,7.822847936343565456e-01,8.148368146690136982e-01
8.203166061327190617e-01,7.572612214897175287e-01,7.134160278089464180e-01,8.420788575893096706e-01,8.384974363131743047e-01,8.508848084455179483e-01
8.650700293674674635e-01,8.741251540115467789e-01,8.420788575893096706e-01,7.470716525405239894e-01,8.279188604278565622e-01,8.281766539236379288e-01
7.549816379088852836e-01,7.822847936343565456e-01,8.384974363131743047e-01,8.279188604278565622e-01,6.987888240340426327e-01,9.058919383732173536e-01
8.043911305499417130e-01,8.148368146690136982e-01,8.508848084455179483e-01,8.281766539236379288e-01,9.058919383732173536e-01,7.130070869003976020e-01
