7.549555957187378263e-01,7.745343122063205188e-01,8.060770125155892751e-01,9.002706834755406229e-01,7.937144890937882780e-01,7.905881334481200673e-01
7.745343122063205188e-01,8.042767344828248843e-01,7.773950579022438356e-01,8.721968489054202633e-01,8.269669992084279775e-01,6.471315612945952589e-01
8.060770125155892751e-01,7.773950579022438356e-01,7.662663330885894908e-01,8.866656572372363376e-01,6.815970394302591773e-01,7.895233976347513227e-01
9.002706834755406229e-01,8.721968489054202633e-01,8.866656572372363376e-01,5.289662115366380313e-01,8.723521109974913257e-01,8.627462340549120201e-01
7.937144890937882780e-01,8.269669992084279775e-01,6.815970394302591773e-01,8.723521109974913257e-01,6.911594178507085573e-01,9.236501476499742180e-01
7.905881334481200673e-01,6.471315612945952589e-01,7.895233976347513227e-01,8.627462340549120201e-01,9.236501476499742180e-01,6.172534487139643700e-01
