7.759188545123317793e-01,7.610847936438075445e-01,7.029409078388854093e-01,8.118824779154850679e-01,9.235221494179883805e-01,8.852331340513628355e-01
7.610847936438075445e-01,5.935563602058836485e-01,7.093260698033320155e-01,8.178238587566099005e-01,9.300687810669979738e-01,8.979010610788406010e-01
7.029409078388854093e-01,7.093260698033320155e-01,7.718530823436170474e-01,7.526081696697016765e-01,7.885352969556705949e-01,7.531872209001678753e-01
8.118824779154850679e-01,8.178238587566099005e-01,7.526081696697016765e-01,7.438655435746054367e-01,9.252520830423615061e-01,8.085749979632183004e-01
9.235221494179883805e-01,9.300687810669979738e-01,7.885352969556705949e-01,9.252520830423615061e-01,6.265487386011093784e-01,1.000000000000000000e+00
8.852331340513628355e-01,8.979010610788406010e-01,7.531872209001678753e-01,8.085749979632183004e-01,1.000000000000000000e+00,6.576037666136057558e-01
