8.270931691000041885e-01,7.819451753962193274e-01,8.920920727882225565e-01,8.709115782265222094e-01,7.856184756079097609e-01,9.124529782828133539e-01
7.819451753962193274e-01,7.924310110270719187e-01,8.116505725105488400e-01,6.996071043801913580e-01,9.026566974464494963e-01,7.024568999703543204e-01
8.920920727882225565e-01,8.116505725105488400e-01,8.270004924828482373e-01,8.370250015329347981e-01,7.784210685182428868e-01,6.743851032535808088e-01
8.709115782265222094e-01,6.996071043801913580e-01,8.370250015329347981e-01,7.979813600666627593e-01,8.377913599774289288e-01,8.332465105269818428e-01
7.856184756079097609e-01,9.026566974464494963e-01,7.784210685182428868e-01,8.377913599774289288e-01,7.270197696745605009e-01,9.635023118784421525e-01
9.124529782828133539e-01,7.024568999703543204e-01,6.743851032535808088e-01,8.332465105269818428e-01,9.635023118784421525e-01,7.276708298392081664e-01
