7.542210371868228735e-01,9.280186936247490914e-01,7.998622717464072274e-01,8.916077862168086954e-01,8.976488839740467407e-01,9.013246734848502362e-01
9.280186936247490914e-01,7.361753542484149593e-01,8.201485839798708932e-01,8.837269189903573796e-01,7.542545860466961516e-01,8.108879677393656671e-01
7.998622717464072274e-01,8.201485839798708932e-01,7.451714527760714413e-01,7.633930159505077917e-01,8.701102600449145408e-01,7.472663382788010678e-01
8.916077862168086954e-01,8.837269189903573796e-01,7.633930159505077917e-01,5.841467296692639533e-01,8.522191220238760634e-01,8.121146559643303009e-01
8.976488839740467407e-01,7.542545860466961516e-01,8.701102600449145408e-01,8.522191220238760634e-01,8.390477825298722214e-01,9.362741316870589747e-01
9.013246734848502362e-01,8.108879677393656671e-01,7.472663382788010678e-01,8.121146559643303009e-01,9.362741316870589747e-01,6.272837379433985339e-01
