6.549161964853325024e-01,7.573996269900820089e-01,7.239568120997894596e-01,8.740098642387869043e-01,7.711813639431528422e-01,7.933727478912199205e-01
7.573996269900820089e-01,5.703216421866134089e-01,9.350326153754048297e-01,8.842921240551419038e-01,6.222029886584136138e-01,7.337466062750452878e-01
7.239568120997894596e-01,9.350326153754048297e-01,6.490133661738650694e-01,8.567989542380997081e-01,7.485093227094354873e-01,7.305301784107899321e-01
8.740098642387869043e-01,8.842921240551419038e-01,8.567989542380997081e-01,6.640459282548093478e-01,8.328187108491894586e-01,8.824429536172107014e-01
7.711813639431528422e-01,6.222029886584136138e-01,7.485093227094354873e-01,8.328187108491894586e-01,7.880986481587030079e-01,7.397138890480087214e-01
7.933727478912199205e-01,7.337466062750452878e-01,7.305301784107899321e-01,8.824429536172107014e-01,7.397138890480087214e-01,7.093056864928080074e-01
