7.439049455359784124e-01,8.961316270256843852e-01,7.502063684113616793e-01,8.240617206902989267e-01,8.821245524063341392e-01,7.888517608315389618e-01
8.961316270256843852e-01,6.332959239905456839e-01,8.230390282884609832e-01,9.434333696135784875e-01,8.646958416584055174e-01,8.560587323952555394e-01
7.502063684113616793e-01,8.230390282884609832e-01,6.840194068387885906e-01,8.252032728099297776e-01,7.794800135783984674e-01,8.397376065124038114e-01
8.240617206902989267e-01,9.434333696135784875e-01,8.252032728099297776e-01,6.644825684286987943e-01,7.632795955282339895e-01,7.847233712893008084e-01
8.821245524063341392e-01,8.646958416584055174e-01,7.794800135783984674e-01,7.632795955282339895e-01,6.065086662742943391e-01,8.763419423107100537e-01
7.888517608315389618e-01,8.560587323952555394e-01,8.397376065124038114e-01,7.847233712893008084e-01,8.763419423107100537e-01,7.240434046130858059e-01
