7.387595603916645715e-01,8.305429460648325879e-01,8.512864037323867317e-01,8.698547323322417535e-01,8.302375155192777134e-01,8.263400971372217851e-01
8.305429460648325879e-01,6.713049611412440498e-01,8.251200729101442199e-01,7.610692193991765997e-01,8.388749121743287462e-01,7.680950402173447600e-01
8.512864037323867317e-01,8.251200729101442199e-01,7.089875335895577946e-01,8.066252156326162437e-01,8.973845190815875617e-01,8.170641456183590501e-01
8.698547323322417535e-01,7.610692193991765997e-01,8.066252156326162437e-01,6.650875890799203827e-01,9.980735972070468032e-01,8.760303742458063203e-01
8.302375155192777134e-01,8.388749121743287462e-01,8.973845190815875617e-01,9.980735972070468032e-01,8.167922337656191578e-01,9.606049821882981510e-01
8.263400971372217851e-01,7.680950402173447600e-01,8.170641456183590501e-01,8.760303742458063203e-01,9.606049821882981510e-01,8.063412839325950765e-01
