7.656380280066873434e-01,9.682136871987215843e-01,9.562718749309606636e-01,8.979712929921549458e-01,7.053863782344457212e-01,7.406535325037624240e-01
9.682136871987215843e-01,7.935635229328520390e-01,8.546008130223802235e-01,6.507531911297265159e-01,8.196426564849094154e-01,9.167552994223396867e-01
9.562718749309606636e-01,8.546008130223802235e-01,8.172266862424036882e-01,7.873780308032868325e-01,8.727423290323303995e-01,9.660230408811969482e-01
8.979712929921549458e-01,6.507531911297265159e-01,7.873780308032868325e-01,6.495018444881557329e-01,1.000000000000000000e+00,9.923199195667663508e-01
7.053863782344457212e-01,8.196426564849094154e-01,8.727423290323303995e-01,1.000000000000000000e+00,6.524505993048984598e-01,5.742016358635488871e-01
7.406535325037624240e-01,9.167552994223396867e-01,9.660230408811969482e-01,9.923199195667663508e-01,5.742016358635488871e-01,6.313976849325539931e-01
