7.487008770690914972e-01,7.933476417855492846e-01,7.989102942651630235e-01,7.912707199947771608e-01,7.047420724091658650e-01,7.188707530251950972e-01
7.933476417855492846e-01,7.043673809393026231e-01,8.321053924349568476e-01,9.158513677641666462e-01,8.839969228491977304e-01,9.436299113734442079e-01
7.989102942651630235e-01,8.321053924349568476e-01,6.795738225319459813e-01,9.055982634877031145e-01,8.988470885477545247e-01,9.556404683906430941e-01
7.912707199947771608e-01,9.158513677641666462e-01,9.055982634877031145e-01,7.594317677270064904e-01,8.761051030983407761e-01,7.722648608404285575e-01
7.047420724091658650e-01,8.839969228491977304e-01,8.988470885477545247e-01,8.761051030983407761e-01,6.890553245728732179e-01,9.105436733057628018e-01
7.188707530251950972e-01,9.436299113734442079e-01,9.556404683906430941e-01,7.722648608404285575e-01,9.105436733057628018e-01,8.214046329445631178e-01
