5.407718476951915987e-01,7.863656369674153490e-01,8.405891268311699305e-01,8.785374068780072987e-01,7.680774895867333862e-01,8.360270628179006236e-01
7.863656369674153490e-01,7.482335587706031577e-01,8.446291313359407527e-01,7.940042788354184644e-01,7.423384804544835847e-01,6.965805295670052244e-01
8.405891268311699305e-01,8.446291313359407527e-01,8.436739886812844036e-01,7.945544484681702491e-01,8.807055421991275557e-01,7.791435016776736555e-01
8.785374068780072987e-01,7.940042788354184644e-01,7.945544484681702491e-01,7.901409336816579421e-01,7.335808140045574355e-01,6.557339758606990365e-01
7.680774895867333862e-01,7.423384804544835847e-01,8.807055421991275557e-01,7.335808140045574355e-01,6.918097696660908680e-01,7.471230814267508791e-01
8.360270628179006236e-01,6.965805295670052244e-01,7.791435016776736555e-01,6.557339758606990365e-01,7.471230814267508791e-01,6.437284591895594543e-01
