7.922874917198662326e-01,9.024864436551734981e-01,9.040669174357973681e-01,9.414101924413221800e-01,8.365253000536615469e-01,9.567154448760120111e-01
9.024864436551734981e-01,8.179151003079371263e-01,8.673087402372252619e-01,8.458239044085734681e-01,8.574628365017390452e-01,8.734830094417143087e-01
9.040669174357973681e-01,8.673087402372252619e-01,7.949426155575651798e-01,9.098901741137872534e-01,8.493101432168272957e-01,8.922014728331442157e-01
9.414101924413221800e-01,8.458239044085734681e-01,9.098901741137872534e-01,7.634913235237474893e-01,9.072533993430581534e-01,9.179166532894291741e-01
8.365253000536615469e-01,8.574628365017390452e-01,8.493101432168272957e-01,9.072533993430581534e-01,7.592124631270479318e-01,7.736733345377491133e-01
9.567154448760120111e-01,8.734830094417143087e-01,8.922014728331442157e-01,9.179166532894291741e-01,7.736733345377491133e-01,5.902311307927625705e-01
