7.849006889583707292e-01,6.413369786580638277e-01,7.663253653569533919e-01,8.001746299637466642e-01,7.542812500704704215e-01,7.370995775808663053e-01
6.413369786580638277e-01,7.849284868934814918e-01,8.370999809545111026e-01,9.621802756749193719e-01,8.629443916844768969e-01,8.103527439399060839e-01
7.663253653569533919e-01,8.370999809545111026e-01,7.988343496428362833e-01,8.471756032433125361e-01,8.236516219549209206e-01,7.079226393134789852e-01
8.001746299637466642e-01,9.621802756749193719e-01,8.471756032433125361e-01,7.237996076201382856e-01,8.393245379649910687e-01,8.423986475113425243e-01
7.542812500704704215e-01,8.629443916844768969e-01,8.236516219549209206e-01,8.393245379649910687e-01,7.618465508653583518e-01,6.302613627842497124e-01
7.370995775808663053e-01,8.103527439399060839e-01,7.079226393134789852e-01,8.423986475113425243e-01,6.302613627842497124e-01,6.968902195871047311e-01
