8.306097967006368377e-01,9.834869415834774919e-01,9.917911233976132168e-01,9.129642145120878682e-01,8.668921767941467627e-01,8.245390120048877725e-01
9.834869415834774919e-01,7.896065397481421000e-01,8.826424163926126498e-01,9.048689438480860270e-01,9.065999425820608915e-01,9.165684151822661718e-01
9.917911233976132168e-01,8.826424163926126498e-01,7.563807905267857512e-01,9.887013227339526145e-01,8.913036306797138542e-01,9.261227823914607304e-01
9.129642145120878682e-01,9.048689438480860270e-01,9.887013227339526145e-01,7.641052610667128375e-01,6.981722084495635139e-01,8.153027784941376810e-01
8.668921767941467627e-01,9.065999425820608915e-01,8.913036306797138542e-01,6.981722084495635139e-01,7.580688404132803759e-01,7.964868125274074950e-01
8.245390120048877725e-01,9.165684151822661718e-01,9.261227823914607304e-01,8.153027784941376810e-01,7.964868125274074950e-01,7.292464477312611271e-01
