7.424436817692572355e-01,7.823309425841852294e-01,8.809376810441880146e-01,6.519514917569533274e-01,8.540526857158456941e-01,7.828483660512989273e-01
7.823309425841852294e-01,7.649443358328799070e-01,7.660133303349333511e-01,6.792250225421710974e-01,7.500180847991345656e-01,7.809381646639481644e-01
8.809376810441880146e-01,7.660133303349333511e-01,6.982345297685220720e-01,7.566612923428065463e-01,6.385015987968071238e-01,8.719847820587665055e-01
6.519514917569533274e-01,6.792250225421710974e-01,7.566612923428065463e-01,8.208844608207167548e-01,7.153082767071167192e-01,7.234313194663215540e-01
8.540526857158456941e-01,7.500180847991345656e-01,6.385015987968071238e-01,7.153082767071167192e-01,7.114111140314894888e-01,6.962550372288568434e-01
7.828483660512989273e-01,7.809381646639481644e-01,8.719847820587665055e-01,7.234313194663215540e-01,6.962550372288568434e-01,6.930145982250511816e-01
