8.249810378994243409e-01,8.137148057144605318e-01,8.436991549391373857e-01,8.051587953310526125e-01,7.217507026747282950e-01,6.623211528924696223e-01
8.137148057144605318e-01,8.361919695751315329e-01,8.274264215330138228e-01,8.038872880146729072e-01,7.797415309011568318e-01,8.379345214895086436e-01
8.436991549391373857e-01,8.274264215330138228e-01,7.304723596308934086e-01,9.845410322603761477e-01,9.922816559173028850e-01,8.545891040927493520e-01
8.051587953310526125e-01,8.038872880146729072e-01,9.845410322603761477e-01,7.198162080415692055e-01,8.981859784968658778e-01,7.994931301881996744e-01
7.217507026747282950e-01,7.797415309011568318e-01,9.922816559173028850e-01,8.981859784968658778e-01,6.014142829159817571e-01,8.518326602511531176e-01
6.623211528924696223e-01,8.379345214895086436e-01,8.545891040927493520e-01,7.994931301881996744e-01,8.518326602511531176e-01,6.765328214076209434e-01
