1.000000000000000000e+00,2.876031860443015176e-01,2.518565894660113602e-01,2.947023320059370954e-01,2.851029145971935574e-01,3.025404036151806419e-01
2.876031860443015176e-01,1.000000000000000000e+00,3.335622222648479407e-01,3.378413816510421053e-01,2.863563607774201047e-01,3.167082495140088327e-01
2.518565894660113602e-01,3.335622222648479407e-01,1.000000000000000000e+00,3.369690223505608095e-01,2.745536567660982752e-01,2.993764475941541048e-01
2.947023320059370954e-01,3.378413816510421053e-01,3.369690223505608095e-01,1.000000000000000000e+00,3.000725871881163020e-01,3.143928301275968895e-01
2.851029145971935574e-01,2.863563607774201047e-01,2.745536567660982752e-01,3.000725871881163020e-01,1.000000000000000000e+00,3.410881170979080390e-01
3.025404036151806419e-01,3.167082495140088327e-01,2.993764475941541048e-01,3.143928301275968895e-01,3.410881170979080390e-01,1.000000000000000000e+00
