1.000000000000000000e+00,4.192559439168890845e-01,3.613809678268929404e-01,3.644198509592802560e-01,3.745273249588636499e-01,4.284642194802324444e-01
4.192559439168890845e-01,1.000000000000000000e+00,4.791387201681014951e-01,3.741554826460129490e-01,3.696300049502664886e-01,4.103223551506486877e-01
3.613809678268929404e-01,4.791387201681014951e-01,1.000000000000000000e+00,4.225641093021195727e-01,3.738122308409769778e-01,4.052629556503731245e-01
3.644198509592802560e-01,3.741554826460129490e-01,4.225641093021195727e-01,1.000000000000000000e+00,3.723159018529926256e-01,3.799320366658267556e-01
3.745273249588636499e-01,3.696300049502664886e-01,3.738122308409769778e-01,3.723159018529926256e-01,1.000000000000000000e+00,4.615006723724041637e-01
4.284642194802324444e-01,4.103223551506486877e-01,4.052629556503731245e-01,3.799320366658267556e-01,4.615006723724041637e-01,1.000000000000000000e+00
