1.000000000000000000e+00,2.919092311381414340e-01,3.359216678418543434e-01,3.217581072074512383e-01,3.350930608257718935e-01,3.333776430246190858e-01
2.919092311381414340e-01,1.000000000000000000e+00,3.181386614988216954e-01,2.618125496530059326e-01,2.895413591586532553e-01,2.887032399655521941e-01
3.359216678418543434e-01,3.181386614988216954e-01,1.000000000000000000e+00,3.622189848694387648e-01,3.707841335165575347e-01,3.220015021494697094e-01
3.217581072074512383e-01,2.618125496530059326e-01,3.622189848694387648e-01,1.000000000000000000e+00,4.227509407277696418e-01,2.976514160075532378e-01
3.350930608257718935e-01,2.895413591586532553e-01,3.707841335165575347e-01,4.227509407277696418e-01,1.000000000000000000e+00,3.168909819977411835e-01
3.333776430246190858e-01,2.887032399655521941e-01,3.220015021494697094e-01,2.976514160075532378e-01,3.168909819977411835e-01,1.000000000000000000e+00
