1.000000000000000000e+00,3.311903868759907277e-01,2.871392855954826295e-01,2.744068625442101506e-01,3.099580864672913938e-01,3.172065829907958490e-01
3.311903868759907277e-01,1.000000000000000000e+00,3.698182206577896314e-01,2.891442990949131264e-01,2.656847033747321563e-01,2.704460081323977749e-01
2.871392855954826295e-01,3.698182206577896314e-01,1.000000000000000000e+00,3.216263909798364184e-01,2.795787520443929752e-01,2.485196439941309843e-01
2.744068625442101506e-01,2.891442990949131264e-01,3.216263909798364184e-01,1.000000000000000000e+00,3.002914584312071922e-01,2.468167318234111562e-01
3.099580864672913938e-01,2.656847033747321563e-01,2.795787520443929752e-01,3.002914584312071922e-01,1.000000000000000000e+00,2.760380710944295712e-01
3.172065829907958490e-01,2.704460081323977749e-01,2.485196439941309843e-01,2.468167318234111562e-01,2.760380710944295712e-01,1.000000000000000000e+00
