1.000000000000000000e+00,3.562955640931106949e-01,2.879180146140623564e-01,2.700841284717142576e-01,2.697083371794710693e-01,2.749518026021668393e-01
3.562955640931106949e-01,1.000000000000000000e+00,3.223070848971413827e-01,3.022700720867022572e-01,2.686153876294045117e-01,2.832930410543849087e-01
2.879180146140623564e-01,3.223070848971413827e-01,1.000000000000000000e+00,3.060835467038313662e-01,2.837754664077966060e-01,2.815901467696280136e-01
2.700841284717142576e-01,3.022700720867022572e-01,3.060835467038313662e-01,1.000000000000000000e+00,3.401588362884012118e-01,2.531269896641140105e-01
2.697083371794710693e-01,2.686153876294045117e-01,2.837754664077966060e-01,3.401588362884012118e-01,1.000000000000000000e+00,2.797759939388285155e-01
2.749518026021668393e-01,2.832930410543849087e-01,2.815901467696280136e-01,2.531269896641140105e-01,2.797759939388285155e-01,1.000000000000000000e+00
