1.000000000000000000e+00,3.193121017092846459e-01,3.673543164043217568e-01,3.826221526225642156e-01,3.661047908160230957e-01,3.563530596502713088e-01
3.193121017092846459e-01,1.000000000000000000e+00,3.064625144386919353e-01,3.178761124380430902e-01,3.433424166812664158e-01,2.863752250771665619e-01
3.673543164043217568e-01,3.064625144386919353e-01,1.000000000000000000e+00,3.573369072820577474e-01,3.500797045236685445e-01,3.004903722681333544e-01
3.826221526225642156e-01,3.178761124380430902e-01,3.573369072820577474e-01,1.000000000000000000e+00,7.274227907101744606e-01,3.352668309124446355e-01
3.661047908160230957e-01,3.433424166812664158e-01,3.500797045236685445e-01,7.274227907101744606e-01,1.000000000000000000e+00,3.332188101721255680e-01
3.563530596502713088e-01,2.863752250771665619e-01,3.004903722681333544e-01,3.352668309124446355e-01,3.332188101721255680e-01,1.000000000000000000e+00
