1.000000000000000000e+00,3.514323001901034638e-01,2.616378490699460824e-01,2.773365130359446984e-01,3.072703421685272773e-01,3.229858983277334450e-01
3.514323001901034638e-01,1.000000000000000000e+00,3.239099330878867922e-01,2.701421020637288506e-01,2.621153896238991865e-01,2.623655168766915180e-01
2.616378490699460824e-01,3.239099330878867922e-01,1.000000000000000000e+00,2.763418963782074411e-01,2.638666517953398016e-01,2.819975709787733154e-01
2.773365130359446984e-01,2.701421020637288506e-01,2.763418963782074411e-01,1.000000000000000000e+00,2.609877149963727994e-01,2.385265588509143109e-01
3.072703421685272773e-01,2.621153896238991865e-01,2.638666517953398016e-01,2.609877149963727994e-01,1.000000000000000000e+00,6.229765304521380775e-01
3.229858983277334450e-01,2.623655168766915180e-01,2.819975709787733154e-01,2.385265588509143109e-01,6.229765304521380775e-01,1.000000000000000000e+00
