1.000000000000000000e+00,3.569178190176856558e-01,2.852444572129996248e-01,3.191703071549671367e-01,3.296742954568122053e-01,3.522584142634774262e-01
3.569178190176856558e-01,1.000000000000000000e+00,3.578613565092848003e-01,3.035253886304594695e-01,2.934883305005318577e-01,3.241235806790060958e-01
2.852444572129996248e-01,3.578613565092848003e-01,1.000000000000000000e+00,3.680869842473694642e-01,3.214025143055020406e-01,3.049350154675549707e-01
3.191703071549671367e-01,3.035253886304594695e-01,3.680869842473694642e-01,1.000000000000000000e+00,3.603248990263285823e-01,3.224797652069571474e-01
3.296742954568122053e-01,2.934883305005318577e-01,3.214025143055020406e-01,3.603248990263285823e-01,1.000000000000000000e+00,3.889407122723840260e-01
3.522584142634774262e-01,3.241235806790060958e-01,3.049350154675549707e-01,3.224797652069571474e-01,3.889407122723840260e-01,1.000000000000000000e+00
