1.000000000000000000e+00,3.416260501531745430e-01,2.561960880571726440e-01,2.833260193017279049e-01,3.256088550702186390e-01,3.581980605466891787e-01
3.416260501531745430e-01,1.000000000000000000e+00,2.935686430518609780e-01,2.940153174809579939e-01,3.128426205411413141e-01,3.725176134334644562e-01
2.561960880571726440e-01,2.935686430518609780e-01,1.000000000000000000e+00,2.960291679903164219e-01,2.864041473824605055e-01,2.614388328347018731e-01
2.833260193017279049e-01,2.940153174809579939e-01,2.960291679903164219e-01,1.000000000000000000e+00,4.339396803663553293e-01,3.480604372452327788e-01
3.256088550702186390e-01,3.128426205411413141e-01,2.864041473824605055e-01,4.339396803663553293e-01,1.000000000000000000e+00,3.736375677196276945e-01
3.581980605466891787e-01,3.725176134334644562e-01,2.614388328347018731e-01,3.480604372452327788e-01,3.736375677196276945e-01,1.000000000000000000e+00
