1.000000000000000000e+00,2.714664592293408729e-01,2.697188498036732773e-01,3.219663787395335985e-01,3.064168098605533075e-01,3.978730953545506210e-01
2.714664592293408729e-01,1.000000000000000000e+00,3.737155412119850806e-01,2.740732846269456346e-01,2.720409093413714285e-01,2.674767212941307482e-01
2.697188498036732773e-01,3.737155412119850806e-01,1.000000000000000000e+00,2.641387468629684543e-01,2.618621972140695031e-01,2.690325938938713524e-01
3.219663787395335985e-01,2.740732846269456346e-01,2.641387468629684543e-01,1.000000000000000000e+00,3.243908417906875008e-01,3.446402625288487176e-01
3.064168098605533075e-01,2.720409093413714285e-01,2.618621972140695031e-01,3.243908417906875008e-01,1.000000000000000000e+00,3.657476774956962551e-01
3.978730953545506210e-01,2.674767212941307482e-01,2.690325938938713524e-01,3.446402625288487176e-01,3.657476774956962551e-01,1.000000000000000000e+00
