1.000000000000000000e+00,4.298363161091331430e-01,2.537878726165462839e-01,2.585567510641984534e-01,2.742288597085622559e-01,2.904220753358772167e-01
4.298363161091331430e-01,1.000000000000000000e+00,2.627296428133619188e-01,2.659006871740408617e-01,2.941343469513145736e-01,2.817812321343055593e-01
2.537878726165462839e-01,2.627296428133619188e-01,1.000000000000000000e+00,2.867111734222235198e-01,2.767727705199250487e-01,2.686688577685887869e-01
2.585567510641984534e-01,2.659006871740408617e-01,2.867111734222235198e-01,1.000000000000000000e+00,2.675269287513193928e-01,2.415718216910642813e-01
2.742288597085622559e-01,2.941343469513145736e-01,2.767727705199250487e-01,2.675269287513193928e-01,1.000000000000000000e+00,3.456594186282954673e-01
2.904220753358772167e-01,2.817812321343055593e-01,2.686688577685887869e-01,2.415718216910642813e-01,3.456594186282954673e-01,1.000000000000000000e+00
