1.000000000000000000e+00,4.130257913007240878e-01,2.903675226095824846e-01,2.919776731442396134e-01,2.814708256975187450e-01,3.328966467319579015e-01
4.130257913007240878e-01,1.000000000000000000e+00,3.274973023656524429e-01,3.353540012068476628e-01,3.036481563187995447e-01,2.820128416822596518e-01
2.903675226095824846e-01,3.274973023656524429e-01,1.000000000000000000e+00,3.144950413565142378e-01,2.533118308062142776e-01,2.930578901175034945e-01
2.919776731442396134e-01,3.353540012068476628e-01,3.144950413565142378e-01,1.000000000000000000e+00,3.395406230019625826e-01,2.853104474918021771e-01
2.814708256975187450e-01,3.036481563187995447e-01,2.533118308062142776e-01,3.395406230019625826e-01,1.000000000000000000e+00,3.318498631827005441e-01
3.328966467319579015e-01,2.820128416822596518e-01,2.930578901175034945e-01,2.853104474918021771e-01,3.318498631827005441e-01,1.000000000000000000e+00
