1.000000000000000000e+00,4.619422347594613343e-01,3.759930995600096471e-01,3.753309134763427868e-01,3.995537542990580948e-01,4.361205337485263289e-01
4.619422347594613343e-01,1.000000000000000000e+00,4.638004463476557149e-01,3.842360982560881211e-01,3.715729944364373760e-01,3.717311328606275889e-01
3.759930995600096471e-01,4.638004463476557149e-01,1.000000000000000000e+00,4.049496621563954402e-01,3.987281299593979367e-01,3.526461536772192429e-01
3.753309134763427868e-01,3.842360982560881211e-01,4.049496621563954402e-01,1.000000000000000000e+00,4.336755657418662202e-01,3.457885304784578118e-01
3.995537542990580948e-01,3.715729944364373760e-01,3.987281299593979367e-01,4.336755657418662202e-01,1.000000000000000000e+00,4.430573699181608038e-01
4.361205337485263289e-01,3.717311328606275889e-01,3.526461536772192429e-01,3.457885304784578118e-01,4.430573699181608038e-01,1.000000000000000000e+00
