1.000000000000000000e+00,3.530033894174594011e-01,2.776241966863402522e-01,2.698217060885021445e-01,2.662501838531054488e-01,2.886773768197395951e-01
3.530033894174594011e-01,1.000000000000000000e+00,3.159903139455836896e-01,2.546354624585868698e-01,2.536632317101107925e-01,3.028417828418593638e-01
2.776241966863402522e-01,3.159903139455836896e-01,1.000000000000000000e+00,2.674074417101837686e-01,2.772504264106119831e-01,2.842039173403576591e-01
2.698217060885021445e-01,2.546354624585868698e-01,2.674074417101837686e-01,1.000000000000000000e+00,2.548599239480212608e-01,2.775158171438628085e-01
2.662501838531054488e-01,2.536632317101107925e-01,2.772504264106119831e-01,2.548599239480212608e-01,1.000000000000000000e+00,3.218267973775984503e-01
2.886773768197395951e-01,3.028417828418593638e-01,2.842039173403576591e-01,2.775158171438628085e-01,3.218267973775984503e-01,1.000000000000000000e+00
