1.000000000000000000e+00,3.593210760696945449e-01,2.797589752639780269e-01,2.870112391030052446e-01,2.731117317124060473e-01,3.063309550777357226e-01
3.593210760696945449e-01,1.000000000000000000e+00,3.686913441420313631e-01,2.821974295807839206e-01,2.824321366152041102e-01,2.771657169353381467e-01
2.797589752639780269e-01,3.686913441420313631e-01,1.000000000000000000e+00,3.069753030954953110e-01,2.877389194042823672e-01,2.809231884329836393e-01
2.870112391030052446e-01,2.821974295807839206e-01,3.069753030954953110e-01,1.000000000000000000e+00,2.907570527599628307e-01,2.627381026093636995e-01
2.731117317124060473e-01,2.824321366152041102e-01,2.877389194042823672e-01,2.907570527599628307e-01,1.000000000000000000e+00,2.852250084353039061e-01
3.063309550777357226e-01,2.771657169353381467e-01,2.809231884329836393e-01,2.627381026093636995e-01,2.852250084353039061e-01,1.000000000000000000e+00
