1.000000000000000000e+00,3.380878984660555253e-01,3.213282132823454540e-01,3.000510406784641648e-01,3.335950979543613748e-01,3.423568086376505559e-01
3.380878984660555253e-01,1.000000000000000000e+00,3.163355608284732501e-01,3.225570899964262384e-01,3.433494485252308603e-01,3.044731016898361564e-01
3.213282132823454540e-01,3.163355608284732501e-01,1.000000000000000000e+00,3.608814206249933432e-01,3.817939689564933126e-01,3.255556222742793104e-01
3.000510406784641648e-01,3.225570899964262384e-01,3.608814206249933432e-01,1.000000000000000000e+00,3.920533269422619704e-01,3.485759100296297319e-01
3.335950979543613748e-01,3.433494485252308603e-01,3.817939689564933126e-01,3.920533269422619704e-01,1.000000000000000000e+00,4.246689197663768289e-01
3.423568086376505559e-01,3.044731016898361564e-01,3.255556222742793104e-01,3.485759100296297319e-01,4.246689197663768289e-01,1.000000000000000000e+00
