1.000000000000000000e+00,3.163588507712146725e-01,2.831079528273516832e-01,2.645153735241895787e-01,2.890023664309790408e-01,3.227807395597655504e-01
3.163588507712146725e-01,1.000000000000000000e+00,3.568675515395405839e-01,3.311307083868328949e-01,3.021858625264218223e-01,3.047899838480126467e-01
2.831079528273516832e-01,3.568675515395405839e-01,1.000000000000000000e+00,3.399895413361794794e-01,3.259537634370411885e-01,3.275673593577825282e-01
2.645153735241895787e-01,3.311307083868328949e-01,3.399895413361794794e-01,1.000000000000000000e+00,3.042456552724703833e-01,2.811629472208898028e-01
2.890023664309790408e-01,3.021858625264218223e-01,3.259537634370411885e-01,3.042456552724703833e-01,1.000000000000000000e+00,3.594219121755873325e-01
3.227807395597655504e-01,3.047899838480126467e-01,3.275673593577825282e-01,2.811629472208898028e-01,3.594219121755873325e-01,1.000000000000000000e+00
