1.000000000000000000e+00,3.371176121477088561e-01,3.375982476029277812e-01,3.259231969464246315e-01,3.014021158999218852e-01,3.023675231218914683e-01
3.371176121477088561e-01,1.000000000000000000e+00,7.286770865396271502e-01,3.391219534082216547e-01,2.713589925504825695e-01,2.551513541441276511e-01
3.375982476029277812e-01,7.286770865396271502e-01,1.000000000000000000e+00,3.487778490096467010e-01,2.859998794466224736e-01,2.706454275402747078e-01
3.259231969464246315e-01,3.391219534082216547e-01,3.487778490096467010e-01,1.000000000000000000e+00,2.565761251830438461e-01,2.684441498852942476e-01
3.014021158999218852e-01,2.713589925504825695e-01,2.859998794466224736e-01,2.565761251830438461e-01,1.000000000000000000e+00,3.281075516365762890e-01
3.023675231218914683e-01,2.551513541441276511e-01,2.706454275402747078e-01,2.684441498852942476e-01,3.281075516365762890e-01,1.000000000000000000e+00
