1.000000000000000000e+00,3.667287166371461793e-01,2.776435804299529075e-01,2.494448796566072490e-01,2.888367570719629907e-01,3.386773899528603415e-01
3.667287166371461793e-01,1.000000000000000000e+00,2.701845949352738030e-01,2.737620923607642642e-01,2.687346664764015958e-01,2.972633801560682909e-01
2.776435804299529075e-01,2.701845949352738030e-01,1.000000000000000000e+00,3.210203799721488838e-01,2.394464582465374303e-01,3.072483175478333828e-01
2.494448796566072490e-01,2.737620923607642642e-01,3.210203799721488838e-01,1.000000000000000000e+00,3.509878455966939925e-01,2.789036894395727773e-01
2.888367570719629907e-01,2.687346664764015958e-01,2.394464582465374303e-01,3.509878455966939925e-01,1.000000000000000000e+00,3.101169772420093174e-01
3.386773899528603415e-01,2.972633801560682909e-01,3.072483175478333828e-01,2.789036894395727773e-01,3.101169772420093174e-01,1.000000000000000000e+00
