1.000000000000000000e+00,4.860335008133064849e-01,3.630881635291660636e-01,3.164753187708622684e-01,2.756672861275444864e-01,3.942335080001975745e-01
4.860335008133064849e-01,1.000000000000000000e+00,3.739642661802379808e-01,2.983511556046758995e-01,2.510962335871725348e-01,3.535922447967787541e-01
3.630881635291660636e-01,3.739642661802379808e-01,1.000000000000000000e+00,3.864685685256708525e-01,2.897546603788058728e-01,3.502201693690084050e-01
3.164753187708622684e-01,2.983511556046758995e-01,3.864685685256708525e-01,1.000000000000000000e+00,3.593958504916983099e-01,3.490784186019912361e-01
2.756672861275444864e-01,2.510962335871725348e-01,2.897546603788058728e-01,3.593958504916983099e-01,1.000000000000000000e+00,2.918322583696280614e-01
3.942335080001975745e-01,3.535922447967787541e-01,3.502201693690084050e-01,3.490784186019912361e-01,2.918322583696280614e-01,1.000000000000000000e+00
