1.000000000000000000e+00,4.094347451712656016e-01,2.960369404150031136e-01,2.787859649943676410e-01,2.568540438223784750e-01,3.516385822091263047e-01
4.094347451712656016e-01,1.000000000000000000e+00,3.091935543923094998e-01,2.810426228998143539e-01,2.877366747969424821e-01,3.107180379949150972e-01
2.960369404150031136e-01,3.091935543923094998e-01,1.000000000000000000e+00,3.424073290006208192e-01,3.066665343317984127e-01,3.027802179517278258e-01
2.787859649943676410e-01,2.810426228998143539e-01,3.424073290006208192e-01,1.000000000000000000e+00,3.422012549078936594e-01,3.248690365034254124e-01
2.568540438223784750e-01,2.877366747969424821e-01,3.066665343317984127e-01,3.422012549078936594e-01,1.000000000000000000e+00,3.209731978166428523e-01
3.516385822091263047e-01,3.107180379949150972e-01,3.027802179517278258e-01,3.248690365034254124e-01,3.209731978166428523e-01,1.000000000000000000e+00
