1.000000000000000000e+00,2.824300135755774543e-01,2.743676193670452901e-01,2.813881804129447217e-01,2.967489094172650055e-01,3.710051748925442539e-01
2.824300135755774543e-01,1.000000000000000000e+00,2.613884168084276705e-01,2.590002055005665160e-01,2.782643360881904560e-01,2.575515538902602430e-01
2.743676193670452901e-01,2.613884168084276705e-01,1.000000000000000000e+00,3.242505697451950608e-01,3.123285477182303205e-01,2.904771182954364872e-01
2.813881804129447217e-01,2.590002055005665160e-01,3.242505697451950608e-01,1.000000000000000000e+00,3.080990022772172598e-01,2.886829829713662421e-01
2.967489094172650055e-01,2.782643360881904560e-01,3.123285477182303205e-01,3.080990022772172598e-01,1.000000000000000000e+00,3.661568327744788576e-01
3.710051748925442539e-01,2.575515538902602430e-01,2.904771182954364872e-01,2.886829829713662421e-01,3.661568327744788576e-01,1.000000000000000000e+00
