1.000000000000000000e+00,3.147277347492394850e-01,2.870703479665317470e-01,2.920810670180366553e-01,2.628663647180396468e-01,3.653285607061536600e-01
3.147277347492394850e-01,1.000000000000000000e+00,3.213664782954566701e-01,3.447166367440190338e-01,2.988264782949523468e-01,3.225744447191725151e-01
2.870703479665317470e-01,3.213664782954566701e-01,1.000000000000000000e+00,3.551113308376208089e-01,2.810509245642508480e-01,3.033701985651579558e-01
2.920810670180366553e-01,3.447166367440190338e-01,3.551113308376208089e-01,1.000000000000000000e+00,3.354142535093110333e-01,3.098228702032061466e-01
2.628663647180396468e-01,2.988264782949523468e-01,2.810509245642508480e-01,3.354142535093110333e-01,1.000000000000000000e+00,3.243265329175302192e-01
3.653285607061536600e-01,3.225744447191725151e-01,3.033701985651579558e-01,3.098228702032061466e-01,3.243265329175302192e-01,1.000000000000000000e+00
