1.000000000000000000e+00,7.222258379047405974e-01,3.063121889822510435e-01,3.312145270377873096e-01,3.555340540000171967e-01,3.218173494670859003e-01
7.222258379047405974e-01,1.000000000000000000e+00,2.999894233713411573e-01,3.276216109000634202e-01,3.572123980976853463e-01,3.374245483500277754e-01
3.063121889822510435e-01,2.999894233713411573e-01,1.000000000000000000e+00,3.596336519081376193e-01,3.275427566981508054e-01,3.250918206749816020e-01
3.312145270377873096e-01,3.276216109000634202e-01,3.596336519081376193e-01,1.000000000000000000e+00,3.184633325609412258e-01,2.962140319047458781e-01
3.555340540000171967e-01,3.572123980976853463e-01,3.275427566981508054e-01,3.184633325609412258e-01,1.000000000000000000e+00,3.133146549307219697e-01
3.218173494670859003e-01,3.374245483500277754e-01,3.250918206749816020e-01,2.962140319047458781e-01,3.133146549307219697e-01,1.000000000000000000e+00
