1.000000000000000000e+00,4.394277778626329289e-01,3.069824270260708143e-01,3.050001472963113636e-01,2.962853259466629585e-01,3.306490970767478887e-01
4.394277778626329289e-01,1.000000000000000000e+00,3.704536221923238060e-01,3.066743112396075888e-01,2.755284506428761215e-01,3.293471040963357743e-01
3.069824270260708143e-01,3.704536221923238060e-01,1.000000000000000000e+00,3.189589731411650031e-01,3.022253785728127862e-01,2.918740559921125799e-01
3.050001472963113636e-01,3.066743112396075888e-01,3.189589731411650031e-01,1.000000000000000000e+00,3.767456746728778949e-01,3.342886354651717351e-01
2.962853259466629585e-01,2.755284506428761215e-01,3.022253785728127862e-01,3.767456746728778949e-01,1.000000000000000000e+00,4.313871860228438160e-01
3.306490970767478887e-01,3.293471040963357743e-01,2.918740559921125799e-01,3.342886354651717351e-01,4.313871860228438160e-01,1.000000000000000000e+00
