1.000000000000000000e+00,2.464784471750568196e-01,2.411065724332294158e-01,2.646239429253861020e-01,2.963767695330557506e-01,2.597806852271293265e-01
2.464784471750568196e-01,1.000000000000000000e+00,6.955081102910479762e-01,2.569072133211028341e-01,2.460488287267638130e-01,2.967591547930517604e-01
2.411065724332294158e-01,6.955081102910479762e-01,1.000000000000000000e+00,2.372926014956078244e-01,2.463115425493106747e-01,3.013414458117556483e-01
2.646239429253861020e-01,2.569072133211028341e-01,2.372926014956078244e-01,1.000000000000000000e+00,2.873374674658196182e-01,2.725321249732381990e-01
2.963767695330557506e-01,2.460488287267638130e-01,2.463115425493106747e-01,2.873374674658196182e-01,1.000000000000000000e+00,3.255261044935321979e-01
2.597806852271293265e-01,2.967591547930517604e-01,3.013414458117556483e-01,2.725321249732381990e-01,3.255261044935321979e-01,1.000000000000000000e+00
