1.000000000000000000e+00,3.707771073116272742e-01,2.751705619946622772e-01,2.830273813399120653e-01,2.614684315664108083e-01,2.821099492325864766e-01
3.707771073116272742e-01,1.000000000000000000e+00,2.781388153213349979e-01,2.458845779624307115e-01,2.864322996293964807e-01,2.992451432228557806e-01
2.751705619946622772e-01,2.781388153213349979e-01,1.000000000000000000e+00,2.759310042982719424e-01,2.734864250414000275e-01,3.093480070099193235e-01
2.830273813399120653e-01,2.458845779624307115e-01,2.759310042982719424e-01,1.000000000000000000e+00,3.090998682203328074e-01,2.910140134391672739e-01
2.614684315664108083e-01,2.864322996293964807e-01,2.734864250414000275e-01,3.090998682203328074e-01,1.000000000000000000e+00,3.586445249507308475e-01
2.821099492325864766e-01,2.992451432228557806e-01,3.093480070099193235e-01,2.910140134391672739e-01,3.586445249507308475e-01,1.000000000000000000e+00
