1.000000000000000000e+00,2.853612472926729260e-01,3.426822710020087648e-01,2.916418961122211329e-01,3.056204002654477336e-01,3.116400850523947108e-01
2.853612472926729260e-01,1.000000000000000000e+00,2.874005130003225439e-01,3.024385224920210224e-01,2.943175722423455598e-01,3.148411844195286857e-01
3.426822710020087648e-01,2.874005130003225439e-01,1.000000000000000000e+00,3.900826641330805145e-01,3.893472827063138575e-01,3.753932218023139367e-01
2.916418961122211329e-01,3.024385224920210224e-01,3.900826641330805145e-01,1.000000000000000000e+00,7.445277977502812172e-01,7.343036742436129805e-01
3.056204002654477336e-01,2.943175722423455598e-01,3.893472827063138575e-01,7.445277977502812172e-01,1.000000000000000000e+00,7.630816895790203391e-01
3.116400850523947108e-01,3.148411844195286857e-01,3.753932218023139367e-01,7.343036742436129805e-01,7.630816895790203391e-01,1.000000000000000000e+00
