1.000000000000000000e+00,4.006227048647979516e-01,3.353398604172670439e-01,2.701794262529523816e-01,2.978989075200568215e-01,3.033858342264376118e-01
4.006227048647979516e-01,1.000000000000000000e+00,4.207468436590629524e-01,3.030377944450452499e-01,2.915270140770890861e-01,3.050090653848706590e-01
3.353398604172670439e-01,4.207468436590629524e-01,1.000000000000000000e+00,3.127543319313639270e-01,2.839808148852006053e-01,2.815797367765188186e-01
2.701794262529523816e-01,3.030377944450452499e-01,3.127543319313639270e-01,1.000000000000000000e+00,2.956168983417054030e-01,2.711991399343133269e-01
2.978989075200568215e-01,2.915270140770890861e-01,2.839808148852006053e-01,2.956168983417054030e-01,1.000000000000000000e+00,3.470315713347012498e-01
3.033858342264376118e-01,3.050090653848706590e-01,2.815797367765188186e-01,2.711991399343133269e-01,3.470315713347012498e-01,1.000000000000000000e+00
