1.000000000000000000e+00,4.430031670783913800e-01,2.841998570031864513e-01,2.508816200550108566e-01,2.394220910428376536e-01,2.830194408238265180e-01
4.430031670783913800e-01,1.000000000000000000e+00,3.043854866704080453e-01,2.622182822922655698e-01,2.511084854672494537e-01,2.706497279419162738e-01
2.841998570031864513e-01,3.043854866704080453e-01,1.000000000000000000e+00,3.213611269770985657e-01,2.999457978480802312e-01,2.619872347864100059e-01
2.508816200550108566e-01,2.622182822922655698e-01,3.213611269770985657e-01,1.000000000000000000e+00,4.270322065584677973e-01,3.436046518085959511e-01
2.394220910428376536e-01,2.511084854672494537e-01,2.999457978480802312e-01,4.270322065584677973e-01,1.000000000000000000e+00,3.747768185392382212e-01
2.830194408238265180e-01,2.706497279419162738e-01,2.619872347864100059e-01,3.436046518085959511e-01,3.747768185392382212e-01,1.000000000000000000e+00
