1.000000000000000000e+00,5.796564592660943260e-01,2.546637370993214966e-01,2.510174198548622559e-01,3.169396888700095061e-01,3.036070579806518510e-01
5.796564592660943260e-01,1.000000000000000000e+00,2.681852514352978667e-01,2.649156616322372870e-01,2.930566143770096388e-01,3.007850510853150028e-01
2.546637370993214966e-01,2.681852514352978667e-01,1.000000000000000000e+00,2.691431074926265987e-01,2.945743825340682021e-01,2.729348458339803107e-01
2.510174198548622559e-01,2.649156616322372870e-01,2.691431074926265987e-01,1.000000000000000000e+00,3.037865140056493218e-01,2.475544711926619124e-01
3.169396888700095061e-01,2.930566143770096388e-01,2.945743825340682021e-01,3.037865140056493218e-01,1.000000000000000000e+00,3.992956256641786994e-01
3.036070579806518510e-01,3.007850510853150028e-01,2.729348458339803107e-01,2.475544711926619124e-01,3.992956256641786994e-01,1.000000000000000000e+00
