1.000000000000000000e+00,2.537127040750171703e-01,2.610079956537059154e-01,3.216790680576194217e-01,3.711817690387142488e-01,3.547046801695982743e-01
2.537127040750171703e-01,1.000000000000000000e+00,6.950152924817915023e-01,2.854274121123354102e-01,2.596516513560344630e-01,2.865784864966378631e-01
2.610079956537059154e-01,6.950152924817915023e-01,1.000000000000000000e+00,2.737747142599505912e-01,2.390980913134141128e-01,2.687965341131999253e-01
3.216790680576194217e-01,2.854274121123354102e-01,2.737747142599505912e-01,1.000000000000000000e+00,4.074745231483684615e-01,3.264220000031610724e-01
3.711817690387142488e-01,2.596516513560344630e-01,2.390980913134141128e-01,4.074745231483684615e-01,1.000000000000000000e+00,3.634278336848017488e-01
3.547046801695982743e-01,2.865784864966378631e-01,2.687965341131999253e-01,3.264220000031610724e-01,3.634278336848017488e-01,1.000000000000000000e+00
