1.000000000000000000e+00,6.421582177845777117e-01,2.521195727243777940e-01,2.562639655583025533e-01,2.962373530102491159e-01,2.932045544676884496e-01
6.421582177845777117e-01,1.000000000000000000e+00,2.654995845032361301e-01,2.596574635312854373e-01,3.024725837306855847e-01,3.093919818615403217e-01
2.521195727243777940e-01,2.654995845032361301e-01,1.000000000000000000e+00,2.901748510849292417e-01,2.875848766753723584e-01,2.869388559091374247e-01
2.562639655583025533e-01,2.596574635312854373e-01,2.901748510849292417e-01,1.000000000000000000e+00,2.805933750206513477e-01,2.844246039021067762e-01
2.962373530102491159e-01,3.024725837306855847e-01,2.875848766753723584e-01,2.805933750206513477e-01,1.000000000000000000e+00,5.794188972817008176e-01
2.932045544676884496e-01,3.093919818615403217e-01,2.869388559091374247e-01,2.844246039021067762e-01,5.794188972817008176e-01,1.000000000000000000e+00
