1.000000000000000000e+00,2.853384428095598335e-01,2.674176739858844520e-01,2.814710780863149409e-01,3.091458297015616807e-01,2.772292724375195472e-01
2.853384428095598335e-01,1.000000000000000000e+00,2.485801417992427320e-01,2.652671794376184611e-01,2.692988191582642021e-01,2.684303921829144790e-01
2.674176739858844520e-01,2.485801417992427320e-01,1.000000000000000000e+00,3.092184157477915751e-01,2.974641691406094135e-01,3.097638791535622382e-01
2.814710780863149409e-01,2.652671794376184611e-01,3.092184157477915751e-01,1.000000000000000000e+00,3.164237767335723039e-01,2.956623654029428838e-01
3.091458297015616807e-01,2.692988191582642021e-01,2.974641691406094135e-01,3.164237767335723039e-01,1.000000000000000000e+00,3.099499085889146355e-01
2.772292724375195472e-01,2.684303921829144790e-01,3.097638791535622382e-01,2.956623654029428838e-01,3.099499085889146355e-01,1.000000000000000000e+00
