1.000000000000000000e+00,2.758239098579545190e-01,2.764951269711216075e-01,2.562627035391533692e-01,2.570522459577333496e-01,2.957247078447829414e-01
2.758239098579545190e-01,1.000000000000000000e+00,3.007327399823194747e-01,2.917024391196672561e-01,2.671420241824517539e-01,2.661009596994393100e-01
2.764951269711216075e-01,3.007327399823194747e-01,1.000000000000000000e+00,2.664378905650444107e-01,2.424766495254968568e-01,2.346524143350557645e-01
2.562627035391533692e-01,2.917024391196672561e-01,2.664378905650444107e-01,1.000000000000000000e+00,2.748319757496602844e-01,2.527351367080193922e-01
2.570522459577333496e-01,2.671420241824517539e-01,2.424766495254968568e-01,2.748319757496602844e-01,1.000000000000000000e+00,3.177168316818171356e-01
2.957247078447829414e-01,2.661009596994393100e-01,2.346524143350557645e-01,2.527351367080193922e-01,3.177168316818171356e-01,1.000000000000000000e+00
