1.000000000000000000e+00,3.147550617889580682e-01,2.905197623671185170e-01,2.835192363517161085e-01,3.061681597149447098e-01,3.424753392770320537e-01
3.147550617889580682e-01,1.000000000000000000e+00,3.484410100288415357e-01,3.441893398671829751e-01,2.979826289804893835e-01,3.283272555911917467e-01
2.905197623671185170e-01,3.484410100288415357e-01,1.000000000000000000e+00,3.166655277435322380e-01,3.252033720600149835e-01,3.053798698424548541e-01
2.835192363517161085e-01,3.441893398671829751e-01,3.166655277435322380e-01,1.000000000000000000e+00,3.888828844894839931e-01,3.222302996528613739e-01
3.061681597149447098e-01,2.979826289804893835e-01,3.252033720600149835e-01,3.888828844894839931e-01,1.000000000000000000e+00,3.478614178454424444e-01
3.424753392770320537e-01,3.283272555911917467e-01,3.053798698424548541e-01,3.222302996528613739e-01,3.478614178454424444e-01,1.000000000000000000e+00
