1.000000000000000000e+00,6.706826757273386397e-01,3.212994193231547002e-01,3.432098654748378941e-01,3.802307582825475429e-01,3.724871634017259403e-01
6.706826757273386397e-01,1.000000000000000000e+00,3.298782073693615202e-01,3.489345583868930234e-01,3.782824380621803706e-01,3.613837192903922024e-01
3.212994193231547002e-01,3.298782073693615202e-01,1.000000000000000000e+00,3.713311240701786531e-01,3.475784381556858427e-01,3.376334069559208118e-01
3.432098654748378941e-01,3.489345583868930234e-01,3.713311240701786531e-01,1.000000000000000000e+00,3.442464378229690425e-01,3.467699458490997588e-01
3.802307582825475429e-01,3.782824380621803706e-01,3.475784381556858427e-01,3.442464378229690425e-01,1.000000000000000000e+00,6.941024829524509165e-01
3.724871634017259403e-01,3.613837192903922024e-01,3.376334069559208118e-01,3.467699458490997588e-01,6.941024829524509165e-01,1.000000000000000000e+00
