1.000000000000000000e+00,3.397585538407928429e-01,3.233339573493216879e-01,3.059604224494917868e-01,3.187006749203866174e-01,3.305640698311223535e-01
3.397585538407928429e-01,1.000000000000000000e+00,3.625187858224347415e-01,2.689879824207618841e-01,2.552346701610970769e-01,3.024493665051289359e-01
3.233339573493216879e-01,3.625187858224347415e-01,1.000000000000000000e+00,3.079817024512885859e-01,3.033744340814502061e-01,3.003523053036277757e-01
3.059604224494917868e-01,2.689879824207618841e-01,3.079817024512885859e-01,1.000000000000000000e+00,4.010567283421862528e-01,3.094966629783456602e-01
3.187006749203866174e-01,2.552346701610970769e-01,3.033744340814502061e-01,4.010567283421862528e-01,1.000000000000000000e+00,3.860246479397055341e-01
3.305640698311223535e-01,3.024493665051289359e-01,3.003523053036277757e-01,3.094966629783456602e-01,3.860246479397055341e-01,1.000000000000000000e+00
