1.000000000000000000e+00,3.912117249624981752e-01,3.216983491186154454e-01,2.695390351536182671e-01,2.548137359929574797e-01,2.872505009690791700e-01
3.912117249624981752e-01,1.000000000000000000e+00,3.646304815040120051e-01,2.698976813537105057e-01,2.445223658375295372e-01,3.168035614536431344e-01
3.216983491186154454e-01,3.646304815040120051e-01,1.000000000000000000e+00,2.711969065878767071e-01,2.575868522191862020e-01,2.920800336211082926e-01
2.695390351536182671e-01,2.698976813537105057e-01,2.711969065878767071e-01,1.000000000000000000e+00,4.110976271650213509e-01,3.165210795042965874e-01
2.548137359929574797e-01,2.445223658375295372e-01,2.575868522191862020e-01,4.110976271650213509e-01,1.000000000000000000e+00,3.705015353047347304e-01
2.872505009690791700e-01,3.168035614536431344e-01,2.920800336211082926e-01,3.165210795042965874e-01,3.705015353047347304e-01,1.000000000000000000e+00
