1.000000000000000000e+00,2.965802750940398358e-01,2.758876105055408923e-01,3.112769116850308548e-01,3.245449939058219768e-01,3.495675581178267488e-01
2.965802750940398358e-01,1.000000000000000000e+00,3.076666473768536747e-01,3.046018772508624073e-01,2.643514394110734189e-01,2.716713173528037539e-01
2.758876105055408923e-01,3.076666473768536747e-01,1.000000000000000000e+00,3.099412818886107535e-01,3.009484498842072697e-01,2.936917863931612360e-01
3.112769116850308548e-01,3.046018772508624073e-01,3.099412818886107535e-01,1.000000000000000000e+00,2.738532962987081931e-01,2.853463295547616907e-01
3.245449939058219768e-01,2.643514394110734189e-01,3.009484498842072697e-01,2.738532962987081931e-01,1.000000000000000000e+00,3.189720034432816376e-01
3.495675581178267488e-01,2.716713173528037539e-01,2.936917863931612360e-01,2.853463295547616907e-01,3.189720034432816376e-01,1.000000000000000000e+00
