1.000000000000000000e+00,4.128865816879851436e-01,3.966461158054393477e-01,3.080988177256374083e-01,3.206678434688779999e-01,3.342385727322962907e-01
4.128865816879851436e-01,1.000000000000000000e+00,7.532384777827347833e-01,3.286509213037343002e-01,2.992743818957162016e-01,3.021801176446611836e-01
3.966461158054393477e-01,7.532384777827347833e-01,1.000000000000000000e+00,3.273872916114970999e-01,2.952646488735872210e-01,2.899577534258885869e-01
3.080988177256374083e-01,3.286509213037343002e-01,3.273872916114970999e-01,1.000000000000000000e+00,3.080278240189576189e-01,3.021445729677924019e-01
3.206678434688779999e-01,2.992743818957162016e-01,2.952646488735872210e-01,3.080278240189576189e-01,1.000000000000000000e+00,3.933002318947092513e-01
3.342385727322962907e-01,3.021801176446611836e-01,2.899577534258885869e-01,3.021445729677924019e-01,3.933002318947092513e-01,1.000000000000000000e+00
