1.000000000000000000e+00,2.966682209881840726e-01,3.066597495712943267e-01,3.455675436556075453e-01,3.836260478701465360e-01,3.591959549675577956e-01
2.966682209881840726e-01,1.000000000000000000e+00,3.744250209414524133e-01,2.718018479617345662e-01,2.686667146932114059e-01,2.780789575569335148e-01
3.066597495712943267e-01,3.744250209414524133e-01,1.000000000000000000e+00,3.086676873195426940e-01,3.062145176125490864e-01,3.030601234687441137e-01
3.455675436556075453e-01,2.718018479617345662e-01,3.086676873195426940e-01,1.000000000000000000e+00,4.568546021865194096e-01,3.476631011168339058e-01
3.836260478701465360e-01,2.686667146932114059e-01,3.062145176125490864e-01,4.568546021865194096e-01,1.000000000000000000e+00,4.094211745694995574e-01
3.591959549675577956e-01,2.780789575569335148e-01,3.030601234687441137e-01,3.476631011168339058e-01,4.094211745694995574e-01,1.000000000000000000e+00
