1.000000000000000000e+00,3.095162427409679506e-01,3.010922048012250607e-01,2.825768056737154033e-01,2.972129504820109624e-01,2.903693385680158889e-01
3.095162427409679506e-01,1.000000000000000000e+00,3.854484432081419776e-01,3.068678381515710929e-01,2.811696236222752110e-01,2.779367030684695705e-01
3.010922048012250607e-01,3.854484432081419776e-01,1.000000000000000000e+00,2.976806495432337551e-01,2.815149315993594747e-01,2.791536170323321575e-01
2.825768056737154033e-01,3.068678381515710929e-01,2.976806495432337551e-01,1.000000000000000000e+00,3.623546030636361492e-01,2.598215583871796297e-01
2.972129504820109624e-01,2.811696236222752110e-01,2.815149315993594747e-01,3.623546030636361492e-01,1.000000000000000000e+00,2.975460630217929836e-01
2.903693385680158889e-01,2.779367030684695705e-01,2.791536170323321575e-01,2.598215583871796297e-01,2.975460630217929836e-01,1.000000000000000000e+00
