1.000000000000000000e+00,4.684753821536728480e-01,3.703584780850596725e-01,2.834899114829238509e-01,2.584473676373699180e-01,2.761364978864212505e-01
4.684753821536728480e-01,1.000000000000000000e+00,4.071711392053586898e-01,2.580099162298709614e-01,2.564626138719289794e-01,2.697604079979523117e-01
3.703584780850596725e-01,4.071711392053586898e-01,1.000000000000000000e+00,3.191274186335135155e-01,2.947269947333489015e-01,2.590373033098415934e-01
2.834899114829238509e-01,2.580099162298709614e-01,3.191274186335135155e-01,1.000000000000000000e+00,2.781631116102844525e-01,2.360430927200648787e-01
2.584473676373699180e-01,2.564626138719289794e-01,2.947269947333489015e-01,2.781631116102844525e-01,1.000000000000000000e+00,2.974382076793231633e-01
2.761364978864212505e-01,2.697604079979523117e-01,2.590373033098415934e-01,2.360430927200648787e-01,2.974382076793231633e-01,1.000000000000000000e+00
