1.000000000000000000e+00,3.484755031497128175e-01,3.268602935609696281e-01,2.936805410525979987e-01,3.065632654844331895e-01,3.519781144085460389e-01
3.484755031497128175e-01,1.000000000000000000e+00,4.237489799090830012e-01,3.995937960650065013e-01,3.326544320929490373e-01,3.769229694113676588e-01
3.268602935609696281e-01,4.237489799090830012e-01,1.000000000000000000e+00,4.082830100184046684e-01,3.696024888627976179e-01,4.025527316308042391e-01
2.936805410525979987e-01,3.995937960650065013e-01,4.082830100184046684e-01,1.000000000000000000e+00,3.449327124873380890e-01,3.452545349634252303e-01
3.065632654844331895e-01,3.326544320929490373e-01,3.696024888627976179e-01,3.449327124873380890e-01,1.000000000000000000e+00,3.885922575147666147e-01
3.519781144085460389e-01,3.769229694113676588e-01,4.025527316308042391e-01,3.452545349634252303e-01,3.885922575147666147e-01,1.000000000000000000e+00
