1.000000000000000000e+00,3.505157765734478459e-01,2.848663105249767957e-01,2.922827720899792703e-01,3.541301279588311424e-01,3.290395119494755050e-01
3.505157765734478459e-01,1.000000000000000000e+00,4.284850410889055605e-01,3.593861304622295028e-01,3.307887237758799226e-01,3.411792490722641014e-01
2.848663105249767957e-01,4.284850410889055605e-01,1.000000000000000000e+00,3.869063715149365645e-01,3.397291329784983271e-01,3.330082911682785141e-01
2.922827720899792703e-01,3.593861304622295028e-01,3.869063715149365645e-01,1.000000000000000000e+00,4.195964773211533494e-01,3.587045123367387234e-01
3.541301279588311424e-01,3.307887237758799226e-01,3.397291329784983271e-01,4.195964773211533494e-01,1.000000000000000000e+00,4.158296561255341861e-01
3.290395119494755050e-01,3.411792490722641014e-01,3.330082911682785141e-01,3.587045123367387234e-01,4.158296561255341861e-01,1.000000000000000000e+00
