1.000000000000000000e+00,3.421729868834759158e-01,2.960578405568494165e-01,2.759374871457622724e-01,2.461111845588799252e-01,2.778988683103292834e-01
3.421729868834759158e-01,1.000000000000000000e+00,4.159823336255870085e-01,2.919155676575218572e-01,2.642366370769080319e-01,2.698886045315206927e-01
2.960578405568494165e-01,4.159823336255870085e-01,1.000000000000000000e+00,3.156081164738537836e-01,2.549152380952384167e-01,2.933749977396833963e-01
2.759374871457622724e-01,2.919155676575218572e-01,3.156081164738537836e-01,1.000000000000000000e+00,2.920800608730809711e-01,2.634485508049365099e-01
2.461111845588799252e-01,2.642366370769080319e-01,2.549152380952384167e-01,2.920800608730809711e-01,1.000000000000000000e+00,3.507410726383762278e-01
2.778988683103292834e-01,2.698886045315206927e-01,2.933749977396833963e-01,2.634485508049365099e-01,3.507410726383762278e-01,1.000000000000000000e+00
