1.000000000000000000e+00,3.568320118007466957e-01,3.445455428953126398e-01,2.872189334635820157e-01,2.821917836660480794e-01,3.325785886367971789e-01
3.568320118007466957e-01,1.000000000000000000e+00,6.716719455027320151e-01,2.956369696932005797e-01,2.904208901794150810e-01,2.852751391432782335e-01
3.445455428953126398e-01,6.716719455027320151e-01,1.000000000000000000e+00,2.940795183753996400e-01,3.038128348700996906e-01,2.808403487722700986e-01
2.872189334635820157e-01,2.956369696932005797e-01,2.940795183753996400e-01,1.000000000000000000e+00,3.571770716127038447e-01,3.150161237159630478e-01
2.821917836660480794e-01,2.904208901794150810e-01,3.038128348700996906e-01,3.571770716127038447e-01,1.000000000000000000e+00,3.543188905626162843e-01
3.325785886367971789e-01,2.852751391432782335e-01,2.808403487722700986e-01,3.150161237159630478e-01,3.543188905626162843e-01,1.000000000000000000e+00
