1.000000000000000000e+00,3.719531081238884318e-01,2.749124912366603390e-01,2.761864580090203636e-01,2.896659095349196078e-01,2.817712857218905853e-01
3.719531081238884318e-01,1.000000000000000000e+00,3.937352992558816323e-01,3.540271033132222356e-01,3.081067864988778493e-01,2.960073819471973899e-01
2.749124912366603390e-01,3.937352992558816323e-01,1.000000000000000000e+00,3.407019102513680342e-01,3.059834506847106117e-01,2.808631024851699354e-01
2.761864580090203636e-01,3.540271033132222356e-01,3.407019102513680342e-01,1.000000000000000000e+00,3.268868290417767386e-01,2.826858723910402049e-01
2.896659095349196078e-01,3.081067864988778493e-01,3.059834506847106117e-01,3.268868290417767386e-01,1.000000000000000000e+00,3.512873815143586209e-01
2.817712857218905853e-01,2.960073819471973899e-01,2.808631024851699354e-01,2.826858723910402049e-01,3.512873815143586209e-01,1.000000000000000000e+00
