1.000000000000000000e+00,3.423535628697311206e-01,3.458192751203925663e-01,2.986403988482592697e-01,3.229991770788916416e-01,3.278410931238864290e-01
3.423535628697311206e-01,1.000000000000000000e+00,3.923059586778587238e-01,2.858046880500595410e-01,2.684423726039574798e-01,2.725736350368730965e-01
3.458192751203925663e-01,3.923059586778587238e-01,1.000000000000000000e+00,3.270641191775940371e-01,2.953296889987085394e-01,2.585308209431984028e-01
2.986403988482592697e-01,2.858046880500595410e-01,3.270641191775940371e-01,1.000000000000000000e+00,5.010189759748067129e-01,3.433547106303069252e-01
3.229991770788916416e-01,2.684423726039574798e-01,2.953296889987085394e-01,5.010189759748067129e-01,1.000000000000000000e+00,3.648984911135703668e-01
3.278410931238864290e-01,2.725736350368730965e-01,2.585308209431984028e-01,3.433547106303069252e-01,3.648984911135703668e-01,1.000000000000000000e+00
