9.999999999999998890e-01,4.825017749308685988e-01,3.426605326835251986e-01,6.986577016764153880e-01,7.030830167631553218e-01,7.459975923312688328e-01
4.825017749308685988e-01,1.000000000000000000e+00,6.544369413476083253e-01,7.622070757379603156e-01,7.570977185768468232e-01,5.608133923740681315e-01
3.426605326835251986e-01,6.544369413476083253e-01,9.999999999999998890e-01,7.708525858927762764e-01,7.676063392213986480e-01,5.111073622268101913e-01
6.986577016764153880e-01,7.622070757379603156e-01,7.708525858927762764e-01,1.000000000000000000e+00,9.970291508005991732e-01,7.654469309727073290e-01
7.030830167631553218e-01,7.570977185768468232e-01,7.676063392213986480e-01,9.970291508005991732e-01,1.000000000000000000e+00,7.756094129177916185e-01
7.459975923312688328e-01,5.608133923740681315e-01,5.111073622268101913e-01,7.654469309727073290e-01,7.756094129177916185e-01,1.000000000000000000e+00
