1.000000000000000000e+00,5.011631897827238946e-01,2.703981541308873582e-01,1.963055270106038031e-01,7.495949630776114203e-01,7.823628587830110392e-01
5.011631897827238946e-01,1.000000000000000000e+00,6.398781207393264836e-01,5.821910382498590719e-01,7.363270262417426215e-01,7.126140546855211921e-01
2.703981541308873582e-01,6.398781207393264836e-01,9.999999999999998890e-01,8.345236366786391580e-01,2.528264406265272046e-01,2.019111082461321482e-01
1.963055270106038031e-01,5.821910382498590719e-01,8.345236366786391580e-01,1.000000000000000000e+00,1.944474374336153943e-01,1.165311389789600444e-01
7.495949630776114203e-01,7.363270262417426215e-01,2.528264406265272046e-01,1.944474374336153943e-01,1.000000000000000000e+00,9.531133912655840312e-01
7.823628587830110392e-01,7.126140546855211921e-01,2.019111082461321482e-01,1.165311389789600444e-01,9.531133912655840312e-01,1.000000000000000000e+00
