1.000000000000000000e+00,8.167743095139163856e-01,2.992809595171999626e-01,4.133253888310532975e-01,5.305721497224692440e-01,6.465900146912612056e-01
8.167743095139163856e-01,1.000000000000000000e+00,6.077872143172885488e-01,4.999785260769215589e-01,4.736847288472360584e-01,5.282128535637977684e-01
2.992809595171999626e-01,6.077872143172885488e-01,1.000000000000000000e+00,6.062473194665304321e-01,4.900528260897783484e-01,4.210522068968367559e-01
4.133253888310532975e-01,4.999785260769215589e-01,6.062473194665304321e-01,1.000000000000000000e+00,7.577607151660944451e-01,4.619068052194351126e-01
5.305721497224692440e-01,4.736847288472360584e-01,4.900528260897783484e-01,7.577607151660944451e-01,1.000000000000000000e+00,7.886722896278471895e-01
6.465900146912612056e-01,5.282128535637977684e-01,4.210522068968367559e-01,4.619068052194351126e-01,7.886722896278471895e-01,1.000000000000000000e+00
