1.000000000000000000e+00,8.311320647612637780e-01,4.669969565550304291e-01,6.549961618073678604e-01,7.778104758105864880e-01,8.792895234282031014e-01
8.311320647612637780e-01,1.000000000000000000e+00,7.991638317073247455e-01,7.623265709384058342e-01,7.369542333983712945e-01,7.961313298369594449e-01
4.669969565550304291e-01,7.991638317073247455e-01,1.000000000000000000e+00,7.960378661294437164e-01,6.396073992905088046e-01,5.574047778016700816e-01
6.549961618073678604e-01,7.623265709384058342e-01,7.960378661294437164e-01,1.000000000000000000e+00,8.264255428884731414e-01,6.394935682570935809e-01
7.778104758105864880e-01,7.369542333983712945e-01,6.396073992905088046e-01,8.264255428884731414e-01,9.999999999999998890e-01,8.463018942734396033e-01
8.792895234282031014e-01,7.961313298369594449e-01,5.574047778016700816e-01,6.394935682570935809e-01,8.463018942734396033e-01,1.000000000000000000e+00
