1.000000000000000000e+00,8.774181980800642711e-01,2.684725333336261399e-01,4.787135784759009582e-01,3.733831790613568180e-01,7.754697954685644268e-01
8.774181980800642711e-01,1.000000000000000000e+00,5.703425473313510352e-01,5.225043731812198944e-01,3.251672762768089142e-01,7.105611259656429146e-01
2.684725333336261399e-01,5.703425473313510352e-01,1.000000000000000000e+00,6.111617700487873561e-01,4.121860134167694145e-01,4.384666396950422373e-01
4.787135784759009582e-01,5.225043731812198944e-01,6.111617700487873561e-01,1.000000000000000000e+00,7.293642965096465147e-01,3.918603078925461669e-01
3.733831790613568180e-01,3.251672762768089142e-01,4.121860134167694145e-01,7.293642965096465147e-01,9.999999999999998890e-01,4.246425627453291329e-01
7.754697954685644268e-01,7.105611259656429146e-01,4.384666396950422373e-01,3.918603078925461669e-01,4.246425627453291329e-01,1.000000000000000000e+00
