1.000000000000000000e+00,4.457356303351125981e-01,1.558049207671882985e-01,4.644733349218402307e-01,6.264638290311638213e-01,7.066374866867515259e-01
4.457356303351125981e-01,1.000000000000000000e+00,6.328469832929236594e-01,5.385676243668212626e-01,5.019354410373486619e-01,5.995395871414281874e-01
1.558049207671882985e-01,6.328469832929236594e-01,1.000000000000000000e+00,6.749654473378480235e-01,5.092515614571553328e-01,4.983623905874384197e-01
4.644733349218402307e-01,5.385676243668212626e-01,6.749654473378480235e-01,1.000000000000000000e+00,7.934457851421149455e-01,5.939368883374417374e-01
6.264638290311638213e-01,5.019354410373486619e-01,5.092515614571553328e-01,7.934457851421149455e-01,1.000000000000000000e+00,7.648319037029290834e-01
7.066374866867515259e-01,5.995395871414281874e-01,4.983623905874384197e-01,5.939368883374417374e-01,7.648319037029290834e-01,1.000000000000000000e+00
