1.000000000000000000e+00,9.056884831511672340e-01,5.398199220590923497e-01,1.864657096313732110e-01,3.221009411627924202e-01,7.276323772478540119e-01
9.056884831511672340e-01,1.000000000000000000e+00,7.943021522910074239e-01,4.180567573325899566e-01,5.065033021906711896e-01,7.551386277243020695e-01
5.398199220590923497e-01,7.943021522910074239e-01,1.000000000000000000e+00,6.315725291043050582e-01,6.304140554708449473e-01,6.845567870724621473e-01
1.864657096313732110e-01,4.180567573325899566e-01,6.315725291043050582e-01,1.000000000000000000e+00,7.164480537095084811e-01,1.144611942862175519e-01
3.221009411627924202e-01,5.065033021906711896e-01,6.304140554708449473e-01,7.164480537095084811e-01,1.000000000000000000e+00,3.598078427317719652e-01
7.276323772478540119e-01,7.551386277243020695e-01,6.845567870724621473e-01,1.144611942862175519e-01,3.598078427317719652e-01,1.000000000000000000e+00
