1.000000000000000000e+00,7.216713031596967420e-01,3.346821781556392206e-01,5.089145654957882847e-01,7.043754073911140390e-01,8.088830767608389261e-01
7.216713031596967420e-01,1.000000000000000000e+00,6.703188919697417036e-01,6.502564459992822288e-01,6.411785344871827608e-01,7.005506170021827961e-01
3.346821781556392206e-01,6.703188919697417036e-01,1.000000000000000000e+00,8.312006154639672850e-01,6.774643977093671721e-01,5.872839204029224325e-01
5.089145654957882847e-01,6.502564459992822288e-01,8.312006154639672850e-01,1.000000000000000000e+00,7.970453350846788965e-01,6.128332275437655685e-01
7.043754073911140390e-01,6.411785344871827608e-01,6.774643977093671721e-01,7.970453350846788965e-01,1.000000000000000000e+00,8.740286232017382417e-01
8.088830767608389261e-01,7.005506170021827961e-01,5.872839204029224325e-01,6.128332275437655685e-01,8.740286232017382417e-01,1.000000000000000000e+00
