1.000000000000000000e+00,8.700533901857547825e-01,4.170137665852273190e-01,2.939482151485000583e-01,7.983492250363438680e-01,7.916785577261546969e-01
8.700533901857547825e-01,1.000000000000000000e+00,7.041409626017243184e-01,5.508764166004113116e-01,8.113481600011814843e-01,7.989700373469200700e-01
4.170137665852273190e-01,7.041409626017243184e-01,1.000000000000000000e+00,7.734595155619982121e-01,6.198168672135794255e-01,5.999204850304827863e-01
2.939482151485000583e-01,5.508764166004113116e-01,7.734595155619982121e-01,1.000000000000000000e+00,2.929273113941269213e-01,2.659517493084002648e-01
7.983492250363438680e-01,8.113481600011814843e-01,6.198168672135794255e-01,2.929273113941269213e-01,1.000000000000000000e+00,9.953008625959359756e-01
7.916785577261546969e-01,7.989700373469200700e-01,5.999204850304827863e-01,2.659517493084002648e-01,9.953008625959359756e-01,1.000000000000000000e+00
