9.999999999999998890e-01,7.192160452502290857e-01,7.350066175874805374e-01,7.984901242682177491e-01,8.103004882474426074e-01,7.466891744965765687e-01
7.192160452502290857e-01,1.000000000000000000e+00,9.559864392551463697e-01,8.518472168339673578e-01,8.451916913334422965e-01,2.470410876497481645e-01
7.350066175874805374e-01,9.559864392551463697e-01,1.000000000000000000e+00,8.666770896582352002e-01,8.592086926418565085e-01,2.257164291222587826e-01
7.984901242682177491e-01,8.518472168339673578e-01,8.666770896582352002e-01,1.000000000000000000e+00,9.844348287677165965e-01,3.147653352622217793e-01
8.103004882474426074e-01,8.451916913334422965e-01,8.592086926418565085e-01,9.844348287677165965e-01,1.000000000000000000e+00,3.381578507918438503e-01
7.466891744965765687e-01,2.470410876497481645e-01,2.257164291222587826e-01,3.147653352622217793e-01,3.381578507918438503e-01,1.000000000000000000e+00
