1.000000000000000000e+00,7.158816221791789447e-01,9.912271542665858359e-02,2.074220729971008870e-01,6.461924134239775963e-01,8.552095741539238460e-01
7.158816221791789447e-01,1.000000000000000000e+00,6.923993112689825757e-01,6.596758886708382619e-01,7.229018114700194175e-01,7.204177687180379763e-01
9.912271542665858359e-02,6.923993112689825757e-01,1.000000000000000000e+00,8.116284106835722767e-01,4.760336111999008413e-01,2.234450480084632096e-01
2.074220729971008870e-01,6.596758886708382619e-01,8.116284106835722767e-01,9.999999999999998890e-01,6.793469814664933049e-01,2.363445432334690954e-01
6.461924134239775963e-01,7.229018114700194175e-01,4.760336111999008413e-01,6.793469814664933049e-01,1.000000000000000000e+00,6.896877021724590051e-01
8.552095741539238460e-01,7.204177687180379763e-01,2.234450480084632096e-01,2.363445432334690954e-01,6.896877021724590051e-01,1.000000000000000000e+00
