1.000000000000000000e+00,6.827089993623758346e-01,5.219020283451157871e-01,3.169350781740985501e-01,4.734326135391516144e-01,6.032311636706605418e-01
6.827089993623758346e-01,1.000000000000000000e+00,2.012627916056962396e-01,8.158106956766207896e-01,7.449601363970868029e-01,7.554940572626377415e-01
5.219020283451157871e-01,2.012627916056962396e-01,1.000000000000000000e+00,4.894736386701349917e-01,3.315073448255785871e-01,2.238808074968721973e-01
3.169350781740985501e-01,8.158106956766207896e-01,4.894736386701349917e-01,1.000000000000000000e+00,7.331786401092679206e-01,5.267766421698554247e-01
4.734326135391516144e-01,7.449601363970868029e-01,3.315073448255785871e-01,7.331786401092679206e-01,1.000000000000000000e+00,8.406707277315320637e-01
6.032311636706605418e-01,7.554940572626377415e-01,2.238808074968721973e-01,5.267766421698554247e-01,8.406707277315320637e-01,1.000000000000000000e+00
