1.000000000000000000e+00,8.604746604211884753e-01,4.615764606277849569e-01,3.491512976616772956e-01,7.457246342294524544e-01,7.497183680009805729e-01
8.604746604211884753e-01,1.000000000000000000e+00,7.358643046244534025e-01,5.204716909129526448e-01,6.833327326430250759e-01,6.865936992260146532e-01
4.615764606277849569e-01,7.358643046244534025e-01,1.000000000000000000e+00,6.979714160727535921e-01,5.560882424552705539e-01,5.475878778659036827e-01
3.491512976616772956e-01,5.204716909129526448e-01,6.979714160727535921e-01,1.000000000000000000e+00,3.318971138278593025e-01,3.093760040978940085e-01
7.457246342294524544e-01,6.833327326430250759e-01,5.560882424552705539e-01,3.318971138278593025e-01,1.000000000000000000e+00,9.958113726748258898e-01
7.497183680009805729e-01,6.865936992260146532e-01,5.475878778659036827e-01,3.093760040978940085e-01,9.958113726748258898e-01,1.000000000000000000e+00
