1.000000000000000000e+00,8.769931437964904042e-01,1.125564999891527779e-01,4.624808195502520536e-01,4.107978460134277809e-01,8.755216407384597277e-01
8.769931437964904042e-01,1.000000000000000000e+00,4.910658165296477029e-01,5.348589652166567676e-01,2.786416359981281898e-01,7.213008216120958549e-01
1.125564999891527779e-01,4.910658165296477029e-01,1.000000000000000000e+00,5.570318666298507138e-01,1.011993934490628688e-01,8.591156732341526103e-02
4.624808195502520536e-01,5.348589652166567676e-01,5.570318666298507138e-01,1.000000000000000000e+00,6.484845215077486014e-01,2.596901305230547852e-01
4.107978460134277809e-01,2.786416359981281898e-01,1.011993934490628688e-01,6.484845215077486014e-01,1.000000000000000000e+00,1.374011416380898909e-01
8.755216407384597277e-01,7.213008216120958549e-01,8.591156732341526103e-02,2.596901305230547852e-01,1.374011416380898909e-01,1.000000000000000000e+00
