1.000000000000000000e+00,7.192327181444783113e-01,2.660649982798038438e-01,4.334395248886488416e-01,5.300183191372350722e-01,6.853323164927935807e-01
7.192327181444783113e-01,1.000000000000000000e+00,6.267526465893958898e-01,5.391428353155570674e-01,5.197584694033191566e-01,5.932241582077635300e-01
2.660649982798038438e-01,6.267526465893958898e-01,1.000000000000000000e+00,6.303916291959413831e-01,4.834021922396649629e-01,3.615885587678466795e-01
4.334395248886488416e-01,5.391428353155570674e-01,6.303916291959413831e-01,1.000000000000000000e+00,6.188753780305004115e-01,2.740080947389161303e-01
5.300183191372350722e-01,5.197584694033191566e-01,4.834021922396649629e-01,6.188753780305004115e-01,1.000000000000000000e+00,6.632574048545595291e-01
6.853323164927935807e-01,5.932241582077635300e-01,3.615885587678466795e-01,2.740080947389161303e-01,6.632574048545595291e-01,1.000000000000000000e+00
