1.000000000000000000e+00,5.704500692243293924e-01,2.516412288066384728e-01,1.981228351131683885e-01,4.360393906217707172e-01,6.144061386981006789e-01
5.704500692243293924e-01,1.000000000000000000e+00,8.828137879538067168e-01,5.134103935631783022e-01,4.897450074264972919e-01,5.480878712341791248e-01
2.516412288066384728e-01,8.828137879538067168e-01,1.000000000000000000e+00,6.292055904057828331e-01,4.935833007691893815e-01,4.353356587993503779e-01
1.981228351131683885e-01,5.134103935631783022e-01,6.292055904057828331e-01,1.000000000000000000e+00,6.665849776551475703e-01,3.762053499079550112e-01
4.360393906217707172e-01,4.897450074264972919e-01,4.935833007691893815e-01,6.665849776551475703e-01,1.000000000000000000e+00,7.608988469844005786e-01
6.144061386981006789e-01,5.480878712341791248e-01,4.353356587993503779e-01,3.762053499079550112e-01,7.608988469844005786e-01,1.000000000000000000e+00
