1.000000000000000000e+00,6.178395069571070986e-01,1.415211526622037475e-01,3.049398954508732995e-01,3.373243495954941218e-01,5.867515476493254667e-01
6.178395069571070986e-01,1.000000000000000000e+00,6.994028711107772578e-01,4.790941793616178557e-01,4.624072070297898240e-01,5.431857637639484482e-01
1.415211526622037475e-01,6.994028711107772578e-01,1.000000000000000000e+00,6.507522950226937164e-01,6.128334850668472056e-01,4.021446548161392021e-01
3.049398954508732995e-01,4.790941793616178557e-01,6.507522950226937164e-01,1.000000000000000000e+00,9.833673317008005954e-01,3.803398428186153812e-01
3.373243495954941218e-01,4.624072070297898240e-01,6.128334850668472056e-01,9.833673317008005954e-01,1.000000000000000000e+00,4.316990567736309625e-01
5.867515476493254667e-01,5.431857637639484482e-01,4.021446548161392021e-01,3.803398428186153812e-01,4.316990567736309625e-01,1.000000000000000000e+00
