9.999999999999998890e-01,9.079605498245987283e-01,5.479756325819069573e-01,2.957428039610451864e-01,4.627212879687145342e-01,6.757316514475663061e-01
9.079605498245987283e-01,1.000000000000000000e+00,7.628806662474073574e-01,3.744137564342724378e-01,4.615677162920597265e-01,7.114549116688237973e-01
5.479756325819069573e-01,7.628806662474073574e-01,1.000000000000000000e+00,5.434739014974648841e-01,4.576345496623152598e-01,5.909565477572584768e-01
2.957428039610451864e-01,3.744137564342724378e-01,5.434739014974648841e-01,1.000000000000000000e+00,6.473189264057109815e-01,2.360528008034582514e-01
4.627212879687145342e-01,4.615677162920597265e-01,4.576345496623152598e-01,6.473189264057109815e-01,1.000000000000000000e+00,5.785608212418676954e-01
6.757316514475663061e-01,7.114549116688237973e-01,5.909565477572584768e-01,2.360528008034582514e-01,5.785608212418676954e-01,1.000000000000000000e+00
