1.000000000000000000e+00,8.436474526346692260e-01,1.185722050183037474e-01,1.196083556597386521e-01,2.458607136449811048e-01,5.937264289049345445e-01
8.436474526346692260e-01,1.000000000000000000e+00,3.313145249007050652e-01,1.902720207334020752e-01,2.607410898168808777e-01,4.653395669503062049e-01
1.185722050183037474e-01,3.313145249007050652e-01,1.000000000000000000e+00,5.686710951979749851e-01,3.993082886835373491e-01,1.048780395572356250e-01
1.196083556597386521e-01,1.902720207334020752e-01,5.686710951979749851e-01,1.000000000000000000e+00,4.541342574507556407e-01,1.053730561365558982e-01
2.458607136449811048e-01,2.607410898168808777e-01,3.993082886835373491e-01,4.541342574507556407e-01,1.000000000000000000e+00,4.900220621063414161e-01
5.937264289049345445e-01,4.653395669503062049e-01,1.048780395572356250e-01,1.053730561365558982e-01,4.900220621063414161e-01,1.000000000000000000e+00
