1.000000000000000000e+00,8.684791584199244019e-01,2.000952189904091905e-01,1.454223473441410286e-01,4.326524784241983501e-01,7.042850680557354304e-01
8.684791584199244019e-01,1.000000000000000000e+00,2.696012603340593450e-01,4.894700185545042270e-01,6.392008167005784891e-01,8.375667748847258620e-01
2.000952189904091905e-01,2.696012603340593450e-01,1.000000000000000000e+00,8.877185691042893678e-01,6.483197218183599508e-01,4.165654818326563480e-01
1.454223473441410286e-01,4.894700185545042270e-01,8.877185691042893678e-01,1.000000000000000000e+00,8.900448344868131523e-01,6.485057562609285453e-01
4.326524784241983501e-01,6.392008167005784891e-01,6.483197218183599508e-01,8.900448344868131523e-01,1.000000000000000000e+00,7.873922684278961137e-01
7.042850680557354304e-01,8.375667748847258620e-01,4.165654818326563480e-01,6.485057562609285453e-01,7.873922684278961137e-01,1.000000000000000000e+00
