1.000000000000000000e+00,7.026230586495206820e-01,1.764967962281955016e-01,9.831781562360737692e-02,2.891679692125254664e-01,5.792664279783231729e-01
7.026230586495206820e-01,1.000000000000000000e+00,7.172249693532638526e-01,4.482923530903799025e-01,6.640038084979672517e-01,7.453401099593507384e-01
1.764967962281955016e-01,7.172249693532638526e-01,1.000000000000000000e+00,7.093689410166400533e-01,7.481516208783277611e-01,5.469201460088146671e-01
9.831781562360737692e-02,4.482923530903799025e-01,7.093689410166400533e-01,1.000000000000000000e+00,6.111933157027906738e-01,2.506121119021508803e-01
2.891679692125254664e-01,6.640038084979672517e-01,7.481516208783277611e-01,6.111933157027906738e-01,1.000000000000000000e+00,7.167330300090761774e-01
5.792664279783231729e-01,7.453401099593507384e-01,5.469201460088146671e-01,2.506121119021508803e-01,7.167330300090761774e-01,1.000000000000000000e+00
