1.000000000000000000e+00,3.336556760303101554e-01,6.770179955823922846e-01,4.630267029767152209e-01,1.071182637327656867e-01,3.199398350926305201e-01
3.336556760303101554e-01,1.000000000000000000e+00,8.507511175789360669e-01,5.334124649994115286e-01,2.196734315336029975e-01,4.778221656905647929e-01
6.770179955823922846e-01,8.507511175789360669e-01,1.000000000000000000e+00,7.458797980611531209e-01,3.633721337458255540e-01,3.229926520837744786e-01
4.630267029767152209e-01,5.334124649994115286e-01,7.458797980611531209e-01,1.000000000000000000e+00,5.866468825478126092e-01,2.668236642052717600e-01
1.071182637327656867e-01,2.196734315336029975e-01,3.633721337458255540e-01,5.866468825478126092e-01,1.000000000000000000e+00,4.531565927285313156e-01
3.199398350926305201e-01,4.778221656905647929e-01,3.229926520837744786e-01,2.668236642052717600e-01,4.531565927285313156e-01,1.000000000000000000e+00
