1.000000000000000000e+00,7.337667387323945078e-01,2.954969936808030662e-01,4.056547143661236032e-01,4.520905583758864643e-01,6.460210008140990778e-01
7.337667387323945078e-01,1.000000000000000000e+00,6.255619789360884475e-01,4.824986863261191417e-01,3.988103392406456282e-01,5.258189594026371205e-01
2.954969936808030662e-01,6.255619789360884475e-01,1.000000000000000000e+00,6.132513284949063781e-01,4.323161669309716348e-01,3.655101330000344872e-01
4.056547143661236032e-01,4.824986863261191417e-01,6.132513284949063781e-01,1.000000000000000000e+00,6.407063224234174070e-01,3.209419569147463069e-01
4.520905583758864643e-01,3.988103392406456282e-01,4.323161669309716348e-01,6.407063224234174070e-01,1.000000000000000000e+00,6.884623777689354851e-01
6.460210008140990778e-01,5.258189594026371205e-01,3.655101330000344872e-01,3.209419569147463069e-01,6.884623777689354851e-01,1.000000000000000000e+00
