1.000000000000000000e+00,5.829102178884438823e-01,1.833518490627973063e-01,4.684538995760136881e-01,6.339258447499505067e-01,7.884252486210486799e-01
5.829102178884438823e-01,1.000000000000000000e+00,7.723281897526440565e-01,7.194663358884803017e-01,6.762039161253459163e-01,7.833109742730219871e-01
1.833518490627973063e-01,7.723281897526440565e-01,1.000000000000000000e+00,7.639134712107145120e-01,5.941795655515168528e-01,5.416184686915255231e-01
4.684538995760136881e-01,7.194663358884803017e-01,7.639134712107145120e-01,1.000000000000000000e+00,8.602024671524448607e-01,6.978259425653795534e-01
6.339258447499505067e-01,6.762039161253459163e-01,5.941795655515168528e-01,8.602024671524448607e-01,1.000000000000000000e+00,8.102996266120056079e-01
7.884252486210486799e-01,7.833109742730219871e-01,5.416184686915255231e-01,6.978259425653795534e-01,8.102996266120056079e-01,1.000000000000000000e+00
