1.000000000000000000e+00,9.207064738128168946e-01,7.206847407123323501e-01,5.116009184102956464e-01,7.821256902120571342e-01,7.903998699795541372e-01
9.207064738128168946e-01,1.000000000000000000e+00,8.136007849604672826e-01,5.302006046439933229e-01,7.410257063493811414e-01,7.409727835441364263e-01
7.206847407123323501e-01,8.136007849604672826e-01,1.000000000000000000e+00,8.101775121697412096e-01,8.725453563817809899e-01,8.515509228569532185e-01
5.116009184102956464e-01,5.302006046439933229e-01,8.101775121697412096e-01,1.000000000000000000e+00,6.739930736466209771e-01,6.375665123115829003e-01
7.821256902120571342e-01,7.410257063493811414e-01,8.725453563817809899e-01,6.739930736466209771e-01,1.000000000000000000e+00,9.927240755370757563e-01
7.903998699795541372e-01,7.409727835441364263e-01,8.515509228569532185e-01,6.375665123115829003e-01,9.927240755370757563e-01,1.000000000000000000e+00
