1.000000000000000000e+00,8.862644890361300876e-01,5.039223440969458068e-01,5.420220599775634751e-01,5.745257162129442374e-01,7.330315253406641807e-01
8.862644890361300876e-01,1.000000000000000000e+00,7.197244249066095945e-01,5.095322552171849262e-01,4.536382048208303375e-01,6.129877312115977750e-01
5.039223440969458068e-01,7.197244249066095945e-01,1.000000000000000000e+00,6.034660380112942812e-01,4.700557037208965006e-01,5.220967263299297612e-01
5.420220599775634751e-01,5.095322552171849262e-01,6.034660380112942812e-01,1.000000000000000000e+00,7.895406173445268516e-01,6.691358417528951996e-01
5.745257162129442374e-01,4.536382048208303375e-01,4.700557037208965006e-01,7.895406173445268516e-01,1.000000000000000000e+00,8.870913825219853832e-01
7.330315253406641807e-01,6.129877312115977750e-01,5.220967263299297612e-01,6.691358417528951996e-01,8.870913825219853832e-01,1.000000000000000000e+00
