1.000000000000000000e+00,9.985413550660590110e-01,1.627751829724791988e-01,3.479715491396319638e-01,4.150858774100018578e-01,6.016111905112765390e-01
9.985413550660590110e-01,1.000000000000000000e+00,1.464766479013404066e-01,3.639377187596339880e-01,4.264661833074678277e-01,6.083172529099021286e-01
1.627751829724791988e-01,1.464766479013404066e-01,1.000000000000000000e+00,5.341204352648424303e-01,5.315866510203911544e-01,3.814260921052589626e-01
3.479715491396319638e-01,3.639377187596339880e-01,5.341204352648424303e-01,1.000000000000000000e+00,3.169626302837255660e-01,2.188978808963337463e-01
4.150858774100018578e-01,4.264661833074678277e-01,5.315866510203911544e-01,3.169626302837255660e-01,1.000000000000000000e+00,4.624359696560917388e-01
6.016111905112765390e-01,6.083172529099021286e-01,3.814260921052589626e-01,2.188978808963337463e-01,4.624359696560917388e-01,1.000000000000000000e+00
