1.000000000000000000e+00,7.749633686600710947e-01,4.810191126849021614e-01,1.857350026133388621e-01,7.479196540450908648e-01,8.986239040889393292e-01
7.749633686600710947e-01,1.000000000000000000e+00,8.874735373038681319e-01,3.944914444333367798e-01,7.041574821636306103e-01,7.323256871833295767e-01
4.810191126849021614e-01,8.874735373038681319e-01,1.000000000000000000e+00,5.892334518164047408e-01,6.494189604583485709e-01,5.556130205260650934e-01
1.857350026133388621e-01,3.944914444333367798e-01,5.892334518164047408e-01,1.000000000000000000e+00,5.788713789649143626e-01,3.298677498376092476e-01
7.479196540450908648e-01,7.041574821636306103e-01,6.494189604583485709e-01,5.788713789649143626e-01,1.000000000000000000e+00,8.987534042204329277e-01
8.986239040889393292e-01,7.323256871833295767e-01,5.556130205260650934e-01,3.298677498376092476e-01,8.987534042204329277e-01,1.000000000000000000e+00
