1.000000000000000000e+00,7.313482120487574401e-01,3.348549578710849350e-01,5.813396981745387881e-01,6.505038833937620835e-01,6.448080055137569433e-01
7.313482120487574401e-01,1.000000000000000000e+00,7.644442976116608834e-01,6.859838101393805898e-01,6.285076689787166826e-01,6.312922358501048548e-01
3.348549578710849350e-01,7.644442976116608834e-01,1.000000000000000000e+00,7.514791062511295694e-01,6.745543550490538109e-01,6.800370012261111041e-01
5.813396981745387881e-01,6.859838101393805898e-01,7.514791062511295694e-01,1.000000000000000000e+00,8.085059006110676405e-01,8.043201396315174945e-01
6.505038833937620835e-01,6.285076689787166826e-01,6.745543550490538109e-01,8.085059006110676405e-01,1.000000000000000000e+00,9.920948946999220697e-01
6.448080055137569433e-01,6.312922358501048548e-01,6.800370012261111041e-01,8.043201396315174945e-01,9.920948946999220697e-01,1.000000000000000000e+00
