1.000000000000000000e+00,9.233154256098879964e-01,3.985639334572554926e-01,5.303408657161240436e-01,5.839005117086953911e-01,7.005472495255661292e-01
9.233154256098879964e-01,1.000000000000000000e+00,6.758630997291227294e-01,6.986307650685944504e-01,6.541863801387921562e-01,7.325311770561975244e-01
3.985639334572554926e-01,6.758630997291227294e-01,1.000000000000000000e+00,8.196437291274949466e-01,6.652637970980350701e-01,6.023780025245603076e-01
5.303408657161240436e-01,6.986307650685944504e-01,8.196437291274949466e-01,1.000000000000000000e+00,6.098019701903860668e-01,4.400636314463244880e-01
5.839005117086953911e-01,6.541863801387921562e-01,6.652637970980350701e-01,6.098019701903860668e-01,1.000000000000000000e+00,8.916604448634855018e-01
7.005472495255661292e-01,7.325311770561975244e-01,6.023780025245603076e-01,4.400636314463244880e-01,8.916604448634855018e-01,1.000000000000000000e+00
