1.000000000000000000e+00,4.230236195321580017e-01,1.076092921805442831e-01,4.569108412585080603e-01,6.137173945225701255e-01,6.146060517714440063e-01
4.230236195321580017e-01,1.000000000000000000e+00,7.316520014121369320e-01,5.995693703121918183e-01,5.042309173766710284e-01,5.035408600396248380e-01
1.076092921805442831e-01,7.316520014121369320e-01,1.000000000000000000e+00,7.111026119965484504e-01,5.458745242224017913e-01,5.435964686224349363e-01
4.569108412585080603e-01,5.995693703121918183e-01,7.111026119965484504e-01,1.000000000000000000e+00,7.503310465838590737e-01,7.458681963131491566e-01
6.137173945225701255e-01,5.042309173766710284e-01,5.458745242224017913e-01,7.503310465838590737e-01,1.000000000000000000e+00,9.946398860124866514e-01
6.146060517714440063e-01,5.035408600396248380e-01,5.435964686224349363e-01,7.458681963131491566e-01,9.946398860124866514e-01,1.000000000000000000e+00
