1.000000000000000000e+00,6.986915948308994873e-01,4.406735679874368983e-01,4.204114660394611680e-01,4.823190323531669210e-01,6.398683668967394267e-01
6.986915948308994873e-01,1.000000000000000000e+00,8.381189067248477897e-01,5.476816375095897582e-01,4.860094847633678050e-01,5.223751137765125785e-01
4.406735679874368983e-01,8.381189067248477897e-01,1.000000000000000000e+00,7.002748450473793573e-01,6.023696633370499987e-01,4.796977393992530314e-01
4.204114660394611680e-01,5.476816375095897582e-01,7.002748450473793573e-01,1.000000000000000000e+00,8.275802152130765643e-01,4.548504453820342852e-01
4.823190323531669210e-01,4.860094847633678050e-01,6.023696633370499987e-01,8.275802152130765643e-01,1.000000000000000000e+00,6.772070421124199990e-01
6.398683668967394267e-01,5.223751137765125785e-01,4.796977393992530314e-01,4.548504453820342852e-01,6.772070421124199990e-01,1.000000000000000000e+00
