1.000000000000000000e+00,6.218596074544594510e-01,2.175235296368070725e-01,3.886419858813161543e-01,4.874528692244235462e-01,6.691928774646621614e-01
6.218596074544594510e-01,1.000000000000000000e+00,4.113456365852072860e-01,5.166287772036196602e-01,4.166340450315734745e-01,5.878796753088896265e-01
2.175235296368070725e-01,4.113456365852072860e-01,1.000000000000000000e+00,4.877033263279142994e-01,2.687620496273306903e-01,2.291703437737521998e-01
3.886419858813161543e-01,5.166287772036196602e-01,4.877033263279142994e-01,1.000000000000000000e+00,6.470174962846887423e-01,3.422176054207290430e-01
4.874528692244235462e-01,4.166340450315734745e-01,2.687620496273306903e-01,6.470174962846887423e-01,1.000000000000000000e+00,5.099761962060073150e-01
6.691928774646621614e-01,5.878796753088896265e-01,2.291703437737521998e-01,3.422176054207290430e-01,5.099761962060073150e-01,1.000000000000000000e+00
