1.000000000000000000e+00,8.529168626001771836e-01,6.234492872877879233e-01,1.832093412539564647e-01,2.900785458477496137e-01,6.836344736726633897e-01
8.529168626001771836e-01,1.000000000000000000e+00,8.849226947859999415e-01,4.718936287398639018e-01,3.719460714704026505e-01,4.396579480550896757e-01
6.234492872877879233e-01,8.849226947859999415e-01,1.000000000000000000e+00,7.744505451444019251e-01,5.766755666151632820e-01,3.930014345296946598e-01
1.832093412539564647e-01,4.718936287398639018e-01,7.744505451444019251e-01,1.000000000000000000e+00,7.718421013936787034e-01,2.379627243173600692e-01
2.900785458477496137e-01,3.719460714704026505e-01,5.766755666151632820e-01,7.718421013936787034e-01,9.999999999999998890e-01,5.724707948724579998e-01
6.836344736726633897e-01,4.396579480550896757e-01,3.930014345296946598e-01,2.379627243173600692e-01,5.724707948724579998e-01,1.000000000000000000e+00
