1.000000000000000000e+00,6.205429432841117476e-01,2.553485864306203612e-01,4.676051943987045711e-01,5.582369647727570827e-01,6.875025640492040679e-01
6.205429432841117476e-01,1.000000000000000000e+00,6.814282379302009085e-01,5.015036075805274773e-01,4.283763244502636902e-01,4.930887444022282184e-01
2.553485864306203612e-01,6.814282379302009085e-01,1.000000000000000000e+00,6.505474347057912388e-01,5.117759903325617143e-01,4.443808689540566514e-01
4.676051943987045711e-01,5.015036075805274773e-01,6.505474347057912388e-01,1.000000000000000000e+00,8.141085432934372923e-01,5.629396289497951011e-01
5.582369647727570827e-01,4.283763244502636902e-01,5.117759903325617143e-01,8.141085432934372923e-01,1.000000000000000000e+00,8.183037001858046722e-01
6.875025640492040679e-01,4.930887444022282184e-01,4.443808689540566514e-01,5.629396289497951011e-01,8.183037001858046722e-01,1.000000000000000000e+00
