1.000000000000000000e+00,8.856216306145540118e-01,7.457024783194828865e-01,5.997614808759282878e-01,3.996497600782855653e-01,4.887105637025176974e-01
8.856216306145540118e-01,1.000000000000000000e+00,8.810522427414611002e-01,7.138528723238545259e-01,3.984997648509398527e-01,4.640093274815781932e-01
7.457024783194828865e-01,8.810522427414611002e-01,1.000000000000000000e+00,8.420326563788366192e-01,5.729847031502218746e-01,4.983280301079228702e-01
5.997614808759282878e-01,7.138528723238545259e-01,8.420326563788366192e-01,1.000000000000000000e+00,4.129994614693440202e-01,1.967816958279664241e-01
3.996497600782855653e-01,3.984997648509398527e-01,5.729847031502218746e-01,4.129994614693440202e-01,1.000000000000000000e+00,7.536219783822106777e-01
4.887105637025176974e-01,4.640093274815781932e-01,4.983280301079228702e-01,1.967816958279664241e-01,7.536219783822106777e-01,1.000000000000000000e+00
