1.000000000000000000e+00,8.264131538041189495e-01,4.883693053317479382e-01,4.969897636712418687e-01,7.760926003845659560e-01,8.229512061446434545e-01
8.264131538041189495e-01,1.000000000000000000e+00,8.292032147289950528e-01,5.724814659357175817e-01,7.558233644984858612e-01,7.308042324515970911e-01
4.883693053317479382e-01,8.292032147289950528e-01,1.000000000000000000e+00,6.098558968263847468e-01,6.311320537018497712e-01,5.173419588611359865e-01
4.969897636712418687e-01,5.724814659357175817e-01,6.098558968263847468e-01,1.000000000000000000e+00,7.294977734681428183e-01,5.352174162436053040e-01
7.760926003845659560e-01,7.558233644984858612e-01,6.311320537018497712e-01,7.294977734681428183e-01,1.000000000000000000e+00,9.106748075274166965e-01
8.229512061446434545e-01,7.308042324515970911e-01,5.173419588611359865e-01,5.352174162436053040e-01,9.106748075274166965e-01,1.000000000000000000e+00
