1.000000000000000000e+00,7.370275483663896177e-01,2.894906329061850969e-01,2.574254589600384335e-01,3.978035779042479181e-01,8.323845767640399851e-01
7.370275483663896177e-01,1.000000000000000000e+00,3.634728304903914187e-01,6.189872348559705140e-01,5.827214491694091558e-01,8.186918418162526523e-01
2.894906329061850969e-01,3.634728304903914187e-01,1.000000000000000000e+00,6.754399245448953204e-01,4.596539162963950154e-01,1.098774812439590187e-01
2.574254589600384335e-01,6.189872348559705140e-01,6.754399245448953204e-01,1.000000000000000000e+00,7.791344029495747003e-01,3.552119020620123080e-01
3.978035779042479181e-01,5.827214491694091558e-01,4.596539162963950154e-01,7.791344029495747003e-01,1.000000000000000000e+00,4.989381874077876700e-01
8.323845767640399851e-01,8.186918418162526523e-01,1.098774812439590187e-01,3.552119020620123080e-01,4.989381874077876700e-01,1.000000000000000000e+00
