1.000000000000000000e+00,8.534960396696916751e-01,5.668470277669631630e-01,4.476458314726292631e-01,4.133975400862694438e-01,5.825175918604740266e-01
8.534960396696916751e-01,1.000000000000000000e+00,7.886017466359790395e-01,4.289413458468961937e-01,3.277382746631145038e-01,4.041832440001931204e-01
5.668470277669631630e-01,7.886017466359790395e-01,1.000000000000000000e+00,7.259384113053001242e-01,5.860768362790007568e-01,3.978535256367116690e-01
4.476458314726292631e-01,4.289413458468961937e-01,7.259384113053001242e-01,1.000000000000000000e+00,7.299204178941139931e-01,4.268119888159665476e-01
4.133975400862694438e-01,3.277382746631145038e-01,5.860768362790007568e-01,7.299204178941139931e-01,1.000000000000000000e+00,7.299986156803579540e-01
5.825175918604740266e-01,4.041832440001931204e-01,3.978535256367116690e-01,4.268119888159665476e-01,7.299986156803579540e-01,1.000000000000000000e+00
