1.000000000000000000e+00,7.257220586378018146e-01,1.911263088924991249e-01,1.546327761056568995e-01,3.455469030519350837e-01,5.668082015388229422e-01
7.257220586378018146e-01,1.000000000000000000e+00,3.700433449886049164e-01,5.262302091218670208e-01,5.553081192731950111e-01,6.307503072531672750e-01
1.911263088924991249e-01,3.700433449886049164e-01,1.000000000000000000e+00,5.944314035001414531e-01,4.877220780888916196e-01,3.197385158343539202e-01
1.546327761056568995e-01,5.262302091218670208e-01,5.944314035001414531e-01,1.000000000000000000e+00,5.682934204315622795e-01,1.127343405573387747e-01
3.455469030519350837e-01,5.553081192731950111e-01,4.877220780888916196e-01,5.682934204315622795e-01,1.000000000000000000e+00,6.766568438384282791e-01
5.668082015388229422e-01,6.307503072531672750e-01,3.197385158343539202e-01,1.127343405573387747e-01,6.766568438384282791e-01,1.000000000000000000e+00
