1.000000000000000000e+00,6.405732739174329060e-01,1.720280342621870184e-01,5.596852624653985142e-01,5.516846717392721589e-01,6.418076836274613228e-01
6.405732739174329060e-01,1.000000000000000000e+00,6.010825557083309123e-01,6.018852272725182528e-01,5.396048115489474606e-01,6.397637141710715847e-01
1.720280342621870184e-01,6.010825557083309123e-01,1.000000000000000000e+00,5.433967887117693296e-01,5.298379119371435797e-01,5.642602875264842721e-01
5.596852624653985142e-01,6.018852272725182528e-01,5.433967887117693296e-01,1.000000000000000000e+00,6.401929676645613521e-01,5.107476292180749278e-01
5.516846717392721589e-01,5.396048115489474606e-01,5.298379119371435797e-01,6.401929676645613521e-01,1.000000000000000000e+00,7.485588102270650523e-01
6.418076836274613228e-01,6.397637141710715847e-01,5.642602875264842721e-01,5.107476292180749278e-01,7.485588102270650523e-01,1.000000000000000000e+00
