1.000000000000000000e+00,7.432896859868454165e-01,2.075031996563915238e-01,5.397222111670220146e-01,5.641596037015469411e-01,6.451587145957871083e-01
7.432896859868454165e-01,1.000000000000000000e+00,4.944452848112053656e-01,5.530221634883766280e-01,5.105523477909245100e-01,6.452483606814024553e-01
2.075031996563915238e-01,4.944452848112053656e-01,1.000000000000000000e+00,5.805444892121549572e-01,5.834260889758607904e-01,5.813671789005018242e-01
5.397222111670220146e-01,5.530221634883766280e-01,5.805444892121549572e-01,1.000000000000000000e+00,6.645621846379747844e-01,5.030592387319196002e-01
5.641596037015469411e-01,5.105523477909245100e-01,5.834260889758607904e-01,6.645621846379747844e-01,1.000000000000000000e+00,7.552137173544970494e-01
6.451587145957871083e-01,6.452483606814024553e-01,5.813671789005018242e-01,5.030592387319196002e-01,7.552137173544970494e-01,1.000000000000000000e+00
