1.000000000000000000e+00,6.821585571642480028e-01,1.184852759349449558e-01,5.371502737692320784e-01,5.840897096111304920e-01,6.681613788372334772e-01
6.821585571642480028e-01,1.000000000000000000e+00,5.163905264432019360e-01,6.149420724690525253e-01,5.351018412427288595e-01,6.453207242741719751e-01
1.184852759349449558e-01,5.163905264432019360e-01,1.000000000000000000e+00,6.264628629314028530e-01,5.431129765596243164e-01,5.349093531294992765e-01
5.371502737692320784e-01,6.149420724690525253e-01,6.264628629314028530e-01,1.000000000000000000e+00,7.802749745609022236e-01,5.589032018756635578e-01
5.840897096111304920e-01,5.351018412427288595e-01,5.431129765596243164e-01,7.802749745609022236e-01,1.000000000000000000e+00,7.026139709071720363e-01
6.681613788372334772e-01,6.453207242741719751e-01,5.349093531294992765e-01,5.589032018756635578e-01,7.026139709071720363e-01,1.000000000000000000e+00
