1.000000000000000000e+00,5.396055246757190949e-01,3.518977389662548139e-01,2.224915340015152510e-01,2.367843162943708835e-01,2.344617231987395634e-01
5.396055246757190949e-01,1.000000000000000000e+00,3.391820614719491811e-01,6.102350581750929370e-01,6.194472119776709418e-01,6.095720495873829803e-01
3.518977389662548139e-01,3.391820614719491811e-01,1.000000000000000000e+00,7.249890097203938177e-01,7.140925658996927217e-01,7.079006041363006263e-01
2.224915340015152510e-01,6.102350581750929370e-01,7.249890097203938177e-01,1.000000000000000000e+00,9.986151877522474463e-01,9.980419401926153844e-01
2.367843162943708835e-01,6.194472119776709418e-01,7.140925658996927217e-01,9.986151877522474463e-01,1.000000000000000000e+00,9.996769145931269085e-01
2.344617231987395634e-01,6.095720495873829803e-01,7.079006041363006263e-01,9.980419401926153844e-01,9.996769145931269085e-01,1.000000000000000000e+00
