1.000000000000000000e+00,3.258235631387104703e-01,2.092555417857654143e-01,5.793614583157303821e-01,6.340055529876291729e-01,6.918665891496958986e-01
3.258235631387104703e-01,1.000000000000000000e+00,7.879292426255216641e-01,4.214633859250993542e-01,3.614034219581287455e-01,4.069305869694065936e-01
2.092555417857654143e-01,7.879292426255216641e-01,1.000000000000000000e+00,5.504885967844429517e-01,4.550915234550553801e-01,3.869635735809484611e-01
5.793614583157303821e-01,4.214633859250993542e-01,5.504885967844429517e-01,1.000000000000000000e+00,8.898102512047247892e-01,5.749190657369106505e-01
6.340055529876291729e-01,3.614034219581287455e-01,4.550915234550553801e-01,8.898102512047247892e-01,1.000000000000000000e+00,7.553383268294751041e-01
6.918665891496958986e-01,4.069305869694065936e-01,3.869635735809484611e-01,5.749190657369106505e-01,7.553383268294751041e-01,1.000000000000000000e+00
