1.000000000000000000e+00,7.997225077925139702e-01,7.897008327988749299e-01,6.290176757464140955e-01,6.213268838195965538e-01,7.195355895766782917e-01
7.997225077925139702e-01,1.000000000000000000e+00,9.982622940570085035e-01,7.249862534442846895e-01,6.697565153880223887e-01,6.849728257208217430e-01
7.897008327988749299e-01,9.982622940570085035e-01,1.000000000000000000e+00,7.293521289197136825e-01,6.729366640598745120e-01,6.840427019731256664e-01
6.290176757464140955e-01,7.249862534442846895e-01,7.293521289197136825e-01,1.000000000000000000e+00,8.077849921833299973e-01,6.643818425078439338e-01
6.213268838195965538e-01,6.697565153880223887e-01,6.729366640598745120e-01,8.077849921833299973e-01,1.000000000000000000e+00,8.800566804207107241e-01
7.195355895766782917e-01,6.849728257208217430e-01,6.840427019731256664e-01,6.643818425078439338e-01,8.800566804207107241e-01,1.000000000000000000e+00
