1.000000000000000000e+00,6.952120854996191035e-01,2.770809411532401123e-01,5.238211425773988683e-01,5.228603515570712235e-01,7.149211738165545116e-01
6.952120854996191035e-01,1.000000000000000000e+00,6.510092667054677706e-01,6.135470955017577888e-01,4.600163630745292553e-01,5.292207695847381821e-01
2.770809411532401123e-01,6.510092667054677706e-01,1.000000000000000000e+00,7.440017837146787327e-01,5.538244470169311207e-01,3.592178133298446485e-01
5.238211425773988683e-01,6.135470955017577888e-01,7.440017837146787327e-01,1.000000000000000000e+00,7.148206872125463240e-01,4.258085580381543722e-01
5.228603515570712235e-01,4.600163630745292553e-01,5.538244470169311207e-01,7.148206872125463240e-01,1.000000000000000000e+00,5.906624562924612798e-01
7.149211738165545116e-01,5.292207695847381821e-01,3.592178133298446485e-01,4.258085580381543722e-01,5.906624562924612798e-01,1.000000000000000000e+00
