1.000000000000000000e+00,7.173901417021477656e-01,1.334170207861890001e-01,4.211193997350073381e-01,4.747987207624614903e-01,7.505598393006120972e-01
7.173901417021477656e-01,9.999999999999998890e-01,5.202772898790203326e-01,6.165216234565966680e-01,4.851873991741708636e-01,7.072322423887040799e-01
1.334170207861890001e-01,5.202772898790203326e-01,1.000000000000000000e+00,7.096396180148021315e-01,5.673889320690446159e-01,3.947831224931606653e-01
4.211193997350073381e-01,6.165216234565966680e-01,7.096396180148021315e-01,1.000000000000000000e+00,8.329303719644199910e-01,5.226804056592073700e-01
4.747987207624614903e-01,4.851873991741708636e-01,5.673889320690446159e-01,8.329303719644199910e-01,1.000000000000000000e+00,6.428225900965394146e-01
7.505598393006120972e-01,7.072322423887040799e-01,3.947831224931606653e-01,5.226804056592073700e-01,6.428225900965394146e-01,1.000000000000000000e+00
