1.000000000000000000e+00,7.316965864571072231e-01,3.066475572565344199e-01,4.002016431567547716e-01,5.906828174887023275e-01,7.179980326500964294e-01
7.316965864571072231e-01,1.000000000000000000e+00,7.506174874715975109e-01,5.704689574861994128e-01,4.971029403682365455e-01,5.773368821047416555e-01
3.066475572565344199e-01,7.506174874715975109e-01,1.000000000000000000e+00,6.680321387107879261e-01,4.328671096983254252e-01,3.874561423257994464e-01
4.002016431567547716e-01,5.704689574861994128e-01,6.680321387107879261e-01,1.000000000000000000e+00,6.362658224103248106e-01,4.330671795525105616e-01
5.906828174887023275e-01,4.971029403682365455e-01,4.328671096983254252e-01,6.362658224103248106e-01,1.000000000000000000e+00,8.833503739234936925e-01
7.179980326500964294e-01,5.773368821047416555e-01,3.874561423257994464e-01,4.330671795525105616e-01,8.833503739234936925e-01,1.000000000000000000e+00
