1.000000000000000000e+00,6.773378380848593672e-01,4.886526082158786366e-01,4.578840500169804595e-01,5.597472873643821734e-01,7.512234869982233887e-01
6.773378380848593672e-01,1.000000000000000000e+00,8.361206901429188987e-01,5.099598298855421152e-01,4.418838712541955371e-01,5.463601186836842816e-01
4.886526082158786366e-01,8.361206901429188987e-01,1.000000000000000000e+00,6.972105876830907434e-01,5.588944518465999156e-01,4.827271908864563810e-01
4.578840500169804595e-01,5.099598298855421152e-01,6.972105876830907434e-01,1.000000000000000000e+00,8.315846979655794335e-01,4.450776199872985561e-01
5.597472873643821734e-01,4.418838712541955371e-01,5.588944518465999156e-01,8.315846979655794335e-01,1.000000000000000000e+00,7.106655300864210822e-01
7.512234869982233887e-01,5.463601186836842816e-01,4.827271908864563810e-01,4.450776199872985561e-01,7.106655300864210822e-01,1.000000000000000000e+00
