1.000000000000000000e+00,7.893454023795910546e-01,4.268908753513468990e-01,5.054059689553805912e-01,5.068188664137279753e-01,6.052673784292370573e-01
7.893454023795910546e-01,1.000000000000000000e+00,7.099165268057401335e-01,5.771548187530666230e-01,5.668709934608108236e-01,6.407231567521828319e-01
4.268908753513468990e-01,7.099165268057401335e-01,1.000000000000000000e+00,7.376430641649046605e-01,7.267006910321077706e-01,5.888053686477383586e-01
5.054059689553805912e-01,5.771548187530666230e-01,7.376430641649046605e-01,1.000000000000000000e+00,9.986351296598344751e-01,7.513377756544642461e-01
5.068188664137279753e-01,5.668709934608108236e-01,7.267006910321077706e-01,9.986351296598344751e-01,1.000000000000000000e+00,7.669648337090809731e-01
6.052673784292370573e-01,6.407231567521828319e-01,5.888053686477383586e-01,7.513377756544642461e-01,7.669648337090809731e-01,1.000000000000000000e+00
