1.000000000000000000e+00,6.224735504626451865e-01,2.167311124448768334e-01,3.261786778201609116e-01,4.593038336463480253e-01,7.045127338972765330e-01
6.224735504626451865e-01,1.000000000000000000e+00,6.459283118959475711e-01,3.793243631108513259e-01,3.518925320061968010e-01,5.036666342805117269e-01
2.167311124448768334e-01,6.459283118959475711e-01,1.000000000000000000e+00,6.384435066097454703e-01,5.283274768371480912e-01,3.927763256506321965e-01
3.261786778201609116e-01,3.793243631108513259e-01,6.384435066097454703e-01,1.000000000000000000e+00,8.173882087978591171e-01,3.790197269277761349e-01
4.593038336463480253e-01,3.518925320061968010e-01,5.283274768371480912e-01,8.173882087978591171e-01,1.000000000000000000e+00,6.688259958453636189e-01
7.045127338972765330e-01,5.036666342805117269e-01,3.927763256506321965e-01,3.790197269277761349e-01,6.688259958453636189e-01,1.000000000000000000e+00
