1.000000000000000000e+00,2.896740806048525019e-01,2.208778294554279709e-01,2.331353081897311885e-01,4.155721433883834970e-01,5.842279872143624209e-01
2.896740806048525019e-01,1.000000000000000000e+00,4.872832234002544283e-01,5.641356702230880815e-01,3.301222092173624056e-01,5.148738475604585085e-01
2.208778294554279709e-01,4.872832234002544283e-01,1.000000000000000000e+00,6.737133986645126305e-01,4.795939613263656143e-01,3.439871906284563963e-01
2.331353081897311885e-01,5.641356702230880815e-01,6.737133986645126305e-01,1.000000000000000000e+00,5.639530996598215440e-01,3.291869853608777596e-01
4.155721433883834970e-01,3.301222092173624056e-01,4.795939613263656143e-01,5.639530996598215440e-01,1.000000000000000000e+00,6.166189653329255949e-01
5.842279872143624209e-01,5.148738475604585085e-01,3.439871906284563963e-01,3.291869853608777596e-01,6.166189653329255949e-01,1.000000000000000000e+00
