1.000000000000000000e+00,9.575618362206114176e-01,7.214728997356800733e-01,2.759569478268000808e-01,3.743478664428042113e-01,6.227823153729804551e-01
9.575618362206114176e-01,1.000000000000000000e+00,8.235566738498442119e-01,3.202840540325892493e-01,2.473613067479378813e-01,4.379561861402682665e-01
7.214728997356800733e-01,8.235566738498442119e-01,1.000000000000000000e+00,7.158831527489067925e-01,4.374897491648777614e-01,3.380282482800183730e-01
2.759569478268000808e-01,3.202840540325892493e-01,7.158831527489067925e-01,1.000000000000000000e+00,7.105492572802899476e-01,2.554288960367636085e-01
3.743478664428042113e-01,2.473613067479378813e-01,4.374897491648777614e-01,7.105492572802899476e-01,1.000000000000000000e+00,6.751406770922135925e-01
6.227823153729804551e-01,4.379561861402682665e-01,3.380282482800183730e-01,2.554288960367636085e-01,6.751406770922135925e-01,1.000000000000000000e+00
