1.000000000000000000e+00,9.236779214646420044e-01,7.208428677016188724e-01,3.611988957862883320e-01,4.074916014706946865e-01,6.032222098002484323e-01
9.236779214646420044e-01,1.000000000000000000e+00,9.185385642143347740e-01,5.384371243692784859e-01,4.528176826155042023e-01,5.035252606928088959e-01
7.208428677016188724e-01,9.185385642143347740e-01,1.000000000000000000e+00,7.072076771679483009e-01,5.665807975889110004e-01,4.445622299905484520e-01
3.611988957862883320e-01,5.384371243692784859e-01,7.072076771679483009e-01,1.000000000000000000e+00,6.480875572192174028e-01,3.290481378164996085e-01
4.074916014706946865e-01,4.528176826155042023e-01,5.665807975889110004e-01,6.480875572192174028e-01,1.000000000000000000e+00,7.554554603979158900e-01
6.032222098002484323e-01,5.035252606928088959e-01,4.445622299905484520e-01,3.290481378164996085e-01,7.554554603979158900e-01,1.000000000000000000e+00
