1.000000000000000000e+00,6.060274042472334477e-01,3.646225580138031663e-01,5.252995876072279469e-01,5.955640855348689477e-01,7.439737034433203666e-01
6.060274042472334477e-01,9.999999999999998890e-01,6.885130257926638242e-01,4.383713142922615602e-01,3.997764773008370409e-01,5.323923378903564485e-01
3.646225580138031663e-01,6.885130257926638242e-01,1.000000000000000000e+00,6.770409333584751499e-01,5.683619278335156899e-01,4.559784699873271063e-01
5.252995876072279469e-01,4.383713142922615602e-01,6.770409333584751499e-01,1.000000000000000000e+00,8.514648238552152693e-01,4.806496518525524841e-01
5.955640855348689477e-01,3.997764773008370409e-01,5.683619278335156899e-01,8.514648238552152693e-01,1.000000000000000000e+00,7.193542980131074627e-01
7.439737034433203666e-01,5.323923378903564485e-01,4.559784699873271063e-01,4.806496518525524841e-01,7.193542980131074627e-01,1.000000000000000000e+00
