1.000000000000000000e+00,7.180297484900894922e-01,5.509070684293854159e-01,5.649586195770160968e-01,5.652496530159033528e-01,6.527976782134324862e-01
7.180297484900894922e-01,1.000000000000000000e+00,8.392947079384432962e-01,4.584374550023795902e-01,4.545083868492631463e-01,4.879806533435720461e-01
5.509070684293854159e-01,8.392947079384432962e-01,1.000000000000000000e+00,6.117684165126192619e-01,6.042648152214596946e-01,4.907883299220880957e-01
5.649586195770160968e-01,4.584374550023795902e-01,6.117684165126192619e-01,1.000000000000000000e+00,9.974066497238900375e-01,7.338680013475701314e-01
5.652496530159033528e-01,4.545083868492631463e-01,6.042648152214596946e-01,9.974066497238900375e-01,1.000000000000000000e+00,7.475747083695472028e-01
6.527976782134324862e-01,4.879806533435720461e-01,4.907883299220880957e-01,7.338680013475701314e-01,7.475747083695472028e-01,1.000000000000000000e+00
