1.000000000000000000e+00,5.851865304490571074e-01,2.017253913723125180e-01,2.125792938270052446e-01,4.217435092649817752e-01,7.110126748771895544e-01
5.851865304490571074e-01,1.000000000000000000e+00,4.808841809809636381e-01,6.183804792390080740e-01,4.513903740158198841e-01,6.294392240905392066e-01
2.017253913723125180e-01,4.808841809809636381e-01,1.000000000000000000e+00,6.904122266414866038e-01,4.806997102604237959e-01,2.741552426824963029e-01
2.125792938270052446e-01,6.183804792390080740e-01,6.904122266414866038e-01,1.000000000000000000e+00,5.380731973351936537e-01,2.876938271432598615e-01
4.217435092649817752e-01,4.513903740158198841e-01,4.806997102604237959e-01,5.380731973351936537e-01,1.000000000000000000e+00,5.920128345585582430e-01
7.110126748771895544e-01,6.294392240905392066e-01,2.741552426824963029e-01,2.876938271432598615e-01,5.920128345585582430e-01,1.000000000000000000e+00
