1.000000000000000000e+00,8.514560763461581638e-01,6.287583164674163116e-01,7.651518027894436136e-01,7.824784450829463944e-01,8.761014890572446090e-01
8.514560763461581638e-01,1.000000000000000000e+00,8.956364548647228752e-01,8.728286953647529378e-01,7.918098948839503715e-01,8.462375955167201758e-01
6.287583164674163116e-01,8.956364548647228752e-01,1.000000000000000000e+00,8.776319530266863955e-01,7.568653440840663604e-01,7.401864223717348201e-01
7.651518027894436136e-01,8.728286953647529378e-01,8.776319530266863955e-01,1.000000000000000000e+00,8.408997384951263365e-01,7.784636980821127983e-01
7.824784450829463944e-01,7.918098948839503715e-01,7.568653440840663604e-01,8.408997384951263365e-01,1.000000000000000000e+00,9.143494158100892166e-01
8.761014890572446090e-01,8.462375955167201758e-01,7.401864223717348201e-01,7.784636980821127983e-01,9.143494158100892166e-01,1.000000000000000000e+00
