9.999999999999998890e-01,9.311382256625665432e-01,4.248952123451134599e-01,3.865087231049311733e-01,4.541678636286695103e-01,5.783564053175831443e-01
9.311382256625665432e-01,1.000000000000000000e+00,7.045742399991722360e-01,5.473631400132117353e-01,4.910301774963869992e-01,5.350505719542667515e-01
4.248952123451134599e-01,7.045742399991722360e-01,1.000000000000000000e+00,6.372382282941738696e-01,4.006101432654149419e-01,3.303755524408591993e-01
3.865087231049311733e-01,5.473631400132117353e-01,6.372382282941738696e-01,1.000000000000000000e+00,4.399293490436166909e-01,9.357303547477807681e-02
4.541678636286695103e-01,4.910301774963869992e-01,4.006101432654149419e-01,4.399293490436166909e-01,1.000000000000000000e+00,6.040989318953299270e-01
5.783564053175831443e-01,5.350505719542667515e-01,3.303755524408591993e-01,9.357303547477807681e-02,6.040989318953299270e-01,1.000000000000000000e+00
