1.000000000000000000e+00,8.009358795306008583e-01,6.569148474563757389e-01,6.331650972208943129e-01,6.019176548737958932e-01,7.392512416355384586e-01
8.009358795306008583e-01,1.000000000000000000e+00,8.193805902486536175e-01,5.872950391645593848e-01,5.234737197695866762e-01,5.888798835160585776e-01
6.569148474563757389e-01,8.193805902486536175e-01,1.000000000000000000e+00,7.657186052704481050e-01,6.592435033792433119e-01,6.487420477588388135e-01
6.331650972208943129e-01,5.872950391645593848e-01,7.657186052704481050e-01,1.000000000000000000e+00,7.635227686626843147e-01,6.727262166960420453e-01
6.019176548737958932e-01,5.234737197695866762e-01,6.592435033792433119e-01,7.635227686626843147e-01,1.000000000000000000e+00,8.247679097880258325e-01
7.392512416355384586e-01,5.888798835160585776e-01,6.487420477588388135e-01,6.727262166960420453e-01,8.247679097880258325e-01,1.000000000000000000e+00
