1.000000000000000000e+00,8.044324211118601964e-01,2.644692841046165088e-01,4.029817874224073115e-01,5.862037734342487871e-01,6.644306759892049108e-01
8.044324211118601964e-01,1.000000000000000000e+00,7.476120649174625710e-01,6.620110641902174908e-01,6.815575967090660159e-01,5.964177957900526073e-01
2.644692841046165088e-01,7.476120649174625710e-01,1.000000000000000000e+00,7.436157053578170695e-01,6.448623538616092832e-01,3.823640065808548982e-01
4.029817874224073115e-01,6.620110641902174908e-01,7.436157053578170695e-01,1.000000000000000000e+00,7.820427263044603672e-01,2.802405236495600360e-01
5.862037734342487871e-01,6.815575967090660159e-01,6.448623538616092832e-01,7.820427263044603672e-01,1.000000000000000000e+00,6.394658075190319257e-01
6.644306759892049108e-01,5.964177957900526073e-01,3.823640065808548982e-01,2.802405236495600360e-01,6.394658075190319257e-01,1.000000000000000000e+00
