1.000000000000000000e+00,3.818859770686504063e-01,1.841688520588672107e-01,2.404254845645980299e-01,3.803831775296998008e-01,5.613309209433104963e-01
3.818859770686504063e-01,1.000000000000000000e+00,7.553877722067489087e-01,7.093744118121826370e-01,6.252710066920036391e-01,7.385481887256845068e-01
1.841688520588672107e-01,7.553877722067489087e-01,1.000000000000000000e+00,7.734749955439945701e-01,6.366618724713836164e-01,5.689694035266061878e-01
2.404254845645980299e-01,7.093744118121826370e-01,7.734749955439945701e-01,1.000000000000000000e+00,8.622419238967590216e-01,6.551412517194932228e-01
3.803831775296998008e-01,6.252710066920036391e-01,6.366618724713836164e-01,8.622419238967590216e-01,1.000000000000000000e+00,8.049368101346883186e-01
5.613309209433104963e-01,7.385481887256845068e-01,5.689694035266061878e-01,6.551412517194932228e-01,8.049368101346883186e-01,1.000000000000000000e+00
