1.000000000000000000e+00,8.715242039828714482e-01,4.137288545499442916e-01,3.973572270126965456e-01,5.309481154682481607e-01,7.277496609111712145e-01
8.715242039828714482e-01,1.000000000000000000e+00,7.100881008861866794e-01,5.310168179275093214e-01,5.206109091391394328e-01,6.093999382294872369e-01
4.137288545499442916e-01,7.100881008861866794e-01,1.000000000000000000e+00,6.791599492447399911e-01,5.040092273392460243e-01,3.388661351003094957e-01
3.973572270126965456e-01,5.310168179275093214e-01,6.791599492447399911e-01,1.000000000000000000e+00,7.582910240034701488e-01,3.164799289210812883e-01
5.309481154682481607e-01,5.206109091391394328e-01,5.040092273392460243e-01,7.582910240034701488e-01,1.000000000000000000e+00,6.835094466261005808e-01
7.277496609111712145e-01,6.093999382294872369e-01,3.388661351003094957e-01,3.164799289210812883e-01,6.835094466261005808e-01,1.000000000000000000e+00
