1.000000000000000000e+00,8.598634664183805176e-01,8.538431996346442787e-01,8.412220891223666230e-01,8.409645543759777242e-01,8.466541104619672575e-01
8.598634664183805176e-01,1.000000000000000000e+00,8.551656825382877303e-01,8.478139595301729114e-01,8.464706592148335540e-01,8.513045561678397322e-01
8.538431996346442787e-01,8.551656825382877303e-01,1.000000000000000000e+00,8.467553704877298637e-01,8.399754918631060496e-01,8.461443956071318384e-01
8.412220891223666230e-01,8.478139595301729114e-01,8.467553704877298637e-01,1.000000000000000000e+00,8.426233380090631941e-01,8.519124181217997416e-01
8.409645543759777242e-01,8.464706592148335540e-01,8.399754918631060496e-01,8.426233380090631941e-01,1.000000000000000000e+00,8.515921447516298093e-01
8.466541104619672575e-01,8.513045561678397322e-01,8.461443956071318384e-01,8.519124181217997416e-01,8.515921447516298093e-01,1.000000000000000000e+00
