1.000000000000000000e+00,8.541087254111682237e-01,8.359597412561061702e-01,8.485332681438122471e-01,8.473852942625241802e-01,8.452626895304593546e-01
8.541087254111682237e-01,1.000000000000000000e+00,8.382476452572097392e-01,8.390755556484514877e-01,8.488864081125061523e-01,8.476496182638876276e-01
8.359597412561061702e-01,8.382476452572097392e-01,1.000000000000000000e+00,8.345203025891123616e-01,8.426857102631073460e-01,8.404340240282165420e-01
8.485332681438122471e-01,8.390755556484514877e-01,8.345203025891123616e-01,1.000000000000000000e+00,8.616908024471134908e-01,8.413532663056049188e-01
8.473852942625241802e-01,8.488864081125061523e-01,8.426857102631073460e-01,8.616908024471134908e-01,1.000000000000000000e+00,8.512116165774302745e-01
8.452626895304593546e-01,8.476496182638876276e-01,8.404340240282165420e-01,8.413532663056049188e-01,8.512116165774302745e-01,1.000000000000000000e+00
