1.000000000000000000e+00,8.568027566911123882e-01,8.568142566229192125e-01,8.492151605039919282e-01,8.564054257864378572e-01,8.645713208030585406e-01
8.568027566911123882e-01,1.000000000000000000e+00,8.529478963507138856e-01,8.346120407134449692e-01,8.535976089406025480e-01,8.541638800816405697e-01
8.568142566229192125e-01,8.529478963507138856e-01,1.000000000000000000e+00,8.413624598294809909e-01,8.562066056884124476e-01,8.523642508113872251e-01
8.492151605039919282e-01,8.346120407134449692e-01,8.413624598294809909e-01,1.000000000000000000e+00,8.630980330267190581e-01,8.487121865514980490e-01
8.564054257864378572e-01,8.535976089406025480e-01,8.562066056884124476e-01,8.630980330267190581e-01,1.000000000000000000e+00,8.610294078977251964e-01
8.645713208030585406e-01,8.541638800816405697e-01,8.523642508113872251e-01,8.487121865514980490e-01,8.610294078977251964e-01,1.000000000000000000e+00
