1.000000000000000000e+00,8.507463985195670153e-01,8.384593569511388234e-01,8.540572794566058112e-01,8.426469383706415295e-01,8.488011422208198153e-01
8.507463985195670153e-01,1.000000000000000000e+00,8.438756550009972601e-01,8.435390343680849723e-01,8.427972868433039055e-01,8.448548404720565008e-01
8.384593569511388234e-01,8.438756550009972601e-01,1.000000000000000000e+00,8.487948976706382043e-01,8.453824885707553749e-01,8.451655696960319597e-01
8.540572794566058112e-01,8.435390343680849723e-01,8.487948976706382043e-01,1.000000000000000000e+00,8.452522541537899059e-01,8.533479738289927452e-01
8.426469383706415295e-01,8.427972868433039055e-01,8.453824885707553749e-01,8.452522541537899059e-01,1.000000000000000000e+00,8.569908650898034885e-01
8.488011422208198153e-01,8.448548404720565008e-01,8.451655696960319597e-01,8.533479738289927452e-01,8.569908650898034885e-01,1.000000000000000000e+00
