1.000000000000000000e+00,8.503184414701386862e-01,8.478848938846059724e-01,8.516934762330077291e-01,8.598397176732767155e-01,8.589801975475523932e-01
8.503184414701386862e-01,1.000000000000000000e+00,8.393325965587740134e-01,8.305397883303822226e-01,8.428669289085600758e-01,8.490377599272432851e-01
8.478848938846059724e-01,8.393325965587740134e-01,1.000000000000000000e+00,8.387433376085056125e-01,8.436954527876890930e-01,8.459703726651076616e-01
8.516934762330077291e-01,8.305397883303822226e-01,8.387433376085056125e-01,1.000000000000000000e+00,8.521641002705981904e-01,8.428995140766589733e-01
8.598397176732767155e-01,8.428669289085600758e-01,8.436954527876890930e-01,8.521641002705981904e-01,1.000000000000000000e+00,8.535060014251212301e-01
8.589801975475523932e-01,8.490377599272432851e-01,8.459703726651076616e-01,8.428995140766589733e-01,8.535060014251212301e-01,1.000000000000000000e+00
