1.000000000000000000e+00,8.421550453545175730e-01,8.505668663174273947e-01,8.455833303392047418e-01,8.485088428637417302e-01,8.452733913299428359e-01
8.421550453545175730e-01,1.000000000000000000e+00,8.400572071010762309e-01,8.318609893339496963e-01,8.400804128668148962e-01,8.449568712958995809e-01
8.505668663174273947e-01,8.400572071010762309e-01,1.000000000000000000e+00,8.276541727211897959e-01,8.361956946523129153e-01,8.423949102817154255e-01
8.455833303392047418e-01,8.318609893339496963e-01,8.276541727211897959e-01,1.000000000000000000e+00,8.397808893328586599e-01,8.442009156061383024e-01
8.485088428637417302e-01,8.400804128668148962e-01,8.361956946523129153e-01,8.397808893328586599e-01,1.000000000000000000e+00,8.437984198427942450e-01
8.452733913299428359e-01,8.449568712958995809e-01,8.423949102817154255e-01,8.442009156061383024e-01,8.437984198427942450e-01,1.000000000000000000e+00
