1.000000000000000000e+00,8.557330704406941324e-01,8.448157136394615074e-01,8.476256242430731946e-01,8.368622893294274112e-01,8.461187520485831115e-01
8.557330704406941324e-01,1.000000000000000000e+00,8.405463761030960157e-01,8.463971268376085932e-01,8.354084863309049203e-01,8.468337211109057128e-01
8.448157136394615074e-01,8.405463761030960157e-01,1.000000000000000000e+00,8.410191552780507118e-01,8.352485773366952193e-01,8.361114367571880202e-01
8.476256242430731946e-01,8.463971268376085932e-01,8.410191552780507118e-01,1.000000000000000000e+00,8.401990933589519317e-01,8.526275286142390719e-01
8.368622893294274112e-01,8.354084863309049203e-01,8.352485773366952193e-01,8.401990933589519317e-01,1.000000000000000000e+00,8.416175153408685938e-01
8.461187520485831115e-01,8.468337211109057128e-01,8.361114367571880202e-01,8.526275286142390719e-01,8.416175153408685938e-01,1.000000000000000000e+00
