1.000000000000000000e+00,8.489998257334597787e-01,8.440508344084322045e-01,8.462471417064488799e-01,8.388215204370564892e-01,8.472851836437372830e-01
8.489998257334597787e-01,1.000000000000000000e+00,8.416673318527089220e-01,8.411196671988528939e-01,8.435271691621372137e-01,8.384101343027055009e-01
8.440508344084322045e-01,8.416673318527089220e-01,1.000000000000000000e+00,8.382233969035676191e-01,8.370868050409193684e-01,8.345452950447599383e-01
8.462471417064488799e-01,8.411196671988528939e-01,8.382233969035676191e-01,1.000000000000000000e+00,8.560236962114039505e-01,8.521934292703914338e-01
8.388215204370564892e-01,8.435271691621372137e-01,8.370868050409193684e-01,8.560236962114039505e-01,1.000000000000000000e+00,8.423912435956144584e-01
8.472851836437372830e-01,8.384101343027055009e-01,8.345452950447599383e-01,8.521934292703914338e-01,8.423912435956144584e-01,1.000000000000000000e+00
