1.000000000000000000e+00,8.448855152984333650e-01,8.417372907358308121e-01,8.458173240691287953e-01,8.473542766948759519e-01,8.407480955193941119e-01
8.448855152984333650e-01,1.000000000000000000e+00,8.394445129776947345e-01,8.366267854004573179e-01,8.486215369840172107e-01,8.341822117231191269e-01
8.417372907358308121e-01,8.394445129776947345e-01,1.000000000000000000e+00,8.347067593054720014e-01,8.323387779522191110e-01,8.325389049014543241e-01
8.458173240691287953e-01,8.366267854004573179e-01,8.347067593054720014e-01,1.000000000000000000e+00,8.308660661729256880e-01,8.353644306543147602e-01
8.473542766948759519e-01,8.486215369840172107e-01,8.323387779522191110e-01,8.308660661729256880e-01,1.000000000000000000e+00,8.410685876322413490e-01
8.407480955193941119e-01,8.341822117231191269e-01,8.325389049014543241e-01,8.353644306543147602e-01,8.410685876322413490e-01,1.000000000000000000e+00
