1.000000000000000000e+00,8.471886564592971958e-01,8.598108997589216651e-01,8.426518422682005571e-01,8.492120097696377323e-01,8.508472910997531002e-01
8.471886564592971958e-01,1.000000000000000000e+00,8.416602347271768814e-01,8.297897137923575528e-01,8.404067743239949095e-01,8.389169767786864851e-01
8.598108997589216651e-01,8.416602347271768814e-01,1.000000000000000000e+00,8.378892405454266834e-01,8.439617134750735383e-01,8.437334110017613575e-01
8.426518422682005571e-01,8.297897137923575528e-01,8.378892405454266834e-01,1.000000000000000000e+00,8.660864545738310438e-01,8.523000055483141990e-01
8.492120097696377323e-01,8.404067743239949095e-01,8.439617134750735383e-01,8.660864545738310438e-01,1.000000000000000000e+00,8.658661694265467057e-01
8.508472910997531002e-01,8.389169767786864851e-01,8.437334110017613575e-01,8.523000055483141990e-01,8.658661694265467057e-01,1.000000000000000000e+00
