1.000000000000000000e+00,8.441377423448486184e-01,8.618508574350062235e-01,8.527775939687404216e-01,8.471238251139010522e-01,8.534473926605358196e-01
8.441377423448486184e-01,1.000000000000000000e+00,8.493010384856284345e-01,8.434916853844093287e-01,8.435760168112343971e-01,8.399618785783410368e-01
8.618508574350062235e-01,8.493010384856284345e-01,1.000000000000000000e+00,8.521462195294130515e-01,8.487276419494245161e-01,8.584091191639685592e-01
8.527775939687404216e-01,8.434916853844093287e-01,8.521462195294130515e-01,1.000000000000000000e+00,8.674863043211038516e-01,8.554657657487357847e-01
8.471238251139010522e-01,8.435760168112343971e-01,8.487276419494245161e-01,8.674863043211038516e-01,1.000000000000000000e+00,8.507800403330963990e-01
8.534473926605358196e-01,8.399618785783410368e-01,8.584091191639685592e-01,8.554657657487357847e-01,8.507800403330963990e-01,1.000000000000000000e+00
