1.000000000000000000e+00,8.434465709463583316e-01,8.476371603128659560e-01,8.415511484511047913e-01,8.424395281934023982e-01,8.469081680321884908e-01
8.434465709463583316e-01,1.000000000000000000e+00,8.472499255232889270e-01,8.415729251454541204e-01,8.542439979813710726e-01,8.485894712132916462e-01
8.476371603128659560e-01,8.472499255232889270e-01,1.000000000000000000e+00,8.419375102136718025e-01,8.424590336198134466e-01,8.439653573944475573e-01
8.415511484511047913e-01,8.415729251454541204e-01,8.419375102136718025e-01,1.000000000000000000e+00,8.525401459966852613e-01,8.531821767582195015e-01
8.424395281934023982e-01,8.542439979813710726e-01,8.424590336198134466e-01,8.525401459966852613e-01,1.000000000000000000e+00,8.649844016084212717e-01
8.469081680321884908e-01,8.485894712132916462e-01,8.439653573944475573e-01,8.531821767582195015e-01,8.649844016084212717e-01,1.000000000000000000e+00
