1.000000000000000000e+00,8.572388119466625156e-01,8.410346910317955116e-01,8.460454984954792756e-01,8.481584536373310002e-01,8.396272402597640960e-01
8.572388119466625156e-01,1.000000000000000000e+00,8.498300875184160441e-01,8.471466515638775840e-01,8.430997237418660362e-01,8.426247839096575598e-01
8.410346910317955116e-01,8.498300875184160441e-01,1.000000000000000000e+00,8.363611881336229237e-01,8.358648741815773997e-01,8.416923267620007865e-01
8.460454984954792756e-01,8.471466515638775840e-01,8.363611881336229237e-01,1.000000000000000000e+00,8.473963030743635327e-01,8.418701211406816043e-01
8.481584536373310002e-01,8.430997237418660362e-01,8.358648741815773997e-01,8.473963030743635327e-01,1.000000000000000000e+00,8.439278564851427911e-01
8.396272402597640960e-01,8.426247839096575598e-01,8.416923267620007865e-01,8.418701211406816043e-01,8.439278564851427911e-01,1.000000000000000000e+00
