1.000000000000000000e+00,8.605613229048665325e-01,8.642600287798982706e-01,8.531257511950965933e-01,8.486108716923547179e-01,8.579413013573594649e-01
8.605613229048665325e-01,1.000000000000000000e+00,8.611816186302613252e-01,8.421540993582935508e-01,8.443867818269047421e-01,8.457013958051829983e-01
8.642600287798982706e-01,8.611816186302613252e-01,1.000000000000000000e+00,8.511347015688742745e-01,8.413957541915350058e-01,8.548996399477193364e-01
8.531257511950965933e-01,8.421540993582935508e-01,8.511347015688742745e-01,1.000000000000000000e+00,8.433305424928995153e-01,8.526482931495963369e-01
8.486108716923547179e-01,8.443867818269047421e-01,8.413957541915350058e-01,8.433305424928995153e-01,1.000000000000000000e+00,8.407734027606695859e-01
8.579413013573594649e-01,8.457013958051829983e-01,8.548996399477193364e-01,8.526482931495963369e-01,8.407734027606695859e-01,1.000000000000000000e+00
