1.000000000000000000e+00,8.415752233584520292e-01,8.492476584376041915e-01,8.441391569328874356e-01,8.452330187902291625e-01,8.436359269082114309e-01
8.415752233584520292e-01,1.000000000000000000e+00,8.476605818844650253e-01,8.401002970714435136e-01,8.414741198361479491e-01,8.380213330119842263e-01
8.492476584376041915e-01,8.476605818844650253e-01,1.000000000000000000e+00,8.456763019652694391e-01,8.454977663383744790e-01,8.468634459369243084e-01
8.441391569328874356e-01,8.401002970714435136e-01,8.456763019652694391e-01,1.000000000000000000e+00,8.449373798117618684e-01,8.480230585605327276e-01
8.452330187902291625e-01,8.414741198361479491e-01,8.454977663383744790e-01,8.449373798117618684e-01,1.000000000000000000e+00,8.534761342739772827e-01
8.436359269082114309e-01,8.380213330119842263e-01,8.468634459369243084e-01,8.480230585605327276e-01,8.534761342739772827e-01,1.000000000000000000e+00
