1.000000000000000000e+00,8.496319427910460353e-01,8.436035831381428762e-01,8.370437825833114687e-01,8.341382136783046519e-01,8.351041608648377412e-01
8.496319427910460353e-01,1.000000000000000000e+00,8.477677313274444293e-01,8.324348812131247000e-01,8.332560236561333822e-01,8.405402091192012426e-01
8.436035831381428762e-01,8.477677313274444293e-01,1.000000000000000000e+00,8.409871536415319815e-01,8.219393613171765978e-01,8.454978101594275985e-01
8.370437825833114687e-01,8.324348812131247000e-01,8.409871536415319815e-01,1.000000000000000000e+00,8.287251792243538473e-01,8.371168717730284037e-01
8.341382136783046519e-01,8.332560236561333822e-01,8.219393613171765978e-01,8.287251792243538473e-01,1.000000000000000000e+00,8.305670770182050910e-01
8.351041608648377412e-01,8.405402091192012426e-01,8.454978101594275985e-01,8.371168717730284037e-01,8.305670770182050910e-01,1.000000000000000000e+00
