1.000000000000000000e+00,8.442866681200212886e-01,8.394996833312391438e-01,8.532454333751456899e-01,8.427691987163768994e-01,8.381459318878127229e-01
8.442866681200212886e-01,1.000000000000000000e+00,8.483717625389810557e-01,8.387172245204213006e-01,8.396637713514237822e-01,8.279750005654120670e-01
8.394996833312391438e-01,8.483717625389810557e-01,1.000000000000000000e+00,8.467979285642740495e-01,8.479846757590241424e-01,8.381242872180173498e-01
8.532454333751456899e-01,8.387172245204213006e-01,8.467979285642740495e-01,1.000000000000000000e+00,8.444769411595132169e-01,8.371725247497715516e-01
8.427691987163768994e-01,8.396637713514237822e-01,8.479846757590241424e-01,8.444769411595132169e-01,1.000000000000000000e+00,8.381732912513473188e-01
8.381459318878127229e-01,8.279750005654120670e-01,8.381242872180173498e-01,8.371725247497715516e-01,8.381732912513473188e-01,1.000000000000000000e+00
