1.000000000000000000e+00,8.586613336543907904e-01,8.588197982917291640e-01,8.625988203409639121e-01,8.527312079732634054e-01,8.534088501704523155e-01
8.586613336543907904e-01,1.000000000000000000e+00,8.585678851418699908e-01,8.550323515140094699e-01,8.456805736349447544e-01,8.463983618537080922e-01
8.588197982917291640e-01,8.585678851418699908e-01,1.000000000000000000e+00,8.589883260219509653e-01,8.395463662395895588e-01,8.528353047266211684e-01
8.625988203409639121e-01,8.550323515140094699e-01,8.589883260219509653e-01,1.000000000000000000e+00,8.585931527068869640e-01,8.478986055629974539e-01
8.527312079732634054e-01,8.456805736349447544e-01,8.395463662395895588e-01,8.585931527068869640e-01,1.000000000000000000e+00,8.485327894776241164e-01
8.534088501704523155e-01,8.463983618537080922e-01,8.528353047266211684e-01,8.478986055629974539e-01,8.485327894776241164e-01,1.000000000000000000e+00
