1.000000000000000000e+00,8.541815349587492667e-01,8.489996670467673257e-01,8.414311168600594470e-01,8.464138005909710438e-01,8.448685979218643061e-01
8.541815349587492667e-01,1.000000000000000000e+00,8.532784467011360618e-01,8.511936985916200848e-01,8.566974309235798613e-01,8.517434021890060158e-01
8.489996670467673257e-01,8.532784467011360618e-01,1.000000000000000000e+00,8.462653126511027191e-01,8.446923698860590024e-01,8.452896459143568464e-01
8.414311168600594470e-01,8.511936985916200848e-01,8.462653126511027191e-01,1.000000000000000000e+00,8.574875023001298224e-01,8.501500185489677675e-01
8.464138005909710438e-01,8.566974309235798613e-01,8.446923698860590024e-01,8.574875023001298224e-01,1.000000000000000000e+00,8.526058871131443340e-01
8.448685979218643061e-01,8.517434021890060158e-01,8.452896459143568464e-01,8.501500185489677675e-01,8.526058871131443340e-01,1.000000000000000000e+00
