1.000000000000000000e+00,8.444608991637253537e-01,8.323295500429098714e-01,8.434607693591669175e-01,8.463959887382935809e-01,8.440763207350713282e-01
8.444608991637253537e-01,1.000000000000000000e+00,8.366150481372464087e-01,8.437800801297514752e-01,8.555342180207462510e-01,8.444902298572140031e-01
8.323295500429098714e-01,8.366150481372464087e-01,1.000000000000000000e+00,8.255041486250026539e-01,8.395316941773182107e-01,8.277585005260323925e-01
8.434607693591669175e-01,8.437800801297514752e-01,8.255041486250026539e-01,1.000000000000000000e+00,8.608075514919928395e-01,8.420477591778503523e-01
8.463959887382935809e-01,8.555342180207462510e-01,8.395316941773182107e-01,8.608075514919928395e-01,1.000000000000000000e+00,8.522060254345289465e-01
8.440763207350713282e-01,8.444902298572140031e-01,8.277585005260323925e-01,8.420477591778503523e-01,8.522060254345289465e-01,1.000000000000000000e+00
