1.000000000000000000e+00,8.560951998242800620e-01,8.496530574227607602e-01,8.368204979973988822e-01,8.482961540348649132e-01,8.444581553796691731e-01
8.560951998242800620e-01,1.000000000000000000e+00,8.627446982241410156e-01,8.461099356685060080e-01,8.530012367762459524e-01,8.474974355258700909e-01
8.496530574227607602e-01,8.627446982241410156e-01,1.000000000000000000e+00,8.425060506470808397e-01,8.420226336010584456e-01,8.529398563120071941e-01
8.368204979973988822e-01,8.461099356685060080e-01,8.425060506470808397e-01,1.000000000000000000e+00,8.403740594909767658e-01,8.344686485353328687e-01
8.482961540348649132e-01,8.530012367762459524e-01,8.420226336010584456e-01,8.403740594909767658e-01,1.000000000000000000e+00,8.463404271712073879e-01
8.444581553796691731e-01,8.474974355258700909e-01,8.529398563120071941e-01,8.344686485353328687e-01,8.463404271712073879e-01,1.000000000000000000e+00
