1.000000000000000000e+00,8.416283023161366117e-01,8.407607202545578362e-01,8.359560539123170875e-01,8.443259568258897341e-01,8.428917563855199413e-01
8.416283023161366117e-01,1.000000000000000000e+00,8.371814167528595085e-01,8.303689373149746311e-01,8.399893509323353991e-01,8.432193628601932778e-01
8.407607202545578362e-01,8.371814167528595085e-01,1.000000000000000000e+00,8.319268063606499730e-01,8.465210098746057676e-01,8.457579687733968177e-01
8.359560539123170875e-01,8.303689373149746311e-01,8.319268063606499730e-01,1.000000000000000000e+00,8.309468565176617583e-01,8.262429903804203724e-01
8.443259568258897341e-01,8.399893509323353991e-01,8.465210098746057676e-01,8.309468565176617583e-01,1.000000000000000000e+00,8.527603836842042595e-01
8.428917563855199413e-01,8.432193628601932778e-01,8.457579687733968177e-01,8.262429903804203724e-01,8.527603836842042595e-01,1.000000000000000000e+00
