1.000000000000000000e+00,8.314912308793133144e-01,8.379252654574158576e-01,8.284985947438880949e-01,8.325977702817098924e-01,8.193742216922794697e-01
8.314912308793133144e-01,1.000000000000000000e+00,8.413026752319264778e-01,8.462168280485431460e-01,8.419175789034102353e-01,8.312743537148170603e-01
8.379252654574158576e-01,8.413026752319264778e-01,1.000000000000000000e+00,8.412795537992318051e-01,8.361135478154690936e-01,8.309314807319926333e-01
8.284985947438880949e-01,8.462168280485431460e-01,8.412795537992318051e-01,1.000000000000000000e+00,8.564686606697584637e-01,8.360836876410208118e-01
8.325977702817098924e-01,8.419175789034102353e-01,8.361135478154690936e-01,8.564686606697584637e-01,1.000000000000000000e+00,8.390068751004234882e-01
8.193742216922794697e-01,8.312743537148170603e-01,8.309314807319926333e-01,8.360836876410208118e-01,8.390068751004234882e-01,1.000000000000000000e+00
