1.000000000000000000e+00,8.381184977481358489e-01,8.478366267454143790e-01,8.368522956376619470e-01,8.469299941618961824e-01,8.351773838501631575e-01
8.381184977481358489e-01,1.000000000000000000e+00,8.471194070662252384e-01,8.331047401184300538e-01,8.482189193086077106e-01,8.448403644610574803e-01
8.478366267454143790e-01,8.471194070662252384e-01,1.000000000000000000e+00,8.507393562874280279e-01,8.697462203393472313e-01,8.504476053895008159e-01
8.368522956376619470e-01,8.331047401184300538e-01,8.507393562874280279e-01,1.000000000000000000e+00,8.568913330710761223e-01,8.481066233784900765e-01
8.469299941618961824e-01,8.482189193086077106e-01,8.697462203393472313e-01,8.568913330710761223e-01,1.000000000000000000e+00,8.601263395631120190e-01
8.351773838501631575e-01,8.448403644610574803e-01,8.504476053895008159e-01,8.481066233784900765e-01,8.601263395631120190e-01,1.000000000000000000e+00
