1.000000000000000000e+00,8.503248449854853286e-01,8.486955671896715403e-01,8.329078548412024441e-01,8.573688897881107662e-01,8.477276050096794746e-01
8.503248449854853286e-01,1.000000000000000000e+00,8.484054754733169057e-01,8.399957733697398510e-01,8.549909965467586970e-01,8.523985752805688376e-01
8.486955671896715403e-01,8.484054754733169057e-01,1.000000000000000000e+00,8.456512663176956046e-01,8.562878237192558251e-01,8.520550415969520008e-01
8.329078548412024441e-01,8.399957733697398510e-01,8.456512663176956046e-01,1.000000000000000000e+00,8.531034764979147367e-01,8.476770648444028611e-01
8.573688897881107662e-01,8.549909965467586970e-01,8.562878237192558251e-01,8.531034764979147367e-01,1.000000000000000000e+00,8.642833301585133299e-01
8.477276050096794746e-01,8.523985752805688376e-01,8.520550415969520008e-01,8.476770648444028611e-01,8.642833301585133299e-01,1.000000000000000000e+00
