1.000000000000000000e+00,8.595482145178922062e-01,8.556580668374956788e-01,8.468950865311261067e-01,8.367942926600727693e-01,8.393742309944358659e-01
8.595482145178922062e-01,1.000000000000000000e+00,8.549851571830010544e-01,8.531742426810343671e-01,8.358813769661731508e-01,8.456290021384454958e-01
8.556580668374956788e-01,8.549851571830010544e-01,1.000000000000000000e+00,8.471014380136780986e-01,8.412999346559316693e-01,8.403067347221955252e-01
8.468950865311261067e-01,8.531742426810343671e-01,8.471014380136780986e-01,1.000000000000000000e+00,8.355675525448704732e-01,8.509846804516540963e-01
8.367942926600727693e-01,8.358813769661731508e-01,8.412999346559316693e-01,8.355675525448704732e-01,1.000000000000000000e+00,8.406046673114370149e-01
8.393742309944358659e-01,8.456290021384454958e-01,8.403067347221955252e-01,8.509846804516540963e-01,8.406046673114370149e-01,1.000000000000000000e+00
