1.000000000000000000e+00,8.594394380252327048e-01,8.400141836761938485e-01,8.605067794077658760e-01,8.396576142609611937e-01,8.580868133540774378e-01
8.594394380252327048e-01,1.000000000000000000e+00,8.656968645023191966e-01,8.649167206070990099e-01,8.535068126080899154e-01,8.491089591995897301e-01
8.400141836761938485e-01,8.656968645023191966e-01,1.000000000000000000e+00,8.594083976944085768e-01,8.465961922952595087e-01,8.460209133342821985e-01
8.605067794077658760e-01,8.649167206070990099e-01,8.594083976944085768e-01,1.000000000000000000e+00,8.526778082994209695e-01,8.614218691086370505e-01
8.396576142609611937e-01,8.535068126080899154e-01,8.465961922952595087e-01,8.526778082994209695e-01,1.000000000000000000e+00,8.456299719500068868e-01
8.580868133540774378e-01,8.491089591995897301e-01,8.460209133342821985e-01,8.614218691086370505e-01,8.456299719500068868e-01,1.000000000000000000e+00
