1.000000000000000000e+00,8.679187377860255737e-01,8.517805510608825736e-01,8.529101724609812196e-01,8.536327585356463521e-01,8.524324133236292900e-01
8.679187377860255737e-01,1.000000000000000000e+00,8.677103319502815770e-01,8.603905132677706069e-01,8.679306539635902595e-01,8.598173501991506207e-01
8.517805510608825736e-01,8.677103319502815770e-01,1.000000000000000000e+00,8.470114608450322047e-01,8.684763889983426743e-01,8.604438880485006935e-01
8.529101724609812196e-01,8.603905132677706069e-01,8.470114608450322047e-01,1.000000000000000000e+00,8.570123496222407100e-01,8.620956910240367144e-01
8.536327585356463521e-01,8.679306539635902595e-01,8.684763889983426743e-01,8.570123496222407100e-01,1.000000000000000000e+00,8.556032234647602541e-01
8.524324133236292900e-01,8.598173501991506207e-01,8.604438880485006935e-01,8.620956910240367144e-01,8.556032234647602541e-01,1.000000000000000000e+00
