1.000000000000000000e+00,8.528408123392589024e-01,8.417736010083967102e-01,8.399707120862810461e-01,8.418749859151977155e-01,8.299961913750116826e-01
8.528408123392589024e-01,1.000000000000000000e+00,8.603845610931207810e-01,8.519969304451816550e-01,8.559896084821897455e-01,8.476585703868247945e-01
8.417736010083967102e-01,8.603845610931207810e-01,1.000000000000000000e+00,8.467184923611279501e-01,8.495355429970506966e-01,8.401524536957230005e-01
8.399707120862810461e-01,8.519969304451816550e-01,8.467184923611279501e-01,1.000000000000000000e+00,8.495752398967536534e-01,8.518594692096416177e-01
8.418749859151977155e-01,8.559896084821897455e-01,8.495355429970506966e-01,8.495752398967536534e-01,1.000000000000000000e+00,8.419201238202167481e-01
8.299961913750116826e-01,8.476585703868247945e-01,8.401524536957230005e-01,8.518594692096416177e-01,8.419201238202167481e-01,1.000000000000000000e+00
