1.000000000000000000e+00,8.563430269208075485e-01,8.465496707109368968e-01,8.373890104534164047e-01,8.448360540008055253e-01,8.414503239688641001e-01
8.563430269208075485e-01,1.000000000000000000e+00,8.443079470270923315e-01,8.454807207055107243e-01,8.584253071647353073e-01,8.493353067451628879e-01
8.465496707109368968e-01,8.443079470270923315e-01,1.000000000000000000e+00,8.403760438480832873e-01,8.520742082915258031e-01,8.531133048888790427e-01
8.373890104534164047e-01,8.454807207055107243e-01,8.403760438480832873e-01,1.000000000000000000e+00,8.494686115301517404e-01,8.498559400396191732e-01
8.448360540008055253e-01,8.584253071647353073e-01,8.520742082915258031e-01,8.494686115301517404e-01,1.000000000000000000e+00,8.663821722935938219e-01
8.414503239688641001e-01,8.493353067451628879e-01,8.531133048888790427e-01,8.498559400396191732e-01,8.663821722935938219e-01,1.000000000000000000e+00
