1.000000000000000000e+00,8.558791738735657129e-01,8.423855196547941349e-01,8.399878458600489317e-01,8.387679759650739086e-01,8.353276027561810091e-01
8.558791738735657129e-01,1.000000000000000000e+00,8.451659517347852590e-01,8.458032046802177462e-01,8.443820226791657335e-01,8.363463714713010866e-01
8.423855196547941349e-01,8.451659517347852590e-01,1.000000000000000000e+00,8.389685382148557302e-01,8.261992613279325326e-01,8.360861166944123513e-01
8.399878458600489317e-01,8.458032046802177462e-01,8.389685382148557302e-01,1.000000000000000000e+00,8.397732365389846132e-01,8.348214278471696170e-01
8.387679759650739086e-01,8.443820226791657335e-01,8.261992613279325326e-01,8.397732365389846132e-01,1.000000000000000000e+00,8.366074112122462436e-01
8.353276027561810091e-01,8.363463714713010866e-01,8.360861166944123513e-01,8.348214278471696170e-01,8.366074112122462436e-01,1.000000000000000000e+00
