1.000000000000000000e+00,8.577222980177042766e-01,8.432644687581413168e-01,8.421647187460008510e-01,8.328107177473844658e-01,8.455588911303024702e-01
8.577222980177042766e-01,1.000000000000000000e+00,8.433574169512390029e-01,8.403352720685423050e-01,8.393084099688609134e-01,8.480651650411039633e-01
8.432644687581413168e-01,8.433574169512390029e-01,1.000000000000000000e+00,8.341431875147957697e-01,8.328682357009852266e-01,8.390322776489362866e-01
8.421647187460008510e-01,8.403352720685423050e-01,8.341431875147957697e-01,1.000000000000000000e+00,8.503501545134465323e-01,8.447536613515177484e-01
8.328107177473844658e-01,8.393084099688609134e-01,8.328682357009852266e-01,8.503501545134465323e-01,1.000000000000000000e+00,8.421515421610679120e-01
8.455588911303024702e-01,8.480651650411039633e-01,8.390322776489362866e-01,8.447536613515177484e-01,8.421515421610679120e-01,1.000000000000000000e+00
