1.000000000000000000e+00,8.609897199963962855e-01,8.522211323770975122e-01,8.603626047857142467e-01,8.345219456609958009e-01,8.373458321468346677e-01
8.609897199963962855e-01,1.000000000000000000e+00,8.489474581304349288e-01,8.555423677503708468e-01,8.400477814544827782e-01,8.380497774377775322e-01
8.522211323770975122e-01,8.489474581304349288e-01,1.000000000000000000e+00,8.465354777696161293e-01,8.374158880080160294e-01,8.268693653787875242e-01
8.603626047857142467e-01,8.555423677503708468e-01,8.465354777696161293e-01,1.000000000000000000e+00,8.406648690308470284e-01,8.376442836627310262e-01
8.345219456609958009e-01,8.400477814544827782e-01,8.374158880080160294e-01,8.406648690308470284e-01,1.000000000000000000e+00,8.287001122856526569e-01
8.373458321468346677e-01,8.380497774377775322e-01,8.268693653787875242e-01,8.376442836627310262e-01,8.287001122856526569e-01,1.000000000000000000e+00
