1.000000000000000000e+00,8.583267243346828224e-01,8.576532718965020896e-01,8.588000350154622042e-01,8.481932623029614371e-01,8.519478402730161770e-01
8.583267243346828224e-01,1.000000000000000000e+00,8.541538155213902472e-01,8.509482162366691638e-01,8.424545631468302043e-01,8.503978107953426013e-01
8.576532718965020896e-01,8.541538155213902472e-01,1.000000000000000000e+00,8.632554149319191517e-01,8.546123768346532978e-01,8.502516796306096580e-01
8.588000350154622042e-01,8.509482162366691638e-01,8.632554149319191517e-01,1.000000000000000000e+00,8.542478059693799919e-01,8.531443107885321453e-01
8.481932623029614371e-01,8.424545631468302043e-01,8.546123768346532978e-01,8.542478059693799919e-01,1.000000000000000000e+00,8.524989785820958899e-01
8.519478402730161770e-01,8.503978107953426013e-01,8.502516796306096580e-01,8.531443107885321453e-01,8.524989785820958899e-01,1.000000000000000000e+00
