1.000000000000000000e+00,8.308962686248593243e-01,8.265332830968815658e-01,8.409888629849219255e-01,8.443904472849679266e-01,8.398912012079340350e-01
8.308962686248593243e-01,1.000000000000000000e+00,8.275840858252685450e-01,8.314739996332042304e-01,8.461490202225436796e-01,8.284918397264672274e-01
8.265332830968815658e-01,8.275840858252685450e-01,1.000000000000000000e+00,8.400900077390299758e-01,8.463344615688265238e-01,8.315782887895121211e-01
8.409888629849219255e-01,8.314739996332042304e-01,8.400900077390299758e-01,1.000000000000000000e+00,8.531285940878027274e-01,8.418085497130461947e-01
8.443904472849679266e-01,8.461490202225436796e-01,8.463344615688265238e-01,8.531285940878027274e-01,1.000000000000000000e+00,8.510559189006849934e-01
8.398912012079340350e-01,8.284918397264672274e-01,8.315782887895121211e-01,8.418085497130461947e-01,8.510559189006849934e-01,1.000000000000000000e+00
