1.000000000000000000e+00,8.518565697410823701e-01,8.534706858008025421e-01,8.396802324678706020e-01,8.343329034109870923e-01,8.514443919448734244e-01
8.518565697410823701e-01,1.000000000000000000e+00,8.488857404272217577e-01,8.417065239339936999e-01,8.442509549940712121e-01,8.445952226225877935e-01
8.534706858008025421e-01,8.488857404272217577e-01,1.000000000000000000e+00,8.416435889008028193e-01,8.507322647317430153e-01,8.450840191111477218e-01
8.396802324678706020e-01,8.417065239339936999e-01,8.416435889008028193e-01,1.000000000000000000e+00,8.375610257326150387e-01,8.465538751312964294e-01
8.343329034109870923e-01,8.442509549940712121e-01,8.507322647317430153e-01,8.375610257326150387e-01,1.000000000000000000e+00,8.493146999816495457e-01
8.514443919448734244e-01,8.445952226225877935e-01,8.450840191111477218e-01,8.465538751312964294e-01,8.493146999816495457e-01,1.000000000000000000e+00
