1.000000000000000000e+00,8.619955406345631843e-01,8.394695406932126680e-01,8.569962469017066153e-01,8.441106486194356329e-01,8.398962841402942692e-01
8.619955406345631843e-01,1.000000000000000000e+00,8.404823930717594260e-01,8.595219305413310806e-01,8.410389866642610235e-01,8.446977766562295820e-01
8.394695406932126680e-01,8.404823930717594260e-01,1.000000000000000000e+00,8.491186640918106932e-01,8.316773058498653226e-01,8.442127189077303084e-01
8.569962469017066153e-01,8.595219305413310806e-01,8.491186640918106932e-01,1.000000000000000000e+00,8.472006808987986304e-01,8.481650234797787347e-01
8.441106486194356329e-01,8.410389866642610235e-01,8.316773058498653226e-01,8.472006808987986304e-01,1.000000000000000000e+00,8.403883338054255470e-01
8.398962841402942692e-01,8.446977766562295820e-01,8.442127189077303084e-01,8.481650234797787347e-01,8.403883338054255470e-01,1.000000000000000000e+00
