1.000000000000000000e+00,8.603494711105176274e-01,8.420879970608075027e-01,8.451351450167340351e-01,8.437834213422042984e-01,8.331999793303442869e-01
8.603494711105176274e-01,1.000000000000000000e+00,8.476960242889095554e-01,8.554539037758216447e-01,8.483906303796787673e-01,8.509127404923542137e-01
8.420879970608075027e-01,8.476960242889095554e-01,1.000000000000000000e+00,8.405797571753931274e-01,8.419578124200940428e-01,8.303696554171012822e-01
8.451351450167340351e-01,8.554539037758216447e-01,8.405797571753931274e-01,1.000000000000000000e+00,8.453912502708195165e-01,8.398833820294505648e-01
8.437834213422042984e-01,8.483906303796787673e-01,8.419578124200940428e-01,8.453912502708195165e-01,1.000000000000000000e+00,8.501282440966572151e-01
8.331999793303442869e-01,8.509127404923542137e-01,8.303696554171012822e-01,8.398833820294505648e-01,8.501282440966572151e-01,1.000000000000000000e+00
