1.000000000000000000e+00,8.576277893897575888e-01,8.572346604251427360e-01,8.533385102756393392e-01,8.431668493666769626e-01,8.525820537778502350e-01
8.576277893897575888e-01,1.000000000000000000e+00,8.499865186504459436e-01,8.408396940702420608e-01,8.376428801574786753e-01,8.380755928505183583e-01
8.572346604251427360e-01,8.499865186504459436e-01,1.000000000000000000e+00,8.464141461108054543e-01,8.430253033541753593e-01,8.532843768899157633e-01
8.533385102756393392e-01,8.408396940702420608e-01,8.464141461108054543e-01,1.000000000000000000e+00,8.519266118460094850e-01,8.561676569659870673e-01
8.431668493666769626e-01,8.376428801574786753e-01,8.430253033541753593e-01,8.519266118460094850e-01,1.000000000000000000e+00,8.541196918623571444e-01
8.525820537778502350e-01,8.380755928505183583e-01,8.532843768899157633e-01,8.561676569659870673e-01,8.541196918623571444e-01,1.000000000000000000e+00
