1.000000000000000000e+00,8.477325000854566417e-01,8.480523568423138370e-01,8.391686961255597765e-01,8.415580490327160268e-01,8.322407261281213886e-01
8.477325000854566417e-01,1.000000000000000000e+00,8.507798298914602819e-01,8.385007044706355162e-01,8.425206609737826424e-01,8.320365252059692684e-01
8.480523568423138370e-01,8.507798298914602819e-01,1.000000000000000000e+00,8.422620614403170114e-01,8.461331907882226888e-01,8.444651873110370355e-01
8.391686961255597765e-01,8.385007044706355162e-01,8.422620614403170114e-01,1.000000000000000000e+00,8.484846749781169706e-01,8.386810301512036547e-01
8.415580490327160268e-01,8.425206609737826424e-01,8.461331907882226888e-01,8.484846749781169706e-01,1.000000000000000000e+00,8.391900164177105159e-01
8.322407261281213886e-01,8.320365252059692684e-01,8.444651873110370355e-01,8.386810301512036547e-01,8.391900164177105159e-01,1.000000000000000000e+00
