1.000000000000000000e+00,8.448998984233835330e-01,8.415903207335396763e-01,8.389978683627100642e-01,8.479812130206733078e-01,8.536991624492981101e-01
8.448998984233835330e-01,1.000000000000000000e+00,8.477478727268282777e-01,8.443295491243287820e-01,8.492279776285321935e-01,8.523276463129491054e-01
8.415903207335396763e-01,8.477478727268282777e-01,1.000000000000000000e+00,8.476045607302590268e-01,8.492068743411039788e-01,8.546559735928039858e-01
8.389978683627100642e-01,8.443295491243287820e-01,8.476045607302590268e-01,1.000000000000000000e+00,8.570336693330881106e-01,8.506899217546410874e-01
8.479812130206733078e-01,8.492279776285321935e-01,8.492068743411039788e-01,8.570336693330881106e-01,1.000000000000000000e+00,8.542909082876392057e-01
8.536991624492981101e-01,8.523276463129491054e-01,8.546559735928039858e-01,8.506899217546410874e-01,8.542909082876392057e-01,1.000000000000000000e+00
