1.000000000000000000e+00,8.341597267991054387e-01,8.412071950674241405e-01,8.344404886853062919e-01,8.364942217444178985e-01,8.448665609851561120e-01
8.341597267991054387e-01,1.000000000000000000e+00,8.455854751911605627e-01,8.415262865106493129e-01,8.343726861747376988e-01,8.446598021969804471e-01
8.412071950674241405e-01,8.455854751911605627e-01,1.000000000000000000e+00,8.357493110069765807e-01,8.472171331088472757e-01,8.456099441686050211e-01
8.344404886853062919e-01,8.415262865106493129e-01,8.357493110069765807e-01,1.000000000000000000e+00,8.370386010575016078e-01,8.488851057041947312e-01
8.364942217444178985e-01,8.343726861747376988e-01,8.472171331088472757e-01,8.370386010575016078e-01,1.000000000000000000e+00,8.481666507581936409e-01
8.448665609851561120e-01,8.446598021969804471e-01,8.456099441686050211e-01,8.488851057041947312e-01,8.481666507581936409e-01,1.000000000000000000e+00
