1.000000000000000000e+00,8.452083317728669165e-01,8.376457980074104581e-01,8.402999265252248939e-01,8.466915996720784099e-01,8.448547368084348141e-01
8.452083317728669165e-01,1.000000000000000000e+00,8.424842117626436533e-01,8.353145084006058374e-01,8.411134136073631362e-01,8.386215146607035598e-01
8.376457980074104581e-01,8.424842117626436533e-01,1.000000000000000000e+00,8.331577440995943107e-01,8.432413222359960159e-01,8.502138970530580542e-01
8.402999265252248939e-01,8.353145084006058374e-01,8.331577440995943107e-01,1.000000000000000000e+00,8.418179084627485098e-01,8.493802115517676832e-01
8.466915996720784099e-01,8.411134136073631362e-01,8.432413222359960159e-01,8.418179084627485098e-01,1.000000000000000000e+00,8.528372746360313172e-01
8.448547368084348141e-01,8.386215146607035598e-01,8.502138970530580542e-01,8.493802115517676832e-01,8.528372746360313172e-01,1.000000000000000000e+00
