1.000000000000000000e+00,8.388852922519561828e-01,8.346053200827515672e-01,8.411156367295852254e-01,8.384775165988266332e-01,8.427389309498368730e-01
8.388852922519561828e-01,1.000000000000000000e+00,8.426050372298247160e-01,8.401191814139526981e-01,8.433514925761347314e-01,8.404148474844426175e-01
8.346053200827515672e-01,8.426050372298247160e-01,1.000000000000000000e+00,8.345777484309184757e-01,8.348495168917838827e-01,8.391872229682656448e-01
8.411156367295852254e-01,8.401191814139526981e-01,8.345777484309184757e-01,1.000000000000000000e+00,8.411123302568234150e-01,8.533451594497197812e-01
8.384775165988266332e-01,8.433514925761347314e-01,8.348495168917838827e-01,8.411123302568234150e-01,1.000000000000000000e+00,8.559864340122467219e-01
8.427389309498368730e-01,8.404148474844426175e-01,8.391872229682656448e-01,8.533451594497197812e-01,8.559864340122467219e-01,1.000000000000000000e+00
