1.000000000000000000e+00,8.456236960794908386e-01,8.519378081382851242e-01,8.440888131614837642e-01,8.484811593102860039e-01,8.362699065035935631e-01
8.456236960794908386e-01,1.000000000000000000e+00,8.539652453383160813e-01,8.375590776835282192e-01,8.532506282427432254e-01,8.454282764527508709e-01
8.519378081382851242e-01,8.539652453383160813e-01,1.000000000000000000e+00,8.433396441086821183e-01,8.585603666386809607e-01,8.484386123937445179e-01
8.440888131614837642e-01,8.375590776835282192e-01,8.433396441086821183e-01,1.000000000000000000e+00,8.542122338849695851e-01,8.530903830167243518e-01
8.484811593102860039e-01,8.532506282427432254e-01,8.585603666386809607e-01,8.542122338849695851e-01,1.000000000000000000e+00,8.751997097052420793e-01
8.362699065035935631e-01,8.454282764527508709e-01,8.484386123937445179e-01,8.530903830167243518e-01,8.751997097052420793e-01,1.000000000000000000e+00
