1.000000000000000000e+00,8.446273380189079916e-01,8.409454103606885944e-01,8.457095132233752866e-01,8.573446188235044341e-01,8.493117696090010105e-01
8.446273380189079916e-01,1.000000000000000000e+00,8.392240006127082985e-01,8.370514285847400204e-01,8.573246555673229574e-01,8.420113591776651196e-01
8.409454103606885944e-01,8.392240006127082985e-01,1.000000000000000000e+00,8.304311374524613321e-01,8.491559208917621726e-01,8.468149803717133217e-01
8.457095132233752866e-01,8.370514285847400204e-01,8.304311374524613321e-01,1.000000000000000000e+00,8.529258537953792185e-01,8.474871684838004571e-01
8.573446188235044341e-01,8.573246555673229574e-01,8.491559208917621726e-01,8.529258537953792185e-01,1.000000000000000000e+00,8.520013992997159669e-01
8.493117696090010105e-01,8.420113591776651196e-01,8.468149803717133217e-01,8.474871684838004571e-01,8.520013992997159669e-01,1.000000000000000000e+00
