1.000000000000000000e+00,8.428847090091826644e-01,8.508555626534294314e-01,8.512664499608230129e-01,8.444371009637254843e-01,8.433964678204030063e-01
8.428847090091826644e-01,1.000000000000000000e+00,8.520127911299958390e-01,8.588805498567474439e-01,8.636985479036337621e-01,8.471894078421905450e-01
8.508555626534294314e-01,8.520127911299958390e-01,1.000000000000000000e+00,8.596436925687881425e-01,8.561098339407902102e-01,8.491494251064897192e-01
8.512664499608230129e-01,8.588805498567474439e-01,8.596436925687881425e-01,1.000000000000000000e+00,8.730800605678931126e-01,8.568190601231441272e-01
8.444371009637254843e-01,8.636985479036337621e-01,8.561098339407902102e-01,8.730800605678931126e-01,1.000000000000000000e+00,8.713344203136649258e-01
8.433964678204030063e-01,8.471894078421905450e-01,8.491494251064897192e-01,8.568190601231441272e-01,8.713344203136649258e-01,1.000000000000000000e+00
