1.000000000000000000e+00,8.504579216733417768e-01,8.527470885932967315e-01,8.434844061702019280e-01,8.501579512837937891e-01,8.401689687501804338e-01
8.504579216733417768e-01,1.000000000000000000e+00,8.455113044417532642e-01,8.368821591521705683e-01,8.468044418464305556e-01,8.379745369409775657e-01
8.527470885932967315e-01,8.455113044417532642e-01,1.000000000000000000e+00,8.458172871038093232e-01,8.462233882209013736e-01,8.426589160567298231e-01
8.434844061702019280e-01,8.368821591521705683e-01,8.458172871038093232e-01,1.000000000000000000e+00,8.469561751214237377e-01,8.503486930082139184e-01
8.501579512837937891e-01,8.468044418464305556e-01,8.462233882209013736e-01,8.469561751214237377e-01,1.000000000000000000e+00,8.450583142919870783e-01
8.401689687501804338e-01,8.379745369409775657e-01,8.426589160567298231e-01,8.503486930082139184e-01,8.450583142919870783e-01,1.000000000000000000e+00
