1.000000000000000000e+00,8.348706952665807535e-01,8.228176106386083655e-01,8.299114833893156407e-01,8.253554232527432477e-01,8.325496891099049002e-01
8.348706952665807535e-01,1.000000000000000000e+00,8.404032330670477835e-01,8.457029680760735912e-01,8.374438248059205003e-01,8.407547934401081724e-01
8.228176106386083655e-01,8.404032330670477835e-01,1.000000000000000000e+00,8.392992008780223445e-01,8.350212360007108758e-01,8.434329473311213965e-01
8.299114833893156407e-01,8.457029680760735912e-01,8.392992008780223445e-01,1.000000000000000000e+00,8.428338358607017078e-01,8.498299049027592256e-01
8.253554232527432477e-01,8.374438248059205003e-01,8.350212360007108758e-01,8.428338358607017078e-01,1.000000000000000000e+00,8.391589217963996150e-01
8.325496891099049002e-01,8.407547934401081724e-01,8.434329473311213965e-01,8.498299049027592256e-01,8.391589217963996150e-01,1.000000000000000000e+00
