1.000000000000000000e+00,7.755039809541032225e-01,1.316496692825962211e-01,4.903370480367999495e-01,4.921523848291360359e-01,4.127724101198319562e-01
7.755039809541032225e-01,1.000000000000000000e+00,5.260728983247147106e-01,8.014952171220924848e-01,8.013568509080289948e-01,5.596611112769414031e-01
1.316496692825962211e-01,5.260728983247147106e-01,1.000000000000000000e+00,6.283137210459542876e-01,6.258514513579266358e-01,2.680749542051630296e-01
4.903370480367999495e-01,8.014952171220924848e-01,6.283137210459542876e-01,1.000000000000000000e+00,9.976834660263613763e-01,5.450421098378280815e-01
4.921523848291360359e-01,8.013568509080289948e-01,6.258514513579266358e-01,9.976834660263613763e-01,1.000000000000000000e+00,5.591786607721357383e-01
4.127724101198319562e-01,5.596611112769414031e-01,2.680749542051630296e-01,5.450421098378280815e-01,5.591786607721357383e-01,1.000000000000000000e+00
