1.000000000000000000e+00,8.862294579393629190e-01,6.617108309795374232e-01,6.665708639973019212e-01,6.158292796991253759e-01,8.911613499870796318e-01
8.862294579393629190e-01,1.000000000000000000e+00,8.781730019423895639e-01,8.476510870830263888e-01,8.147614548879843488e-01,8.616885599228671921e-01
6.617108309795374232e-01,8.781730019423895639e-01,1.000000000000000000e+00,8.675303857433541710e-01,8.271862387422488361e-01,7.498544452203382837e-01
6.665708639973019212e-01,8.476510870830263888e-01,8.675303857433541710e-01,1.000000000000000000e+00,7.852442875084241214e-01,6.918552825990987865e-01
6.158292796991253759e-01,8.147614548879843488e-01,8.271862387422488361e-01,7.852442875084241214e-01,1.000000000000000000e+00,7.309824973785729041e-01
8.911613499870796318e-01,8.616885599228671921e-01,7.498544452203382837e-01,6.918552825990987865e-01,7.309824973785729041e-01,1.000000000000000000e+00
