1.000000000000000000e+00,8.032275646473415742e-01,3.841661937721457254e-01,6.197380839402567565e-01,6.973462996064468955e-01,7.763553472293974744e-01
8.032275646473415742e-01,1.000000000000000000e+00,6.690201972257012741e-01,7.331998842978714181e-01,7.288852275147771342e-01,7.704020702173978163e-01
3.841661937721457254e-01,6.690201972257012741e-01,1.000000000000000000e+00,8.359454912999607634e-01,7.556273945348537247e-01,7.075918668292536795e-01
6.197380839402567565e-01,7.331998842978714181e-01,8.359454912999607634e-01,1.000000000000000000e+00,9.448743711825476899e-01,8.455870700797101236e-01
6.973462996064468955e-01,7.288852275147771342e-01,7.556273945348537247e-01,9.448743711825476899e-01,1.000000000000000000e+00,9.343012406617363652e-01
7.763553472293974744e-01,7.704020702173978163e-01,7.075918668292536795e-01,8.455870700797101236e-01,9.343012406617363652e-01,1.000000000000000000e+00
