1.000000000000000000e+00,6.182674070919523812e-01,3.817477983435924593e-01,3.183803411860623434e-01,5.258475626401245551e-01,7.139724645334694086e-01
6.182674070919523812e-01,1.000000000000000000e+00,8.826100055544774392e-01,5.982402283771406371e-01,5.769105180817563072e-01,7.009759403007160827e-01
3.817477983435924593e-01,8.826100055544774392e-01,1.000000000000000000e+00,7.071170384788724173e-01,5.970597747537708111e-01,6.232996128047870732e-01
3.183803411860623434e-01,5.982402283771406371e-01,7.071170384788724173e-01,1.000000000000000000e+00,7.630315034610207769e-01,3.837524978423874078e-01
5.258475626401245551e-01,5.769105180817563072e-01,5.970597747537708111e-01,7.630315034610207769e-01,1.000000000000000000e+00,6.528730083242807458e-01
7.139724645334694086e-01,7.009759403007160827e-01,6.232996128047870732e-01,3.837524978423874078e-01,6.528730083242807458e-01,1.000000000000000000e+00
