1.000000000000000000e+00,8.488067596813334559e-01,1.260303735379483259e-01,6.211650382234820134e-01,6.991133867896053289e-01,8.563880864117457969e-01
8.488067596813334559e-01,1.000000000000000000e+00,5.541855584423366343e-01,7.963185353842879843e-01,8.074996641491618554e-01,9.042331691354633660e-01
1.260303735379483259e-01,5.541855584423366343e-01,1.000000000000000000e+00,7.032362099666032984e-01,4.960702402050251592e-01,5.160190734665935919e-01
6.211650382234820134e-01,7.963185353842879843e-01,7.032362099666032984e-01,1.000000000000000000e+00,8.690612542879710967e-01,8.406094038409409608e-01
6.991133867896053289e-01,8.074996641491618554e-01,4.960702402050251592e-01,8.690612542879710967e-01,1.000000000000000000e+00,8.683970683109505373e-01
8.563880864117457969e-01,9.042331691354633660e-01,5.160190734665935919e-01,8.406094038409409608e-01,8.683970683109505373e-01,1.000000000000000000e+00
