1.000000000000000000e+00,7.876024523625106966e-01,7.751406576308551566e-01,4.331463942901055408e-01,5.535298103118067026e-01,7.201642637948784120e-01
7.876024523625106966e-01,1.000000000000000000e+00,9.965357889927889401e-01,5.763196086199871004e-01,5.209012751671757702e-01,4.878154794562420959e-01
7.751406576308551566e-01,9.965357889927889401e-01,1.000000000000000000e+00,5.787477688432286493e-01,5.282443335444276800e-01,4.877103623878196736e-01
4.331463942901055408e-01,5.763196086199871004e-01,5.787477688432286493e-01,1.000000000000000000e+00,2.640530352305980877e-01,1.284214188467774909e-01
5.535298103118067026e-01,5.209012751671757702e-01,5.282443335444276800e-01,2.640530352305980877e-01,1.000000000000000000e+00,7.584323782261578328e-01
7.201642637948784120e-01,4.878154794562420959e-01,4.877103623878196736e-01,1.284214188467774909e-01,7.584323782261578328e-01,1.000000000000000000e+00
