1.000000000000000000e+00,7.461535063871133078e-01,4.022086058258835806e-01,4.456379387467371278e-01,4.438006881942072046e-01,6.318451782766999481e-01
7.461535063871133078e-01,1.000000000000000000e+00,7.709958810225642223e-01,5.498182744825373947e-01,5.213061186259020374e-01,5.552983316192554586e-01
4.022086058258835806e-01,7.709958810225642223e-01,1.000000000000000000e+00,6.660428903326948147e-01,6.416815428739354177e-01,4.536823507312238157e-01
4.456379387467371278e-01,5.498182744825373947e-01,6.660428903326948147e-01,1.000000000000000000e+00,9.907311321550423822e-01,5.198156091609559271e-01
4.438006881942072046e-01,5.213061186259020374e-01,6.416815428739354177e-01,9.907311321550423822e-01,1.000000000000000000e+00,5.497174307219945266e-01
6.318451782766999481e-01,5.552983316192554586e-01,4.536823507312238157e-01,5.198156091609559271e-01,5.497174307219945266e-01,1.000000000000000000e+00
