1.000000000000000000e+00,5.668659432429633549e-01,5.522079246787457985e-01,4.231931285628405814e-01,6.395959142388395469e-01,7.716706195427730508e-01
5.668659432429633549e-01,1.000000000000000000e+00,9.985226189041992439e-01,7.344795881878468657e-01,5.768579516751862757e-01,5.136466258853592537e-01
5.522079246787457985e-01,9.985226189041992439e-01,1.000000000000000000e+00,7.363507982511038330e-01,5.775937885025768104e-01,5.092238848235416393e-01
4.231931285628405814e-01,7.344795881878468657e-01,7.363507982511038330e-01,1.000000000000000000e+00,4.234357669552737402e-01,1.971064390351355833e-01
6.395959142388395469e-01,5.768579516751862757e-01,5.775937885025768104e-01,4.234357669552737402e-01,1.000000000000000000e+00,8.136535892164010741e-01
7.716706195427730508e-01,5.136466258853592537e-01,5.092238848235416393e-01,1.971064390351355833e-01,8.136535892164010741e-01,1.000000000000000000e+00
