1.000000000000000000e+00,5.617237195644223524e-01,5.747039301872501893e-01,7.515260570408613949e-01,7.537844233081139045e-01,7.623057222726082882e-01
5.617237195644223524e-01,1.000000000000000000e+00,6.955329234500126079e-01,7.658781776346131887e-01,7.650192087951648290e-01,5.829237782645462218e-01
5.747039301872501893e-01,6.955329234500126079e-01,1.000000000000000000e+00,8.078805546085182643e-01,8.059558109099326240e-01,5.717407896891449903e-01
7.515260570408613949e-01,7.658781776346131887e-01,8.078805546085182643e-01,1.000000000000000000e+00,9.987947503352493372e-01,7.477301797383880677e-01
7.537844233081139045e-01,7.650192087951648290e-01,8.059558109099326240e-01,9.987947503352493372e-01,1.000000000000000000e+00,7.542774103935884211e-01
7.623057222726082882e-01,5.829237782645462218e-01,5.717407896891449903e-01,7.477301797383880677e-01,7.542774103935884211e-01,1.000000000000000000e+00
