1.000000000000000000e+00,2.681713982611840241e-01,3.944767186601623177e-01,3.789239075619896258e-01,5.098024836705842278e-01,9.264262096138917713e-01
2.681713982611840241e-01,1.000000000000000000e+00,4.263659370745040422e-01,2.765648359637633003e-01,3.839845313901670276e-01,3.880241509224787166e-01
3.944767186601623177e-01,4.263659370745040422e-01,1.000000000000000000e+00,5.017860883517185622e-01,3.806677493097178622e-01,1.426561827426625073e-01
3.789239075619896258e-01,2.765648359637633003e-01,5.017860883517185622e-01,1.000000000000000000e+00,9.265827953256523530e-01,6.217354662729649428e-01
5.098024836705842278e-01,3.839845313901670276e-01,3.806677493097178622e-01,9.265827953256523530e-01,1.000000000000000000e+00,6.697580445303178420e-01
9.264262096138917713e-01,3.880241509224787166e-01,1.426561827426625073e-01,6.217354662729649428e-01,6.697580445303178420e-01,1.000000000000000000e+00
