1.000000000000000000e+00,8.805477365099577680e-01,2.332766721252221565e-01,4.124473759968008135e-01,5.874725201483872450e-01,8.372827806823216479e-01
8.805477365099577680e-01,1.000000000000000000e+00,6.046429834535023140e-01,5.938007260940167953e-01,5.957585426576430532e-01,7.937228907935706124e-01
2.332766721252221565e-01,6.046429834535023140e-01,1.000000000000000000e+00,7.397119152186020230e-01,5.240935706567941832e-01,4.619495283193340018e-01
4.124473759968008135e-01,5.938007260940167953e-01,7.397119152186020230e-01,1.000000000000000000e+00,8.847340196041207916e-01,5.650814226814102614e-01
5.874725201483872450e-01,5.957585426576430532e-01,5.240935706567941832e-01,8.847340196041207916e-01,1.000000000000000000e+00,7.125079830104028566e-01
8.372827806823216479e-01,7.937228907935706124e-01,4.619495283193340018e-01,5.650814226814102614e-01,7.125079830104028566e-01,1.000000000000000000e+00
