1.000000000000000000e+00,6.916627751631199139e-01,4.576620975128880553e-01,3.850512303908943945e-01,5.643341412248991107e-01,5.717774762099100405e-01
6.916627751631199139e-01,1.000000000000000000e+00,7.606326178416046302e-01,5.960505150694017651e-01,7.147002555817842939e-01,7.159702114129715689e-01
4.576620975128880553e-01,7.606326178416046302e-01,1.000000000000000000e+00,5.858633652031709493e-01,6.001973256795244405e-01,5.968289360044402025e-01
3.850512303908943945e-01,5.960505150694017651e-01,5.858633652031709493e-01,1.000000000000000000e+00,7.500344943974109890e-01,7.297901399029690372e-01
5.643341412248991107e-01,7.147002555817842939e-01,6.001973256795244405e-01,7.500344943974109890e-01,1.000000000000000000e+00,9.974657852417769810e-01
5.717774762099100405e-01,7.159702114129715689e-01,5.968289360044402025e-01,7.297901399029690372e-01,9.974657852417769810e-01,1.000000000000000000e+00
