1.000000000000000000e+00,6.941437753132241317e-01,4.393982960968556561e-01,6.708556721610926532e-01,7.658648481016752108e-01,8.556832684658414179e-01
6.941437753132241317e-01,1.000000000000000000e+00,8.910381794170453285e-01,8.403523669325632106e-01,7.910300721590967088e-01,8.471732707119820072e-01
4.393982960968556561e-01,8.910381794170453285e-01,1.000000000000000000e+00,8.597660478663761152e-01,7.495740399953749744e-01,7.359398911821145584e-01
6.708556721610926532e-01,8.403523669325632106e-01,8.597660478663761152e-01,1.000000000000000000e+00,9.123828563971164707e-01,8.351897778005362705e-01
7.658648481016752108e-01,7.910300721590967088e-01,7.495740399953749744e-01,9.123828563971164707e-01,1.000000000000000000e+00,8.870407363017357438e-01
8.556832684658414179e-01,8.471732707119820072e-01,7.359398911821145584e-01,8.351897778005362705e-01,8.870407363017357438e-01,1.000000000000000000e+00
