1.000000000000000000e+00,9.279950060321792149e-01,4.525565920033549072e-01,3.719236023529359780e-01,4.555919410186768381e-01,6.790539276763678522e-01
9.279950060321792149e-01,1.000000000000000000e+00,6.491784178298941610e-01,4.664103773775860051e-01,4.503218249997956169e-01,5.946924607896785231e-01
4.525565920033549072e-01,6.491784178298941610e-01,1.000000000000000000e+00,6.675206045794114251e-01,5.458506928520643342e-01,4.332067464581926264e-01
3.719236023529359780e-01,4.664103773775860051e-01,6.675206045794114251e-01,1.000000000000000000e+00,7.299493774482775921e-01,3.444916785273383630e-01
4.555919410186768381e-01,4.503218249997956169e-01,5.458506928520643342e-01,7.299493774482775921e-01,1.000000000000000000e+00,6.241376036279367989e-01
6.790539276763678522e-01,5.946924607896785231e-01,4.332067464581926264e-01,3.444916785273383630e-01,6.241376036279367989e-01,1.000000000000000000e+00
