1.000000000000000000e+00,8.588541179637703138e-01,4.580864746754629291e-01,3.601915701649276991e-01,7.174504735998022964e-01,7.159388872157520511e-01
8.588541179637703138e-01,1.000000000000000000e+00,7.147957262125087530e-01,5.224069208068499170e-01,7.673712991906294079e-01,7.288600397468885106e-01
4.580864746754629291e-01,7.147957262125087530e-01,1.000000000000000000e+00,6.700553342313105842e-01,6.253742463659957007e-01,6.238322134110089179e-01
3.601915701649276991e-01,5.224069208068499170e-01,6.700553342313105842e-01,1.000000000000000000e+00,4.411100973209456932e-01,2.721612150490161919e-01
7.174504735998022964e-01,7.673712991906294079e-01,6.253742463659957007e-01,4.411100973209456932e-01,1.000000000000000000e+00,8.687652330900191844e-01
7.159388872157520511e-01,7.288600397468885106e-01,6.238322134110089179e-01,2.721612150490161919e-01,8.687652330900191844e-01,1.000000000000000000e+00
