1.000000000000000000e+00,8.033657887216100191e-01,5.272513643594923805e-01,5.792405045997105484e-01,7.233630527565065860e-01,8.234680301685831649e-01
8.033657887216100191e-01,1.000000000000000000e+00,7.861449185307152199e-01,7.267764088445919368e-01,7.200208481689577278e-01,7.696745074673705389e-01
5.272513643594923805e-01,7.861449185307152199e-01,1.000000000000000000e+00,8.889876188719033623e-01,7.606100770855164228e-01,6.861177334451445953e-01
5.792405045997105484e-01,7.267764088445919368e-01,8.889876188719033623e-01,1.000000000000000000e+00,8.417182814369347232e-01,6.714770870419924931e-01
7.233630527565065860e-01,7.200208481689577278e-01,7.606100770855164228e-01,8.417182814369347232e-01,1.000000000000000000e+00,8.762813151407725654e-01
8.234680301685831649e-01,7.696745074673705389e-01,6.861177334451445953e-01,6.714770870419924931e-01,8.762813151407725654e-01,1.000000000000000000e+00
