1.000000000000000000e+00,8.521112237783537990e-01,5.987564069645039400e-01,1.981695127035519866e-01,4.398837633641981548e-01,7.024744393202012605e-01
8.521112237783537990e-01,1.000000000000000000e+00,8.727339446691938507e-01,3.781908060789451742e-01,4.878109221536573448e-01,5.929368682134497082e-01
5.987564069645039400e-01,8.727339446691938507e-01,1.000000000000000000e+00,5.357233236281190303e-01,5.176113851860025816e-01,4.961879839991921171e-01
1.981695127035519866e-01,3.781908060789451742e-01,5.357233236281190303e-01,1.000000000000000000e+00,4.857391938631283601e-01,2.411015547060594288e-01
4.398837633641981548e-01,4.878109221536573448e-01,5.176113851860025816e-01,4.857391938631283601e-01,1.000000000000000000e+00,7.329160174025114438e-01
7.024744393202012605e-01,5.929368682134497082e-01,4.961879839991921171e-01,2.411015547060594288e-01,7.329160174025114438e-01,1.000000000000000000e+00
