1.000000000000000000e+00,7.962731338424079430e-01,4.005221285263800834e-01,1.701573905522136831e-01,4.326100574700603718e-01,7.154109450638904688e-01
7.962731338424079430e-01,1.000000000000000000e+00,6.446083722797760762e-01,4.415872916121883485e-01,4.772013613053677772e-01,6.786291689020473861e-01
4.005221285263800834e-01,6.446083722797760762e-01,1.000000000000000000e+00,6.372999867688123876e-01,6.327900844066519648e-01,5.595038137772517794e-01
1.701573905522136831e-01,4.415872916121883485e-01,6.372999867688123876e-01,1.000000000000000000e+00,4.267001442727634264e-01,9.173813303821241882e-02
4.326100574700603718e-01,4.772013613053677772e-01,6.327900844066519648e-01,4.267001442727634264e-01,1.000000000000000000e+00,6.475393591926396075e-01
7.154109450638904688e-01,6.786291689020473861e-01,5.595038137772517794e-01,9.173813303821241882e-02,6.475393591926396075e-01,1.000000000000000000e+00
