1.000000000000000000e+00,2.227912920857111068e-01,2.070656190912863182e-01,6.537750142090495986e-01,7.990489513633672880e-01,8.701710331104300922e-01
2.227912920857111068e-01,1.000000000000000000e+00,8.283356565827556528e-01,4.654328094851684638e-01,3.827970883083409714e-01,5.347193575636310925e-01
2.070656190912863182e-01,8.283356565827556528e-01,1.000000000000000000e+00,2.803586699089472001e-01,1.590024073766853341e-01,2.626161938908926352e-01
6.537750142090495986e-01,4.654328094851684638e-01,2.803586699089472001e-01,1.000000000000000000e+00,7.287304363577947752e-01,7.581969910516582756e-01
7.990489513633672880e-01,3.827970883083409714e-01,1.590024073766853341e-01,7.287304363577947752e-01,1.000000000000000000e+00,8.545039144809137843e-01
8.701710331104300922e-01,5.347193575636310925e-01,2.626161938908926352e-01,7.581969910516582756e-01,8.545039144809137843e-01,1.000000000000000000e+00
