1.000000000000000000e+00,9.273571304126120296e-01,3.414803259716023831e-01,2.450034899112089881e-01,4.240912627542119950e-01,6.341021128600641266e-01
9.273571304126120296e-01,1.000000000000000000e+00,5.596116192296877179e-01,3.192034667334868181e-01,4.463214701596081024e-01,5.460105162971758963e-01
3.414803259716023831e-01,5.596116192296877179e-01,1.000000000000000000e+00,5.591724122054623214e-01,5.377710034470749578e-01,2.306404294290278767e-01
2.450034899112089881e-01,3.192034667334868181e-01,5.591724122054623214e-01,1.000000000000000000e+00,6.652831479115585145e-01,1.586276318662379614e-01
4.240912627542119950e-01,4.463214701596081024e-01,5.377710034470749578e-01,6.652831479115585145e-01,1.000000000000000000e+00,4.878911168209675853e-01
6.341021128600641266e-01,5.460105162971758963e-01,2.306404294290278767e-01,1.586276318662379614e-01,4.878911168209675853e-01,1.000000000000000000e+00
