1.000000000000000000e+00,7.455898604650254002e-01,4.293030884122441826e-01,4.199831647317075478e-01,5.414987825261931009e-01,6.560987309275984058e-01
7.455898604650254002e-01,1.000000000000000000e+00,6.733728596092066754e-01,5.359386208422369791e-01,4.740783517415645409e-01,5.168069020655189361e-01
4.293030884122441826e-01,6.733728596092066754e-01,1.000000000000000000e+00,6.520862280521313448e-01,4.417739693759665798e-01,3.945751215312440774e-01
4.199831647317075478e-01,5.359386208422369791e-01,6.520862280521313448e-01,1.000000000000000000e+00,6.683250617169701480e-01,4.370034712666719390e-01
5.414987825261931009e-01,4.740783517415645409e-01,4.417739693759665798e-01,6.683250617169701480e-01,1.000000000000000000e+00,8.553810774667605088e-01
6.560987309275984058e-01,5.168069020655189361e-01,3.945751215312440774e-01,4.370034712666719390e-01,8.553810774667605088e-01,1.000000000000000000e+00
