1.000000000000000000e+00,9.968696467748779932e-01,8.797187496119956984e-01,8.371270053391982602e-01,7.815510382723102056e-01,7.846878819989852039e-01
9.968696467748779932e-01,1.000000000000000000e+00,8.934200346233480694e-01,8.518433802408319488e-01,7.734123623482402898e-01,7.773788547556085282e-01
8.797187496119956984e-01,8.934200346233480694e-01,1.000000000000000000e+00,9.257567801281053610e-01,6.076387449290027165e-01,6.068507981378044036e-01
8.371270053391982602e-01,8.518433802408319488e-01,9.257567801281053610e-01,1.000000000000000000e+00,5.333507392690907123e-01,5.284455250038366803e-01
7.815510382723102056e-01,7.734123623482402898e-01,6.076387449290027165e-01,5.333507392690907123e-01,1.000000000000000000e+00,9.957290720968282605e-01
7.846878819989852039e-01,7.773788547556085282e-01,6.068507981378044036e-01,5.284455250038366803e-01,9.957290720968282605e-01,1.000000000000000000e+00
