1.000000000000000000e+00,7.422505695567841455e-01,4.357658766993227073e-01,6.102714861688972592e-01,7.865715993009386731e-01,8.918195049654032980e-01
7.422505695567841455e-01,1.000000000000000000e+00,8.513566277488023859e-01,8.009122207811727456e-01,8.585954944413041190e-01,8.685716728772003847e-01
4.357658766993227073e-01,8.513566277488023859e-01,9.999999999999998890e-01,8.275857224361083953e-01,7.660931596544879874e-01,6.819561682160121263e-01
6.102714861688972592e-01,8.009122207811727456e-01,8.275857224361083953e-01,1.000000000000000000e+00,8.749630738939447872e-01,6.666249930266825441e-01
7.865715993009386731e-01,8.585954944413041190e-01,7.660931596544879874e-01,8.749630738939447872e-01,1.000000000000000000e+00,7.892553242662859736e-01
8.918195049654032980e-01,8.685716728772003847e-01,6.819561682160121263e-01,6.666249930266825441e-01,7.892553242662859736e-01,1.000000000000000000e+00
