1.000000000000000000e+00,6.838947845321744490e-01,2.437498080365356756e-01,5.649125488702088083e-01,6.008752076903173256e-01,6.993623868327393245e-01
6.838947845321744490e-01,1.000000000000000000e+00,5.035682244372360339e-01,5.747161364371553560e-01,4.978340891610302799e-01,6.255710009320222253e-01
2.437498080365356756e-01,5.035682244372360339e-01,1.000000000000000000e+00,6.644990096305783966e-01,6.179037941811643675e-01,6.067799092427942353e-01
5.649125488702088083e-01,5.747161364371553560e-01,6.644990096305783966e-01,1.000000000000000000e+00,8.001709824420873973e-01,5.615699535196335690e-01
6.008752076903173256e-01,4.978340891610302799e-01,6.179037941811643675e-01,8.001709824420873973e-01,1.000000000000000000e+00,6.741582977938057608e-01
6.993623868327393245e-01,6.255710009320222253e-01,6.067799092427942353e-01,5.615699535196335690e-01,6.741582977938057608e-01,1.000000000000000000e+00
