1.000000000000000000e+00,2.441554969466930014e-01,9.435884590865269150e-02,2.150381838501830567e-01,4.047841529271934413e-01,5.330362203774877683e-01
2.441554969466930014e-01,1.000000000000000000e+00,8.131101668776703484e-01,5.448867453066230659e-01,5.008749837843715635e-01,5.739840432991645258e-01
9.435884590865269150e-02,8.131101668776703484e-01,1.000000000000000000e+00,6.810683086511106765e-01,5.581033745699540694e-01,5.332573243606847369e-01
2.150381838501830567e-01,5.448867453066230659e-01,6.810683086511106765e-01,1.000000000000000000e+00,8.031119772935007006e-01,5.952834794840050625e-01
4.047841529271934413e-01,5.008749837843715635e-01,5.581033745699540694e-01,8.031119772935007006e-01,1.000000000000000000e+00,8.333711688652699623e-01
5.330362203774877683e-01,5.739840432991645258e-01,5.332573243606847369e-01,5.952834794840050625e-01,8.333711688652699623e-01,1.000000000000000000e+00
