1.000000000000000000e+00,8.588719040586889619e-01,7.448947007232652462e-01,5.871395577236288021e-01,5.803361171367507065e-01,6.764238525429907556e-01
8.588719040586889619e-01,1.000000000000000000e+00,9.150720496547618543e-01,6.329407977287667686e-01,4.842846205628886236e-01,4.822107358018248302e-01
7.448947007232652462e-01,9.150720496547618543e-01,1.000000000000000000e+00,7.781187793850126155e-01,5.778668932440084172e-01,4.071540123349625673e-01
5.871395577236288021e-01,6.329407977287667686e-01,7.781187793850126155e-01,1.000000000000000000e+00,6.387155523448546646e-01,3.107140336500140432e-01
5.803361171367507065e-01,4.842846205628886236e-01,5.778668932440084172e-01,6.387155523448546646e-01,1.000000000000000000e+00,7.326847000935866605e-01
6.764238525429907556e-01,4.822107358018248302e-01,4.071540123349625673e-01,3.107140336500140432e-01,7.326847000935866605e-01,1.000000000000000000e+00
