1.000000000000000000e+00,9.102910526628152921e-01,5.664980759100277652e-01,6.114493745013506176e-01,5.315194860608462024e-01,6.853724705843960985e-01
9.102910526628152921e-01,1.000000000000000000e+00,8.029893219709270946e-01,7.087030461438966755e-01,5.121104304236551163e-01,5.928689691261920247e-01
5.664980759100277652e-01,8.029893219709270946e-01,1.000000000000000000e+00,7.647065425394599103e-01,4.933584668338239498e-01,4.413332697210863298e-01
6.114493745013506176e-01,7.087030461438966755e-01,7.647065425394599103e-01,1.000000000000000000e+00,6.734739480375494525e-01,5.716058869233151540e-01
5.315194860608462024e-01,5.121104304236551163e-01,4.933584668338239498e-01,6.734739480375494525e-01,1.000000000000000000e+00,8.612823390161414849e-01
6.853724705843960985e-01,5.928689691261920247e-01,4.413332697210863298e-01,5.716058869233151540e-01,8.612823390161414849e-01,1.000000000000000000e+00
