1.000000000000000000e+00,6.862379402132443573e-01,3.646708031767044722e-01,4.602237678220080230e-01,5.902914740179365793e-01,7.845188986253291974e-01
6.862379402132443573e-01,1.000000000000000000e+00,7.033748106896569041e-01,4.891047079327505709e-01,4.276871171368114566e-01,5.420743139428966240e-01
3.646708031767044722e-01,7.033748106896569041e-01,1.000000000000000000e+00,6.169723462528399205e-01,5.392111786914063343e-01,4.650822957446461570e-01
4.602237678220080230e-01,4.891047079327505709e-01,6.169723462528399205e-01,1.000000000000000000e+00,5.661000175506570864e-01,3.953389950560303734e-01
5.902914740179365793e-01,4.276871171368114566e-01,5.392111786914063343e-01,5.661000175506570864e-01,1.000000000000000000e+00,7.316248252119218476e-01
7.845188986253291974e-01,5.420743139428966240e-01,4.650822957446461570e-01,3.953389950560303734e-01,7.316248252119218476e-01,1.000000000000000000e+00
