1.000000000000000000e+00,8.218218224019887552e-01,5.308452599202585498e-01,4.974750102847004807e-01,4.674375847342138179e-01,7.773169072750794051e-01
8.218218224019887552e-01,1.000000000000000000e+00,8.012674011358930093e-01,6.498071551984366812e-01,5.885937253209821973e-01,6.729656746879770779e-01
5.308452599202585498e-01,8.012674011358930093e-01,1.000000000000000000e+00,7.735583644426974326e-01,7.088084151893035978e-01,5.547157730129582687e-01
4.974750102847004807e-01,6.498071551984366812e-01,7.735583644426974326e-01,1.000000000000000000e+00,6.707153190291835765e-01,4.834077702917968788e-01
4.674375847342138179e-01,5.885937253209821973e-01,7.088084151893035978e-01,6.707153190291835765e-01,1.000000000000000000e+00,6.800479618172853291e-01
7.773169072750794051e-01,6.729656746879770779e-01,5.547157730129582687e-01,4.834077702917968788e-01,6.800479618172853291e-01,1.000000000000000000e+00
