1.000000000000000000e+00,3.096610450576415263e-01,2.470779254689165205e-01,3.063539270260413061e-01,3.137626533435336484e-01,3.288887423953821831e-01
3.096610450576415263e-01,1.000000000000000000e+00,6.935120813239645798e-01,7.308169717205664773e-01,7.330146634014367280e-01,7.341154865781885919e-01
2.470779254689165205e-01,6.935120813239645798e-01,1.000000000000000000e+00,7.764178901961661383e-01,7.727304411508311155e-01,7.639050333671897342e-01
3.063539270260413061e-01,7.308169717205664773e-01,7.764178901961661383e-01,1.000000000000000000e+00,9.985397337403841833e-01,9.985142913420719246e-01
3.137626533435336484e-01,7.330146634014367280e-01,7.727304411508311155e-01,9.985397337403841833e-01,1.000000000000000000e+00,9.995931642421571617e-01
3.288887423953821831e-01,7.341154865781885919e-01,7.639050333671897342e-01,9.985142913420719246e-01,9.995931642421571617e-01,1.000000000000000000e+00
