1.000000000000000000e+00,8.315095316212220977e-01,4.185099082728398479e-01,2.812327283902282815e-01,5.204910951034675826e-01,6.892770882355870876e-01
8.315095316212220977e-01,1.000000000000000000e+00,7.368620553267720696e-01,4.530954740892343402e-01,5.275956772459977628e-01,6.295435987885200646e-01
4.185099082728398479e-01,7.368620553267720696e-01,1.000000000000000000e+00,6.573258977146289039e-01,5.091193495995653961e-01,4.684468328973250273e-01
2.812327283902282815e-01,4.530954740892343402e-01,6.573258977146289039e-01,1.000000000000000000e+00,6.052792652649275906e-01,1.463806553816781597e-01
5.204910951034675826e-01,5.275956772459977628e-01,5.091193495995653961e-01,6.052792652649275906e-01,1.000000000000000000e+00,6.134228163528949729e-01
6.892770882355870876e-01,6.295435987885200646e-01,4.684468328973250273e-01,1.463806553816781597e-01,6.134228163528949729e-01,1.000000000000000000e+00
