1.000000000000000000e+00,6.822146549342512634e-01,3.793343171689168014e-01,5.057170138033741935e-01,5.736588282320145282e-01,6.978033363387101673e-01
6.822146549342512634e-01,1.000000000000000000e+00,7.524157220794362999e-01,5.256506353603518367e-01,4.436720778709918878e-01,5.467790998784480827e-01
3.793343171689168014e-01,7.524157220794362999e-01,1.000000000000000000e+00,6.739979742254856854e-01,5.368339030850012294e-01,5.223456555401921886e-01
5.057170138033741935e-01,5.256506353603518367e-01,6.739979742254856854e-01,1.000000000000000000e+00,8.277359899862012371e-01,6.162637986756449582e-01
5.736588282320145282e-01,4.436720778709918878e-01,5.368339030850012294e-01,8.277359899862012371e-01,1.000000000000000000e+00,8.289382523231031419e-01
6.978033363387101673e-01,5.467790998784480827e-01,5.223456555401921886e-01,6.162637986756449582e-01,8.289382523231031419e-01,1.000000000000000000e+00
