1.000000000000000000e+00,5.483757712859321787e-01,2.678261091317276077e-01,5.766214580006898682e-01,6.950176797176913501e-01,6.998561465569852480e-01
5.483757712859321787e-01,1.000000000000000000e+00,7.733141684363428192e-01,6.393966568766654701e-01,5.118430613005836571e-01,5.149412453063427764e-01
2.678261091317276077e-01,7.733141684363428192e-01,1.000000000000000000e+00,7.467465003512199218e-01,5.727295210552317828e-01,5.720929083824919381e-01
5.766214580006898682e-01,6.393966568766654701e-01,7.467465003512199218e-01,9.999999999999998890e-01,7.372182451700343142e-01,7.362208997044811243e-01
6.950176797176913501e-01,5.118430613005836571e-01,5.727295210552317828e-01,7.372182451700343142e-01,1.000000000000000000e+00,9.956038188280431633e-01
6.998561465569852480e-01,5.149412453063427764e-01,5.720929083824919381e-01,7.362208997044811243e-01,9.956038188280431633e-01,1.000000000000000000e+00
