1.000000000000000000e+00,8.308403513002828866e-01,3.674869998655176939e-01,5.404226426553928597e-01,5.794009702198880118e-01,5.752284569352110744e-01
8.308403513002828866e-01,9.999999999999998890e-01,6.934836727040858406e-01,6.213715462589205485e-01,6.265568111551801378e-01,6.237555788959958658e-01
3.674869998655176939e-01,6.934836727040858406e-01,1.000000000000000000e+00,7.893008105882753922e-01,7.827684704489676903e-01,7.831386751384910028e-01
5.404226426553928597e-01,6.213715462589205485e-01,7.893008105882753922e-01,1.000000000000000000e+00,7.987582218009174895e-01,7.934736516313755095e-01
5.794009702198880118e-01,6.265568111551801378e-01,7.827684704489676903e-01,7.987582218009174895e-01,1.000000000000000000e+00,9.959262824882899601e-01
5.752284569352110744e-01,6.237555788959958658e-01,7.831386751384910028e-01,7.934736516313755095e-01,9.959262824882899601e-01,1.000000000000000000e+00
