1.000000000000000000e+00,9.133137461688799474e-01,7.893676932390391032e-01,5.508844803219558051e-01,4.737417796950045279e-01,6.838092338975451101e-01
9.133137461688799474e-01,1.000000000000000000e+00,9.078653772374574160e-01,5.925367681624176264e-01,4.947640776631523352e-01,5.222994676100164435e-01
7.893676932390391032e-01,9.078653772374574160e-01,1.000000000000000000e+00,7.450922375413692178e-01,6.153798530381433540e-01,4.241323441339563405e-01
5.508844803219558051e-01,5.925367681624176264e-01,7.450922375413692178e-01,1.000000000000000000e+00,7.588094570677164086e-01,3.329872443600807030e-01
4.737417796950045279e-01,4.947640776631523352e-01,6.153798530381433540e-01,7.588094570677164086e-01,1.000000000000000000e+00,5.600582779253595600e-01
6.838092338975451101e-01,5.222994676100164435e-01,4.241323441339563405e-01,3.329872443600807030e-01,5.600582779253595600e-01,1.000000000000000000e+00
