1.000000000000000000e+00,6.724000668077518839e-01,3.146127926604664338e-01,5.575322811838460124e-01,6.479217981870500909e-01,8.422411697848019019e-01
6.724000668077518839e-01,1.000000000000000000e+00,5.074210352334453944e-01,4.799038910289976090e-01,4.284305862254595976e-01,5.698150771728744957e-01
3.146127926604664338e-01,5.074210352334453944e-01,1.000000000000000000e+00,7.648858350830961550e-01,6.146960496614861658e-01,3.957772510716793257e-01
5.575322811838460124e-01,4.799038910289976090e-01,7.648858350830961550e-01,1.000000000000000000e+00,7.809535272256650229e-01,4.687092210541223269e-01
6.479217981870500909e-01,4.284305862254595976e-01,6.146960496614861658e-01,7.809535272256650229e-01,1.000000000000000000e+00,6.143483615544048648e-01
8.422411697848019019e-01,5.698150771728744957e-01,3.957772510716793257e-01,4.687092210541223269e-01,6.143483615544048648e-01,1.000000000000000000e+00
