1.000000000000000000e+00,9.930755187688559138e-01,7.415798916149495268e-01,6.880808206945849825e-01,8.272410726681888038e-01,8.404410519388098022e-01
9.930755187688559138e-01,1.000000000000000000e+00,7.488859838476468189e-01,6.986913818157786116e-01,8.274050529893787198e-01,8.406523881553206179e-01
7.415798916149495268e-01,7.488859838476468189e-01,1.000000000000000000e+00,7.980810725384679394e-01,6.220181780688048834e-01,6.372867620764463004e-01
6.880808206945849825e-01,6.986913818157786116e-01,7.980810725384679394e-01,1.000000000000000000e+00,6.550046720273917655e-01,6.622919524142992787e-01
8.272410726681888038e-01,8.274050529893787198e-01,6.220181780688048834e-01,6.550046720273917655e-01,1.000000000000000000e+00,9.966086347078905172e-01
8.404410519388098022e-01,8.406523881553206179e-01,6.372867620764463004e-01,6.622919524142992787e-01,9.966086347078905172e-01,1.000000000000000000e+00
