1.000000000000000000e+00,9.310981054136290291e-01,4.827609893939808772e-01,3.063998314411278123e-01,3.249183733031247856e-01,5.393274857183640858e-01
9.310981054136290291e-01,1.000000000000000000e+00,7.006467092321276846e-01,3.702372947452425844e-01,3.034390429297960656e-01,5.009993179637798333e-01
4.827609893939808772e-01,7.006467092321276846e-01,1.000000000000000000e+00,6.234899735769353635e-01,4.571828217335854316e-01,5.416978487113380814e-01
3.063998314411278123e-01,3.702372947452425844e-01,6.234899735769353635e-01,1.000000000000000000e+00,9.457467579625231657e-01,8.766681636838052905e-01
3.249183733031247856e-01,3.034390429297960656e-01,4.571828217335854316e-01,9.457467579625231657e-01,1.000000000000000000e+00,9.225161027830303118e-01
5.393274857183640858e-01,5.009993179637798333e-01,5.416978487113380814e-01,8.766681636838052905e-01,9.225161027830303118e-01,1.000000000000000000e+00
