1.000000000000000000e+00,8.450319412134997821e-01,6.691563815159282669e-01,5.757085864343540749e-01,6.004974582273359118e-01,6.826898379326413746e-01
8.450319412134997821e-01,9.999999999999998890e-01,9.195918653273414956e-01,7.017191280800013642e-01,5.739783489375080983e-01,5.754558217957222999e-01
6.691563815159282669e-01,9.195918653273414956e-01,1.000000000000000000e+00,7.240611596511777881e-01,5.297013182379211038e-01,4.680039380607617372e-01
5.757085864343540749e-01,7.017191280800013642e-01,7.240611596511777881e-01,1.000000000000000000e+00,7.446667559026608485e-01,5.070678553924088394e-01
6.004974582273359118e-01,5.739783489375080983e-01,5.297013182379211038e-01,7.446667559026608485e-01,9.999999999999998890e-01,8.318065959842945167e-01
6.826898379326413746e-01,5.754558217957222999e-01,4.680039380607617372e-01,5.070678553924088394e-01,8.318065959842945167e-01,1.000000000000000000e+00
