1.000000000000000000e+00,4.605552229931753061e-01,3.349822765148047776e-01,4.501523713271520233e-01,5.011635369890573566e-01,8.126955514274022407e-01
4.605552229931753061e-01,1.000000000000000000e+00,8.837479648925650189e-01,5.769889548148173786e-01,4.105803402977138972e-01,5.353104575927707387e-01
3.349822765148047776e-01,8.837479648925650189e-01,1.000000000000000000e+00,7.087316548316943132e-01,4.715939891855733812e-01,4.191809488249170212e-01
4.501523713271520233e-01,5.769889548148173786e-01,7.087316548316943132e-01,1.000000000000000000e+00,8.301768245130559665e-01,5.038318999670153842e-01
5.011635369890573566e-01,4.105803402977138972e-01,4.715939891855733812e-01,8.301768245130559665e-01,1.000000000000000000e+00,6.882577072748091718e-01
8.126955514274022407e-01,5.353104575927707387e-01,4.191809488249170212e-01,5.038318999670153842e-01,6.882577072748091718e-01,9.999999999999998890e-01
