1.000000000000000000e+00,7.193655078439010753e-01,3.900503585255947758e-01,6.624519139694177161e-01,5.543111165640765003e-01,7.174268576831371869e-01
7.193655078439010753e-01,1.000000000000000000e+00,7.541706024687481191e-01,6.697148021099397219e-01,4.464607764725994077e-01,5.506435339384828653e-01
3.900503585255947758e-01,7.541706024687481191e-01,1.000000000000000000e+00,7.234717681320576022e-01,5.118724014179960591e-01,4.415875218451428830e-01
6.624519139694177161e-01,6.697148021099397219e-01,7.234717681320576022e-01,1.000000000000000000e+00,7.585911210547697792e-01,5.947247325492286407e-01
5.543111165640765003e-01,4.464607764725994077e-01,5.118724014179960591e-01,7.585911210547697792e-01,1.000000000000000000e+00,6.477031828047188355e-01
7.174268576831371869e-01,5.506435339384828653e-01,4.415875218451428830e-01,5.947247325492286407e-01,6.477031828047188355e-01,1.000000000000000000e+00
