1.000000000000000000e+00,8.012912955812100391e-01,4.334347135730896583e-01,5.966788016964461594e-01,4.811456551413170746e-01,7.621213703977506304e-01
8.012912955812100391e-01,1.000000000000000000e+00,7.581207064464871026e-01,7.149200651759216596e-01,4.256015236142207114e-01,5.680209848389371485e-01
4.334347135730896583e-01,7.581207064464871026e-01,1.000000000000000000e+00,8.410546578814998009e-01,5.708493207573930306e-01,4.605014910342106749e-01
5.966788016964461594e-01,7.149200651759216596e-01,8.410546578814998009e-01,1.000000000000000000e+00,6.927572431193768088e-01,5.448251579899501262e-01
4.811456551413170746e-01,4.256015236142207114e-01,5.708493207573930306e-01,6.927572431193768088e-01,1.000000000000000000e+00,5.903340799537765138e-01
7.621213703977506304e-01,5.680209848389371485e-01,4.605014910342106749e-01,5.448251579899501262e-01,5.903340799537765138e-01,1.000000000000000000e+00
