1.000000000000000000e+00,4.686633823544652522e-01,1.894341542397665890e-01,3.169514771263875486e-01,2.854983851021256624e-01,6.069884111650027947e-01
4.686633823544652522e-01,1.000000000000000000e+00,8.803610068490498319e-01,5.726835240314817055e-01,4.800715696259112986e-01,4.943831911356224573e-01
1.894341542397665890e-01,8.803610068490498319e-01,1.000000000000000000e+00,7.193246481287832728e-01,6.045003927807639510e-01,3.287596585287345108e-01
3.169514771263875486e-01,5.726835240314817055e-01,7.193246481287832728e-01,1.000000000000000000e+00,7.760076590327359414e-01,3.755883478824852406e-01
2.854983851021256624e-01,4.800715696259112986e-01,6.045003927807639510e-01,7.760076590327359414e-01,1.000000000000000000e+00,6.351318675170494199e-01
6.069884111650027947e-01,4.943831911356224573e-01,3.287596585287345108e-01,3.755883478824852406e-01,6.351318675170494199e-01,1.000000000000000000e+00
