1.000000000000000000e+00,9.824000285769195484e-01,7.290511611707213291e-01,2.175254834662539161e-01,1.726116116980576376e-01,5.802728131871093264e-01
9.824000285769195484e-01,1.000000000000000000e+00,8.012233506943032824e-01,2.816708575449655139e-01,1.651204886739512101e-01,5.059523422580246566e-01
7.290511611707213291e-01,8.012233506943032824e-01,1.000000000000000000e+00,7.266977710428977888e-01,5.019161959564810704e-01,4.332318909701951548e-01
2.175254834662539161e-01,2.816708575449655139e-01,7.266977710428977888e-01,1.000000000000000000e+00,7.073258482204174413e-01,2.715783227618088769e-01
1.726116116980576376e-01,1.651204886739512101e-01,5.019161959564810704e-01,7.073258482204174413e-01,1.000000000000000000e+00,5.930985745338773762e-01
5.802728131871093264e-01,5.059523422580246566e-01,4.332318909701951548e-01,2.715783227618088769e-01,5.930985745338773762e-01,1.000000000000000000e+00
