1.000000000000000000e+00,6.673112171254880209e-01,4.125147097722307588e-01,5.711972537615547241e-01,5.838140663291179200e-01,7.069370432179852282e-01
6.673112171254880209e-01,1.000000000000000000e+00,8.344833790008040486e-01,5.587168330465365207e-01,5.168477586109155864e-01,5.771798023285924506e-01
4.125147097722307588e-01,8.344833790008040486e-01,1.000000000000000000e+00,6.402730903131435003e-01,5.689554273249980421e-01,5.237329507236511139e-01
5.711972537615547241e-01,5.587168330465365207e-01,6.402730903131435003e-01,1.000000000000000000e+00,8.684816579044555285e-01,6.833195572231501869e-01
5.838140663291179200e-01,5.168477586109155864e-01,5.689554273249980421e-01,8.684816579044555285e-01,1.000000000000000000e+00,8.108581118032019974e-01
7.069370432179852282e-01,5.771798023285924506e-01,5.237329507236511139e-01,6.833195572231501869e-01,8.108581118032019974e-01,1.000000000000000000e+00
