1.000000000000000000e+00,8.541703703958424265e-01,6.854207788769839382e-01,5.202171692986549134e-01,5.068225398735488607e-01,6.698949340941754427e-01
8.541703703958424265e-01,1.000000000000000000e+00,8.624589662169807047e-01,4.988103324332731625e-01,4.246181030085297015e-01,6.031998788315722226e-01
6.854207788769839382e-01,8.624589662169807047e-01,1.000000000000000000e+00,6.099488942888466880e-01,5.136830238377821933e-01,5.988276943743927605e-01
5.202171692986549134e-01,4.988103324332731625e-01,6.099488942888466880e-01,1.000000000000000000e+00,9.263218410763833788e-01,7.875092468793253309e-01
5.068225398735488607e-01,4.246181030085297015e-01,5.136830238377821933e-01,9.263218410763833788e-01,1.000000000000000000e+00,8.064143055002553906e-01
6.698949340941754427e-01,6.031998788315722226e-01,5.988276943743927605e-01,7.875092468793253309e-01,8.064143055002553906e-01,1.000000000000000000e+00
