1.000000000000000000e+00,7.881218381406894513e-02,2.481854002647957413e-01,2.379021595828101077e-01,5.290680228426938303e-01,6.197253423066767519e-01
7.881218381406894513e-02,1.000000000000000000e+00,6.530144983570883577e-01,5.801529639298831365e-01,2.495391805956397591e-01,3.948326393878674456e-01
2.481854002647957413e-01,6.530144983570883577e-01,1.000000000000000000e+00,6.433707969642206148e-01,3.944067539863694294e-01,3.419822104819571496e-01
2.379021595828101077e-01,5.801529639298831365e-01,6.433707969642206148e-01,1.000000000000000000e+00,5.355068447638705598e-01,3.805283157992931931e-01
5.290680228426938303e-01,2.495391805956397591e-01,3.944067539863694294e-01,5.355068447638705598e-01,1.000000000000000000e+00,6.602817325819559935e-01
6.197253423066767519e-01,3.948326393878674456e-01,3.419822104819571496e-01,3.805283157992931931e-01,6.602817325819559935e-01,1.000000000000000000e+00
