1.000000000000000000e+00,3.404459440133686399e-01,1.591097102312075406e-01,2.395677839516773266e-01,4.163814588413959350e-01,5.707515773196927267e-01
3.404459440133686399e-01,1.000000000000000000e+00,8.287772730595944770e-01,7.428296995677778902e-01,6.423811507725044612e-01,7.733799786691607503e-01
1.591097102312075406e-01,8.287772730595944770e-01,1.000000000000000000e+00,8.110977185649290711e-01,6.499948089013273256e-01,6.404504375753016232e-01
2.395677839516773266e-01,7.428296995677778902e-01,8.110977185649290711e-01,1.000000000000000000e+00,8.616183285978812334e-01,6.845685522559872282e-01
4.163814588413959350e-01,6.423811507725044612e-01,6.499948089013273256e-01,8.616183285978812334e-01,1.000000000000000000e+00,7.955788927503824048e-01
5.707515773196927267e-01,7.733799786691607503e-01,6.404504375753016232e-01,6.845685522559872282e-01,7.955788927503824048e-01,1.000000000000000000e+00
