1.000000000000000000e+00,4.550171208865234629e-01,3.942069375339486981e-01,7.573221280797520771e-01,7.765672521225027713e-01,8.367750343227223775e-01
4.550171208865234629e-01,1.000000000000000000e+00,8.162879843905245236e-01,5.372809930337844042e-01,4.963068321235683533e-01,5.454679666064438104e-01
3.942069375339486981e-01,8.162879843905245236e-01,1.000000000000000000e+00,6.832864944068995916e-01,6.207434390449929618e-01,5.921087299375785706e-01
7.573221280797520771e-01,5.372809930337844042e-01,6.832864944068995916e-01,1.000000000000000000e+00,9.342019826693737095e-01,7.960604030723564817e-01
7.765672521225027713e-01,4.963068321235683533e-01,6.207434390449929618e-01,9.342019826693737095e-01,1.000000000000000000e+00,8.740197508315445951e-01
8.367750343227223775e-01,5.454679666064438104e-01,5.921087299375785706e-01,7.960604030723564817e-01,8.740197508315445951e-01,1.000000000000000000e+00
