1.000000000000000000e+00,9.289408780820062050e-01,6.951232935108152544e-01,6.068102692668350118e-01,6.043567217819113546e-01,7.298941867394747041e-01
9.289408780820062050e-01,1.000000000000000000e+00,8.127344358223321796e-01,6.557603979874870870e-01,5.543685091409505938e-01,7.063623985507280212e-01
6.951232935108152544e-01,8.127344358223321796e-01,1.000000000000000000e+00,8.216408842038994687e-01,6.263145841858794860e-01,7.015119634422645190e-01
6.068102692668350118e-01,6.557603979874870870e-01,8.216408842038994687e-01,1.000000000000000000e+00,8.258877266536649442e-01,7.618585566095622541e-01
6.043567217819113546e-01,5.543685091409505938e-01,6.263145841858794860e-01,8.258877266536649442e-01,1.000000000000000000e+00,8.552523557912672381e-01
7.298941867394747041e-01,7.063623985507280212e-01,7.015119634422645190e-01,7.618585566095622541e-01,8.552523557912672381e-01,1.000000000000000000e+00
