1.000000000000000000e+00,5.436207977312887962e-01,2.804069922858136721e-01,4.706906451316423823e-01,5.989717099939380063e-01,7.224656944290420713e-01
5.436207977312887962e-01,1.000000000000000000e+00,8.885361052199427512e-01,9.106407465689893010e-01,8.183177489652943004e-01,8.758702437023014875e-01
2.804069922858136721e-01,8.885361052199427512e-01,1.000000000000000000e+00,9.222457683082064817e-01,8.136920737229716982e-01,7.682287825301985507e-01
4.706906451316423823e-01,9.106407465689893010e-01,9.222457683082064817e-01,1.000000000000000000e+00,8.343939431508604621e-01,7.969696114541614529e-01
5.989717099939380063e-01,8.183177489652943004e-01,8.136920737229716982e-01,8.343939431508604621e-01,1.000000000000000000e+00,8.901678765782660152e-01
7.224656944290420713e-01,8.758702437023014875e-01,7.682287825301985507e-01,7.969696114541614529e-01,8.901678765782660152e-01,1.000000000000000000e+00
