1.000000000000000000e+00,6.862491776134461707e-01,2.839344553180460085e-01,3.033301926179496344e-01,4.441523630273346845e-01,7.575155698873848875e-01
6.862491776134461707e-01,1.000000000000000000e+00,8.055250571526797465e-01,6.379666881415411162e-01,1.151661561148593638e-01,4.038953861055325500e-01
2.839344553180460085e-01,8.055250571526797465e-01,1.000000000000000000e+00,7.714891036888631426e-01,8.311985360396649536e-02,1.691054247607547134e-01
3.033301926179496344e-01,6.379666881415411162e-01,7.714891036888631426e-01,1.000000000000000000e+00,2.521769713222624110e-01,1.671594977184013009e-01
4.441523630273346845e-01,1.151661561148593638e-01,8.311985360396649536e-02,2.521769713222624110e-01,1.000000000000000000e+00,7.767889436664151548e-01
7.575155698873848875e-01,4.038953861055325500e-01,1.691054247607547134e-01,1.671594977184013009e-01,7.767889436664151548e-01,1.000000000000000000e+00
