1.000000000000000000e+00,7.612076901439012167e-01,1.588871019982324440e-01,5.187575285283261284e-01,5.197328293405056865e-01,8.533190385806657119e-01
7.612076901439012167e-01,1.000000000000000000e+00,6.077348357710451454e-01,6.604518823386417159e-01,5.104818656451740599e-01,7.804279471346884378e-01
1.588871019982324440e-01,6.077348357710451454e-01,1.000000000000000000e+00,7.175220346923799619e-01,5.061035550545233130e-01,3.679284496660749082e-01
5.187575285283261284e-01,6.604518823386417159e-01,7.175220346923799619e-01,1.000000000000000000e+00,8.125277386170109972e-01,5.331278854112058152e-01
5.197328293405056865e-01,5.104818656451740599e-01,5.061035550545233130e-01,8.125277386170109972e-01,1.000000000000000000e+00,5.384282741088872726e-01
8.533190385806657119e-01,7.804279471346884378e-01,3.679284496660749082e-01,5.331278854112058152e-01,5.384282741088872726e-01,1.000000000000000000e+00
