1.000000000000000000e+00,6.481662436619783918e-01,4.878247352449585073e-01,6.488452136600453279e-01,6.792181332103642832e-01,7.733590827009354518e-01
6.481662436619783918e-01,1.000000000000000000e+00,7.598584720004118997e-01,5.279142761642349191e-01,4.525006580534223777e-01,5.604216918037532302e-01
4.878247352449585073e-01,7.598584720004118997e-01,1.000000000000000000e+00,7.053950525634814506e-01,5.754354270249880665e-01,5.135916530043213024e-01
6.488452136600453279e-01,5.279142761642349191e-01,7.053950525634814506e-01,1.000000000000000000e+00,8.778861021608858062e-01,6.084219865533603278e-01
6.792181332103642832e-01,4.525006580534223777e-01,5.754354270249880665e-01,8.778861021608858062e-01,9.999999999999998890e-01,7.884713671242492561e-01
7.733590827009354518e-01,5.604216918037532302e-01,5.135916530043213024e-01,6.084219865533603278e-01,7.884713671242492561e-01,1.000000000000000000e+00
