1.000000000000000000e+00,8.615135032848177943e-01,8.571126998119308338e-01,7.395316058882935861e-01,7.437026448546099067e-01,8.072198335293299110e-01
8.615135032848177943e-01,1.000000000000000000e+00,9.989836612092434232e-01,7.578463258502052824e-01,6.859889960762437511e-01,7.231848269067828738e-01
8.571126998119308338e-01,9.989836612092434232e-01,1.000000000000000000e+00,7.603827198641551766e-01,6.859341013885779104e-01,7.212718500060942839e-01
7.395316058882935861e-01,7.578463258502052824e-01,7.603827198641551766e-01,1.000000000000000000e+00,8.383159895391804062e-01,7.511880981333080021e-01
7.437026448546099067e-01,6.859889960762437511e-01,6.859341013885779104e-01,8.383159895391804062e-01,1.000000000000000000e+00,9.175572737711812366e-01
8.072198335293299110e-01,7.231848269067828738e-01,7.212718500060942839e-01,7.511880981333080021e-01,9.175572737711812366e-01,1.000000000000000000e+00
