1.000000000000000000e+00,5.619190949059307272e-01,1.536294074106235863e-01,2.507864538055125658e-01,5.851110414743053711e-01,7.777052581681629384e-01
5.619190949059307272e-01,1.000000000000000000e+00,5.811388842122897636e-01,7.073878118382115332e-01,3.678216668218740604e-01,6.807456827666501509e-01
1.536294074106235863e-01,5.811388842122897636e-01,1.000000000000000000e+00,8.017744895737427546e-01,3.204910845298444833e-01,3.426040204044020210e-01
2.507864538055125658e-01,7.073878118382115332e-01,8.017744895737427546e-01,1.000000000000000000e+00,4.437373550024575342e-01,4.305978127781788789e-01
5.851110414743053711e-01,3.678216668218740604e-01,3.204910845298444833e-01,4.437373550024575342e-01,1.000000000000000000e+00,7.016077591256530965e-01
7.777052581681629384e-01,6.807456827666501509e-01,3.426040204044020210e-01,4.305978127781788789e-01,7.016077591256530965e-01,1.000000000000000000e+00
