2.362293057932252071e-18,4.227829374130509521e-02,7.015009864914549531e-02,6.638150972778389391e-02,6.514852938729848164e-02,1.101700600592303569e-01
4.227829374130509521e-02,2.438024274721614012e-18,7.197337201269851659e-02,4.771365589183348271e-02,4.759467038627932661e-02,1.357953683653091159e-01
7.015009864914549531e-02,7.197337201269851659e-02,3.451603210703944162e-18,5.656850073725838701e-02,5.656646110977642250e-02,6.495387273882947954e-02
6.638150972778389391e-02,4.771365589183348271e-02,5.656850073725838701e-02,2.203272605179947694e-18,6.732470695249682426e-03,2.076678022673678070e-01
6.514852938729848164e-02,4.759467038627932661e-02,5.656646110977642250e-02,6.732470695249682426e-03,1.960973329967467990e-18,2.088202182301702736e-01
1.101700600592303569e-01,1.357953683653091159e-01,6.495387273882947954e-02,2.076678022673678070e-01,2.088202182301702736e-01,1.517527659899546576e-18
