3.506632467053385119e-18,1.020356598903985890e-01,1.068527123122618439e-01,1.196877715072099946e-01,1.203562884348594458e-01,1.102777805704837771e-01
1.020356598903985890e-01,2.293846268185368388e-18,5.517770920255359729e-02,4.088242271375398806e-02,4.028092473134603502e-02,9.340421216279776173e-02
1.068527123122618439e-01,5.517770920255359729e-02,3.242396923992378277e-18,4.360252395557717014e-02,4.345467601635044641e-02,5.303762373318626072e-02
1.196877715072099946e-01,4.088242271375398806e-02,4.360252395557717014e-02,3.165605791451712209e-18,2.704014696538767012e-03,6.714964096972239616e-02
1.203562884348594458e-01,4.028092473134603502e-02,4.345467601635044641e-02,2.704014696538767012e-03,3.402177712650104291e-18,6.748329764348721949e-02
1.102777805704837771e-01,9.340421216279776173e-02,5.303762373318626072e-02,6.714964096972239616e-02,6.748329764348721949e-02,3.339991434230105089e-18
