2.367495266706416061e-18,5.696672569743604919e-02,5.978049368196866609e-02,6.872998191396360868e-02,6.511567651261206124e-02,5.749118280967449590e-02
5.696672569743604919e-02,2.725222060009845059e-18,6.158591506313496923e-03,5.785675796352703765e-02,7.036275302297735623e-02,8.031875731927182183e-02
5.978049368196866609e-02,6.158591506313496923e-03,1.512525469462038141e-18,6.023834710531452558e-02,6.953859276318967442e-02,8.028056489166580934e-02
6.872998191396360868e-02,5.785675796352703765e-02,6.023834710531452558e-02,2.037039834871549021e-18,6.811899491263546935e-02,7.968705806794940116e-02
6.511567651261206124e-02,7.036275302297735623e-02,6.953859276318967442e-02,6.811899491263546935e-02,2.284713276915837353e-18,5.259507274293669793e-02
5.749118280967449590e-02,8.031875731927182183e-02,8.028056489166580934e-02,7.968705806794940116e-02,5.259507274293669793e-02,2.024131224793937369e-18
