1.654068451711684951e-18,3.070220569357250129e-02,5.982712390812482822e-02,8.318216460768844411e-02,8.846097316925111143e-02,6.759592459462342162e-02
3.070220569357250129e-02,2.994971873469385193e-18,5.383679687885627868e-02,8.098988921958348575e-02,9.752661198609248461e-02,8.681789998062965086e-02
5.982712390812482822e-02,5.383679687885627868e-02,3.588003987165995804e-18,5.015350613067114799e-02,1.052604200936208684e-01,9.625203630411809097e-02
8.318216460768844411e-02,8.098988921958348575e-02,5.015350613067114799e-02,1.549657557140328729e-18,7.951074957741807725e-02,8.936636409022864769e-02
8.846097316925111143e-02,9.752661198609248461e-02,1.052604200936208684e-01,7.951074957741807725e-02,1.615674608551194008e-18,5.887103844502911132e-02
6.759592459462342162e-02,8.681789998062965086e-02,9.625203630411809097e-02,8.936636409022864769e-02,5.887103844502911132e-02,3.814980549608961322e-18
