1.976992141041905733e-18,5.733017334828371253e-02,9.259822560127327351e-02,6.686247222656177547e-02,7.607866790416045744e-02,5.593197119372089049e-02
5.733017334828371253e-02,1.784362169122666101e-18,6.976044007149052872e-02,6.439310074580953391e-02,5.793187233325339941e-02,6.587284353180597463e-02
9.259822560127327351e-02,6.976044007149052872e-02,2.023118882827602020e-18,7.379090012055346259e-02,6.194991791610088283e-02,9.633223347042423057e-02
6.686247222656177547e-02,6.439310074580953391e-02,7.379090012055346259e-02,1.995199475575714126e-18,1.780653407385348330e-01,6.711286424260738681e-02
7.607866790416045744e-02,5.793187233325339941e-02,6.194991791610088283e-02,1.780653407385348330e-01,2.205046715076747658e-18,1.306813098554175656e-01
5.593197119372089049e-02,6.587284353180597463e-02,9.633223347042423057e-02,6.711286424260738681e-02,1.306813098554175656e-01,2.767060355565272973e-18
