2.694119996427899191e-18,5.910712039153361713e-02,8.254593556343714500e-02,1.082474123313152542e-01,5.624948694277695505e-02,6.525087630003821582e-02
5.910712039153361713e-02,1.511571164777667259e-18,4.294625049727313071e-02,6.279165789617882631e-02,9.136468720338435101e-02,5.731208105744427933e-02
8.254593556343714500e-02,4.294625049727313071e-02,2.527481019227621234e-18,7.344875468024519849e-02,8.915059995026726469e-02,6.890540744852187427e-02
1.082474123313152542e-01,6.279165789617882631e-02,7.344875468024519849e-02,3.539905609511782016e-18,1.209125906035751208e-01,9.964478499756566909e-02
5.624948694277695505e-02,9.136468720338435101e-02,8.915059995026726469e-02,1.209125906035751208e-01,3.747296990595679466e-18,9.979591168335806561e-02
6.525087630003821582e-02,5.731208105744427933e-02,6.890540744852187427e-02,9.964478499756566909e-02,9.979591168335806561e-02,2.659072797328946634e-18
