2.502098364776076265e-18,4.391626752773650916e-02,5.580653820330804676e-02,6.736788025799657353e-02,7.224372071278606366e-02,7.512724255411430685e-02
4.391626752773650916e-02,2.430487803548037425e-18,4.612028543624085986e-02,8.530036101252665148e-02,8.842193294043422525e-02,6.022763424824047890e-02
5.580653820330804676e-02,4.612028543624085986e-02,1.915174646811205818e-18,6.578988080988402987e-02,7.052322199649620205e-02,5.042077549553685561e-02
6.736788025799657353e-02,8.530036101252665148e-02,6.578988080988402987e-02,2.024389123505806833e-18,9.127084794112005905e-03,5.055977242566831592e-02
7.224372071278606366e-02,8.842193294043422525e-02,7.052322199649620205e-02,9.127084794112005905e-03,2.273837072673766048e-18,4.833274999206949030e-02
7.512724255411430685e-02,6.022763424824047890e-02,5.042077549553685561e-02,5.055977242566831592e-02,4.833274999206949030e-02,2.055713737599500998e-18
