1.758486238710904417e-18,6.013470338758687000e-02,1.465479594195338853e-01,8.685117748417259254e-02,1.214608695347518807e-01,5.086021623237981654e-02
6.013470338758687000e-02,2.070903119433439720e-18,1.384713453709899844e-01,5.623955958330523197e-02,1.103910510354998292e-01,3.492761056173101369e-02
1.465479594195338853e-01,1.384713453709899844e-01,2.250358171168659378e-18,1.055452197585723256e-01,1.705623359704145636e-01,1.267270402392551010e-01
8.685117748417259254e-02,5.623955958330523197e-02,1.055452197585723256e-01,1.974497604121255374e-18,1.744157863482065640e-01,6.020256865366860333e-02
1.214608695347518807e-01,1.103910510354998292e-01,1.705623359704145636e-01,1.744157863482065640e-01,1.872140790908092447e-18,1.857187544771851107e-01
5.086021623237981654e-02,3.492761056173101369e-02,1.267270402392551010e-01,6.020256865366860333e-02,1.857187544771851107e-01,1.835135572823267262e-18
