2.294743482300986302e-18,3.799043652226875151e-02,6.976326927041019699e-02,9.498992118296804843e-02,5.731940322870001520e-02,4.339135652405853860e-02
3.799043652226875151e-02,2.009746219725972031e-18,5.415817824365160016e-02,9.723992368980836909e-02,4.713013095680292780e-02,4.498965954956756635e-02
6.976326927041019699e-02,5.415817824365160016e-02,1.964630691820874165e-18,8.035646595444687068e-02,7.178681695484663561e-02,5.985166902718149634e-02
9.498992118296804843e-02,9.723992368980836909e-02,8.035646595444687068e-02,1.653665088911303388e-18,1.308387456927439796e-01,1.383468136477664368e-01
5.731940322870001520e-02,4.713013095680292780e-02,7.178681695484663561e-02,1.308387456927439796e-01,2.225939919815880033e-18,3.529652877974114727e-02
4.339135652405853860e-02,4.498965954956756635e-02,5.985166902718149634e-02,1.383468136477664368e-01,3.529652877974114727e-02,1.851077671978394522e-18
