1.868352165837597732e-18,6.681039270350408454e-02,1.196656427800891348e-01,8.384352140957331001e-02,1.310432713280725026e-01,6.993932821455399462e-02
6.681039270350408454e-02,2.888481236660366700e-18,7.822064877503671909e-02,7.003517744645448850e-02,6.289933347435125444e-02,4.603887219989141050e-02
1.196656427800891348e-01,7.822064877503671909e-02,1.566651857642023961e-18,4.921124554965970038e-02,5.550352920019799990e-02,1.012090472689235049e-01
8.384352140957331001e-02,7.003517744645448850e-02,4.921124554965970038e-02,2.548309170788648666e-18,7.015667310298399906e-02,7.103654843817162889e-02
1.310432713280725026e-01,6.289933347435125444e-02,5.550352920019799990e-02,7.015667310298399906e-02,1.715403339368370894e-18,8.578962790742815370e-02
6.993932821455399462e-02,4.603887219989141050e-02,1.012090472689235049e-01,7.103654843817162889e-02,8.578962790742815370e-02,1.375853419288274942e-18
