3.376471708865999056e-18,9.861971319225186494e-02,5.369565629786986899e-02,7.360866653371471446e-02,5.375053164149339729e-02,2.599265222139930318e-02
9.861971319225186494e-02,1.541868538993701948e-18,8.012506941831724905e-02,8.808024759872450093e-02,8.217071435288418602e-02,1.010152013213780481e-01
5.369565629786986899e-02,8.012506941831724905e-02,2.375500753302170799e-18,7.156171347835992014e-02,6.743372380557235979e-02,5.786464742224382146e-02
7.360866653371471446e-02,8.808024759872450093e-02,7.156171347835992014e-02,2.243585494400597403e-18,4.506528340830422835e-02,5.918302218045084356e-02
5.375053164149339729e-02,8.217071435288418602e-02,6.743372380557235979e-02,4.506528340830422835e-02,2.086238481939261266e-18,4.665348426193872272e-02
2.599265222139930318e-02,1.010152013213780481e-01,5.786464742224382146e-02,5.918302218045084356e-02,4.665348426193872272e-02,2.882733657204454544e-18
