3.402292224091043702e-18,1.100655311161298777e-01,1.252957241488160400e-01,1.152752701320333695e-01,6.026176691408428182e-02,7.520964781538122534e-02
1.100655311161298777e-01,3.175795156285188078e-18,3.416631007589482349e-02,5.900013442469990294e-02,1.365928682912842806e-01,8.499738227415294667e-02
1.252957241488160400e-01,3.416631007589482349e-02,3.598526566908489455e-18,4.967758336919735757e-02,1.233607121524909062e-01,1.003048037573642942e-01
1.152752701320333695e-01,5.900013442469990294e-02,4.967758336919735757e-02,3.917429711317063982e-18,9.854342558138649844e-02,6.695271070024502724e-02
6.026176691408428182e-02,1.365928682912842806e-01,1.233607121524909062e-01,9.854342558138649844e-02,4.230551823568943562e-18,7.665826502355427285e-02
7.520964781538122534e-02,8.499738227415294667e-02,1.003048037573642942e-01,6.695271070024502724e-02,7.665826502355427285e-02,3.653468179284507365e-18
