1.879566465651485277e-18,3.619972861452191298e-02,4.894024912297234575e-02,7.840570745327654634e-02,7.678953264686404212e-02,8.772150758234327494e-02
3.619972861452191298e-02,1.975856732763977731e-18,4.382160767839377025e-02,8.900191700627620162e-02,9.366172612633959227e-02,6.256508716050669661e-02
4.894024912297234575e-02,4.382160767839377025e-02,1.898790957985891055e-18,7.765068796632448866e-02,8.512720031233568518e-02,5.571177684296128169e-02
7.840570745327654634e-02,8.900191700627620162e-02,7.765068796632448866e-02,1.583777883063165922e-18,1.278120564527898857e-02,6.140194809509344487e-02
7.678953264686404212e-02,9.366172612633959227e-02,8.512720031233568518e-02,1.278120564527898857e-02,2.430616396224209721e-18,5.820507526008339427e-02
8.772150758234327494e-02,6.256508716050669661e-02,5.571177684296128169e-02,6.140194809509344487e-02,5.820507526008339427e-02,1.780297476629672263e-18
