2.640613691411796556e-18,5.571998108238875730e-02,1.202060799400058028e-01,8.651424954037119364e-02,8.286137273044470730e-02,7.292754796495991287e-02
5.571998108238875730e-02,2.161000309654740339e-18,6.014509890679747145e-02,1.295601842674563298e-01,1.005234964838180867e-01,1.051919418305878179e-01
1.202060799400058028e-01,6.014509890679747145e-02,2.959313841801663258e-18,1.649780428569327384e-01,1.472348996711924929e-01,1.843341980174036943e-01
8.651424954037119364e-02,1.295601842674563298e-01,1.649780428569327384e-01,2.567847695565357466e-18,1.666261561261759561e-01,1.763109296443586826e-01
8.286137273044470730e-02,1.005234964838180867e-01,1.472348996711924929e-01,1.666261561261759561e-01,2.589519500185854248e-18,4.811209578324734254e-02
7.292754796495991287e-02,1.051919418305878179e-01,1.843341980174036943e-01,1.763109296443586826e-01,4.811209578324734254e-02,3.317138497645666908e-18
