1.994757569267579142e-18,4.994571276087760719e-02,6.704215303605920440e-02,5.195151177317433588e-02,7.350664910120177642e-02,9.054725862880701193e-02
4.994571276087760719e-02,2.318103776846159295e-18,3.016218747010242229e-02,6.343636120674331358e-02,7.263943273801307110e-02,1.024595840813607439e-01
6.704215303605920440e-02,3.016218747010242229e-02,1.943108417728454526e-18,6.427762736604011873e-02,8.006919798694485391e-02,1.059078446295007164e-01
5.195151177317433588e-02,6.343636120674331358e-02,6.427762736604011873e-02,2.038117228436467142e-18,7.523730474056582185e-02,6.664443581261296490e-02
7.350664910120177642e-02,7.263943273801307110e-02,8.006919798694485391e-02,7.523730474056582185e-02,1.890244572327888456e-18,9.680766873051448174e-02
9.054725862880701193e-02,1.024595840813607439e-01,1.059078446295007164e-01,6.664443581261296490e-02,9.680766873051448174e-02,1.690032524304486312e-18
