2.009009767742930169e-18,5.851291881205066686e-02,6.925376304321596843e-02,7.638359016344258012e-02,7.265117462184823849e-02,7.203878870569112303e-02
5.851291881205066686e-02,2.007270397741568869e-18,4.690584869182020528e-02,5.444568394324605237e-02,6.649580764050556925e-02,8.364803153187701235e-02
6.925376304321596843e-02,4.690584869182020528e-02,2.097616655538353785e-18,6.972354916353072640e-02,6.015192390887813545e-02,6.734688397283131178e-02
7.638359016344258012e-02,5.444568394324605237e-02,6.972354916353072640e-02,1.760864971090267113e-18,1.540265479817817251e-01,7.214573149500264071e-02
7.265117462184823849e-02,6.649580764050556925e-02,6.015192390887813545e-02,1.540265479817817251e-01,2.063619674436365053e-18,9.201543362436527540e-02
7.203878870569112303e-02,8.364803153187701235e-02,6.734688397283131178e-02,7.214573149500264071e-02,9.201543362436527540e-02,2.251078838638666457e-18
