1.998355098924232287e-18,7.509418337740485228e-02,6.416560325668109466e-02,7.766305758108220381e-02,5.136059868114812438e-02,7.811013200038846582e-02
7.509418337740485228e-02,2.024816847891200447e-18,4.011573543571014810e-02,5.419053838342743901e-02,5.159221972313757926e-02,6.553333469898076080e-02
6.416560325668109466e-02,4.011573543571014810e-02,1.925146015429627949e-18,4.111183701312157851e-02,5.283282430957286779e-02,5.147429223525975400e-02
7.766305758108220381e-02,5.419053838342743901e-02,4.111183701312157851e-02,2.940247575259880559e-18,7.642423523295092946e-02,6.384627967021259953e-02
5.136059868114812438e-02,5.159221972313757926e-02,5.283282430957286779e-02,7.642423523295092946e-02,1.868544710783960084e-18,4.965807161664174268e-02
7.811013200038846582e-02,6.553333469898076080e-02,5.147429223525975400e-02,6.384627967021259953e-02,4.965807161664174268e-02,2.628267877399549432e-18
