2.100593909758809545e-18,7.985993449047924797e-02,8.035929062354230101e-02,1.024839186112121575e-01,6.316994392216936094e-02,5.494356876051067345e-02
7.985993449047924797e-02,2.331443196994245849e-18,3.435304456132085796e-03,5.615382380541475427e-02,6.070407375875042782e-02,6.596060954540990118e-02
8.035929062354230101e-02,3.435304456132085796e-03,1.887280837925115811e-18,5.620459383224515881e-02,6.033078302860304248e-02,6.519698953278446618e-02
1.024839186112121575e-01,5.615382380541475427e-02,5.620459383224515881e-02,2.385102227286665941e-18,7.580889135811914870e-02,9.162585932527005095e-02
6.316994392216936094e-02,6.070407375875042782e-02,6.033078302860304248e-02,7.580889135811914870e-02,2.174153078828422576e-18,3.999606363483700772e-02
5.494356876051067345e-02,6.596060954540990118e-02,6.519698953278446618e-02,9.162585932527005095e-02,3.999606363483700772e-02,2.178684469687719722e-18
