2.190816248800869494e-18,4.282999156437327509e-02,7.853228085038198303e-02,5.923536200394860507e-02,7.481674158346611481e-02,8.935690230312748339e-02
4.282999156437327509e-02,2.077306918007727067e-18,4.655018720796289672e-02,6.109449418009042093e-02,8.059111189076914594e-02,9.636415332708751780e-02
7.853228085038198303e-02,4.655018720796289672e-02,2.025911506393356632e-18,5.977451793951121112e-02,9.884426480457537967e-02,1.205215107866604435e-01
5.923536200394860507e-02,6.109449418009042093e-02,5.977451793951121112e-02,2.071309991654800371e-18,6.866901757245423565e-02,7.252047288411382631e-02
7.481674158346611481e-02,8.059111189076914594e-02,9.884426480457537967e-02,6.866901757245423565e-02,1.809603667162164395e-18,1.070689608870658976e-01
8.935690230312748339e-02,9.636415332708751780e-02,1.205215107866604435e-01,7.252047288411382631e-02,1.070689608870658976e-01,1.515365326452455264e-18
