2.271388170727294508e-18,3.661954070500107045e-02,4.552705773080813895e-02,6.025953203170474753e-02,3.670373921255195432e-02,3.449902701652767661e-02
3.661954070500107045e-02,2.497050846755453021e-18,1.414504143732335344e-02,5.455769389636835887e-02,5.090240230131327231e-02,4.222670578288170717e-02
4.552705773080813895e-02,1.414504143732335344e-02,2.220853182712735867e-18,5.328777474161888045e-02,5.763103868357682957e-02,5.099771204013533316e-02
6.025953203170474753e-02,5.455769389636835887e-02,5.328777474161888045e-02,2.524896939349595130e-18,6.332170071702457326e-02,6.225392254967151290e-02
3.670373921255195432e-02,5.090240230131327231e-02,5.763103868357682957e-02,6.332170071702457326e-02,1.869557701182464804e-18,1.612894531973766213e-02
3.449902701652767661e-02,4.222670578288170717e-02,5.099771204013533316e-02,6.225392254967151290e-02,1.612894531973766213e-02,2.267011434290978602e-18
