3.728013747168290132e-18,8.481829862156263500e-02,7.688894350332831085e-02,1.704990539270503369e-01,2.491279012071339893e-01,2.535858061210674030e-01
8.481829862156263500e-02,2.304457581143001053e-18,9.506534970299553022e-02,1.415473943226011055e-01,1.451626413532050019e-01,1.487495711147620858e-01
7.688894350332831085e-02,9.506534970299553022e-02,4.224233863507686028e-18,2.269871977604691615e-01,2.241331203383279125e-01,2.274099140371080574e-01
1.704990539270503369e-01,1.415473943226011055e-01,2.269871977604691615e-01,2.249466326766926403e-18,6.286037902656502196e-02,6.643061405288608334e-02
2.491279012071339893e-01,1.451626413532050019e-01,2.241331203383279125e-01,6.286037902656502196e-02,3.766412670076405413e-18,5.765208325150319828e-03
2.535858061210674030e-01,1.487495711147620858e-01,2.274099140371080574e-01,6.643061405288608334e-02,5.765208325150319828e-03,3.062374941926958151e-18
