1.690274676011089196e-18,4.689901419547114897e-02,6.037245308727834381e-02,5.282933875895611670e-02,5.341014202315331333e-02,5.509973406621465619e-02
4.689901419547114897e-02,2.750254960949986127e-18,3.150780884998272829e-02,2.291312290313698638e-02,5.836390618210707260e-02,5.882412783982576138e-02
6.037245308727834381e-02,3.150780884998272829e-02,2.934472668697901506e-18,2.834473065239666648e-02,8.390293160156235552e-02,8.541767051952887935e-02
5.282933875895611670e-02,2.291312290313698638e-02,2.834473065239666648e-02,2.880598673998907988e-18,7.840477682966490169e-02,8.010249719991836825e-02
5.341014202315331333e-02,5.836390618210707260e-02,8.390293160156235552e-02,7.840477682966490169e-02,2.522451684948299069e-18,5.474220530937619518e-03
5.509973406621465619e-02,5.882412783982576138e-02,8.541767051952887935e-02,8.010249719991836825e-02,5.474220530937619518e-03,1.675456297250883548e-18
