2.615722940491581405e-18,2.993629306206098753e-02,6.222776953689424656e-02,1.195134829277463839e-01,8.875455921488932531e-02,6.188643100248922974e-02
2.993629306206098753e-02,2.742587801278646050e-18,4.590218933853235095e-02,9.549255846156373684e-02,6.803647163289565369e-02,7.232950452551376030e-02
6.222776953689424656e-02,4.590218933853235095e-02,2.205054346405881482e-18,8.423181725429897126e-02,5.370311870794220593e-02,6.368403851312799679e-02
1.195134829277463839e-01,9.549255846156373684e-02,8.423181725429897126e-02,2.098431977926105434e-18,7.513329175807245686e-02,8.567836504951764631e-02
8.875455921488932531e-02,6.803647163289565369e-02,5.370311870794220593e-02,7.513329175807245686e-02,2.301107664806442013e-18,9.294507928464416924e-02
6.188643100248922974e-02,7.232950452551376030e-02,6.368403851312799679e-02,8.567836504951764631e-02,9.294507928464416924e-02,1.931257202764012360e-18
