2.556404234612382863e-18,6.814005820472925079e-02,1.103681040263157082e-01,1.413889318507546844e-01,7.262208231065292452e-02,5.518645283082330294e-02
6.814005820472925079e-02,1.925355481285757158e-18,4.934140623532843467e-02,8.324734310462561515e-02,5.937595996243733021e-02,8.602237778881981212e-02
1.103681040263157082e-01,4.934140623532843467e-02,3.107278185250983155e-18,4.564233373312252123e-02,8.591216340637514159e-02,1.673962651904421783e-01
1.413889318507546844e-01,8.324734310462561515e-02,4.564233373312252123e-02,4.017770947753754393e-18,1.163607874278719811e-01,1.889227410302343479e-01
7.262208231065292452e-02,5.937595996243733021e-02,8.591216340637514159e-02,1.163607874278719811e-01,2.748036261728002356e-18,4.682303659315886074e-02
5.518645283082330294e-02,8.602237778881981212e-02,1.673962651904421783e-01,1.889227410302343479e-01,4.682303659315886074e-02,2.371232544836321321e-18
