1.970657309976922746e-18,3.706801074046724154e-02,5.113265267597962710e-02,5.077927927875500180e-02,4.132118561848510674e-02,3.148630285980930088e-02
3.706801074046724154e-02,1.897606846201228780e-18,4.005149290483268204e-02,5.648677977799154704e-02,5.376534157914390072e-02,2.588475833084875541e-02
5.113265267597962710e-02,4.005149290483268204e-02,2.463886431738602928e-18,4.224387502411536266e-02,5.047736441608019486e-02,4.728656211099390577e-02
5.077927927875500180e-02,5.648677977799154704e-02,4.224387502411536266e-02,2.072359058597990724e-18,4.063351608173768753e-02,6.095180224563759991e-02
4.132118561848510674e-02,5.376534157914390072e-02,5.047736441608019486e-02,4.063351608173768753e-02,1.936728916212080312e-18,7.621894811520857349e-02
3.148630285980930088e-02,2.588475833084875541e-02,4.728656211099390577e-02,6.095180224563759991e-02,7.621894811520857349e-02,2.094550546907924982e-18
