2.665070103445176878e-18,1.017833865664005272e-01,1.037140199610836616e-01,1.102387066622361605e-01,8.870365462225991704e-02,8.041032285646015909e-02
1.017833865664005272e-01,3.006165571574467863e-18,5.173443291371898622e-02,7.253114753743741816e-02,6.576009868625182220e-02,6.583232536745241281e-02
1.037140199610836616e-01,5.173443291371898622e-02,2.389946581432618184e-18,5.942006227400109530e-02,6.217111950700399126e-02,6.336879028456395002e-02
1.102387066622361605e-01,7.253114753743741816e-02,5.942006227400109530e-02,2.745065523999256114e-18,7.515598940697874875e-02,8.702165361689624679e-02
8.870365462225991704e-02,6.576009868625182220e-02,6.217111950700399126e-02,7.515598940697874875e-02,2.733480478638854650e-18,6.918779753291695589e-02
8.041032285646015909e-02,6.583232536745241281e-02,6.336879028456395002e-02,8.702165361689624679e-02,6.918779753291695589e-02,2.088875324719724984e-18
