3.200381631818301072e-18,1.087446562545150847e-01,1.027111571922657146e-01,8.790623405585516748e-02,6.310654342801237660e-02,3.931005012741651400e-02
1.087446562545150847e-01,1.881656005301617595e-18,4.355474560972284054e-02,1.749507139595037064e-01,1.104143590293537730e-01,1.100027185977652811e-01
1.027111571922657146e-01,4.355474560972284054e-02,2.608799817887025708e-18,1.611586378306739120e-01,1.102884206834322534e-01,1.043561995928329739e-01
8.790623405585516748e-02,1.749507139595037064e-01,1.611586378306739120e-01,2.227874755990351164e-18,5.798683781240474705e-02,5.349845964946772781e-02
6.310654342801237660e-02,1.104143590293537730e-01,1.102884206834322534e-01,5.798683781240474705e-02,1.689864153120709525e-18,4.026528916742036501e-02
3.931005012741651400e-02,1.100027185977652811e-01,1.043561995928329739e-01,5.349845964946772781e-02,4.026528916742036501e-02,2.605465374094463058e-18
