2.041430314640892720e-18,5.972934231104641556e-03,5.275825634665296665e-02,4.386360712200145645e-02,1.019007409397813951e-01,1.012319003893954600e-01
5.972934231104641556e-03,1.880930788704480549e-18,5.160043433814064801e-02,4.141196098407227966e-02,1.057912125203871040e-01,1.049032125593649667e-01
5.275825634665296665e-02,5.160043433814064801e-02,1.821391323246752545e-18,4.399759584025065423e-02,9.527102522706791532e-02,9.378683774813428853e-02
4.386360712200145645e-02,4.141196098407227966e-02,4.399759584025065423e-02,2.731583900719531522e-18,1.270948639027018323e-01,1.255028176647650096e-01
1.019007409397813951e-01,1.057912125203871040e-01,9.527102522706791532e-02,1.270948639027018323e-01,2.067838531935085446e-18,6.113984072013430200e-03
1.012319003893954600e-01,1.049032125593649667e-01,9.378683774813428853e-02,1.255028176647650096e-01,6.113984072013430200e-03,2.135636045513930213e-18
