2.350965826547167447e-18,3.227615487287049945e-02,4.885338038787188225e-02,8.482515254131912930e-02,6.481321366559132657e-02,7.500768960616291392e-02
3.227615487287049945e-02,1.776983353488485039e-18,3.432643164934782304e-02,7.709198470461141317e-02,9.224039670107979372e-02,8.908265890352330685e-02
4.885338038787188225e-02,3.432643164934782304e-02,2.028042189824612105e-18,7.054069362286644052e-02,7.671310718445414900e-02,8.285257449276896280e-02
8.482515254131912930e-02,7.709198470461141317e-02,7.054069362286644052e-02,1.777714459918077972e-18,7.789529491436257558e-02,6.976598565121619466e-02
6.481321366559132657e-02,9.224039670107979372e-02,7.671310718445414900e-02,7.789529491436257558e-02,1.802760840036788916e-18,5.070076509492579819e-02
7.500768960616291392e-02,8.908265890352330685e-02,8.285257449276896280e-02,6.976598565121619466e-02,5.070076509492579819e-02,2.171278741665455473e-18
