1.956557141193614933e-18,5.035289711771728793e-02,7.162259374693522029e-02,8.399309931922627204e-02,6.559988161356695990e-02,5.956388170638338142e-02
5.035289711771728793e-02,1.884023363935859588e-18,4.768562265365439146e-02,6.013348266239338519e-02,6.807553703810773071e-02,6.619702829097777463e-02
7.162259374693522029e-02,4.768562265365439146e-02,1.552678404851361003e-18,5.308245112969415397e-02,5.863320027973236565e-02,5.531899778142742446e-02
8.399309931922627204e-02,6.013348266239338519e-02,5.308245112969415397e-02,2.053133015537368133e-18,3.922842487755216767e-02,5.839960460950571752e-02
6.559988161356695990e-02,6.807553703810773071e-02,5.863320027973236565e-02,3.922842487755216767e-02,2.539173776261777002e-18,4.492471580843015316e-02
5.956388170638338142e-02,6.619702829097777463e-02,5.531899778142742446e-02,5.839960460950571752e-02,4.492471580843015316e-02,2.200021880348049914e-18
