1.526890396299461704e-18,6.933049353511866464e-02,6.301686891002840352e-02,6.743844305991716914e-02,4.530425308999929540e-02,5.513568437476223938e-02
6.933049353511866464e-02,2.135158815830128346e-18,5.282040575360439499e-02,8.223774359328651917e-02,7.639706893203641880e-02,6.125500880591002589e-02
6.301686891002840352e-02,5.282040575360439499e-02,1.675430987460725077e-18,6.587635187062158837e-02,6.406848631576632369e-02,6.634671286676543933e-02
6.743844305991716914e-02,8.223774359328651917e-02,6.587635187062158837e-02,2.254785494582241858e-18,5.597216744087243900e-02,7.507690095142104114e-02
4.530425308999929540e-02,7.639706893203641880e-02,6.406848631576632369e-02,5.597216744087243900e-02,2.351854953974096716e-18,5.021431619765995280e-02
5.513568437476223938e-02,6.125500880591002589e-02,6.634671286676543933e-02,7.507690095142104114e-02,5.021431619765995280e-02,2.082986991040552521e-18
