3.270652954744204349e-18,8.168380206485957584e-02,9.100489809100820171e-02,9.005041954440641538e-02,8.388390007471252519e-02,5.406890911313246700e-02
8.168380206485957584e-02,2.233463491746780249e-18,8.076747718461685377e-02,9.805994209800174277e-02,1.216153465337573847e-01,4.884926649889526767e-02
9.100489809100820171e-02,8.076747718461685377e-02,4.351001173352803774e-18,6.403145580040371654e-02,9.236592661470566235e-02,1.046535208571338083e-01
9.005041954440641538e-02,9.805994209800174277e-02,6.403145580040371654e-02,1.999950440264420500e-18,5.875989021593266276e-02,1.006859966593750128e-01
8.388390007471252519e-02,1.216153465337573847e-01,9.236592661470566235e-02,5.875989021593266276e-02,2.689880815834978483e-18,7.438737337322180732e-02
5.406890911313246700e-02,4.884926649889526767e-02,1.046535208571338083e-01,1.006859966593750128e-01,7.438737337322180732e-02,2.029786243235198367e-18
