2.386384255629495013e-18,8.231417789997834411e-02,9.450931082278639372e-02,1.038289045072438022e-01,9.509702194516501950e-02,1.063371605684180210e-01
8.231417789997834411e-02,2.252457372502090011e-18,4.405911830692859493e-02,6.934418525217435347e-02,5.765188099278669570e-02,6.023175654340755941e-02
9.450931082278639372e-02,4.405911830692859493e-02,2.273729726240565524e-18,4.959693914288731964e-02,6.226649855200176026e-02,5.240313627033178073e-02
1.038289045072438022e-01,6.934418525217435347e-02,4.959693914288731964e-02,1.819619918125936819e-18,7.365334151049807154e-02,7.266419973161963863e-02
9.509702194516501950e-02,5.765188099278669570e-02,6.226649855200176026e-02,7.365334151049807154e-02,2.375197317592146202e-18,8.359191261700767150e-02
1.063371605684180210e-01,6.023175654340755941e-02,5.240313627033178073e-02,7.266419973161963863e-02,8.359191261700767150e-02,1.855452137254893629e-18
