2.433731837199278442e-18,1.098991602878217622e-01,1.081521104840615366e-01,9.426306105688501968e-02,6.380758604570767323e-02,8.952284041772122503e-02
1.098991602878217622e-01,2.414813417340608276e-18,4.974239398462511341e-03,6.723232736450140967e-02,8.646027503490039123e-02,6.072335920742841231e-02
1.081521104840615366e-01,4.974239398462511341e-03,1.770338535599477475e-18,6.750532380358216511e-02,8.697104503290786770e-02,6.093879397358114430e-02
9.426306105688501968e-02,6.723232736450140967e-02,6.750532380358216511e-02,2.242230335544505046e-18,5.510682626509285503e-02,9.689959399857855926e-02
6.380758604570767323e-02,8.646027503490039123e-02,8.697104503290786770e-02,5.510682626509285503e-02,2.508174979327795345e-18,9.420374769385397862e-02
8.952284041772122503e-02,6.072335920742841231e-02,6.093879397358114430e-02,9.689959399857855926e-02,9.420374769385397862e-02,2.105538770135564097e-18
