3.925761850532985473e-18,3.674079515431529636e-02,8.127737665511240717e-02,7.628713718411399280e-02,6.662838700546218351e-02,5.207626855914079811e-02
3.674079515431529636e-02,3.201533781043819371e-18,5.261516731865883978e-02,7.967002354277283316e-02,7.746015567970356008e-02,6.043081113283332167e-02
8.127737665511240717e-02,5.261516731865883978e-02,2.772962561738508174e-18,9.694463312745998929e-02,9.145045635237096515e-02,7.940176966111330004e-02
7.628713718411399280e-02,7.967002354277283316e-02,9.694463312745998929e-02,4.178813285350299823e-18,4.933993561091989943e-02,7.777700612666488267e-02
6.662838700546218351e-02,7.746015567970356008e-02,9.145045635237096515e-02,4.933993561091989943e-02,2.449853439751161218e-18,3.133216515388562162e-02
5.207626855914079811e-02,6.043081113283332167e-02,7.940176966111330004e-02,7.777700612666488267e-02,3.133216515388562162e-02,3.376029568564692822e-18
