1.646141190129050054e-18,4.905937660688339946e-02,8.564395096064846002e-02,6.219802670053988652e-02,6.009975268373587282e-02,6.504774897808267287e-02
4.905937660688339946e-02,1.502099571428026900e-18,7.330517438966448196e-02,5.957412973828141167e-02,5.579230385689906008e-02,5.689436634618027372e-02
8.564395096064846002e-02,7.330517438966448196e-02,2.772739623058340214e-18,5.463582944741818964e-02,4.835087806454313464e-02,4.806441747005685966e-02
6.219802670053988652e-02,5.957412973828141167e-02,5.463582944741818964e-02,1.662654131182111937e-18,5.165165768320303941e-02,5.579815053780098205e-02
6.009975268373587282e-02,5.579230385689906008e-02,4.835087806454313464e-02,5.165165768320303941e-02,1.899118128552284935e-18,7.900212796569265616e-03
6.504774897808267287e-02,5.689436634618027372e-02,4.806441747005685966e-02,5.579815053780098205e-02,7.900212796569265616e-03,1.993173976239604960e-18
