1.607434112795143429e-18,6.363514312709134431e-03,3.383200773212073631e-02,7.178610349478645181e-02,4.189484640466018678e-02,4.075403943825358505e-02
6.363514312709134431e-03,1.949617622043186467e-18,3.716352413189107778e-02,7.152411246316742188e-02,4.310606340271677661e-02,4.219855693678534192e-02
3.383200773212073631e-02,3.716352413189107778e-02,2.187738251964118177e-18,4.406799670220239856e-02,5.919953703094133629e-02,5.952251685412995874e-02
7.178610349478645181e-02,7.152411246316742188e-02,4.406799670220239856e-02,2.255360435099803942e-18,6.826445583911604220e-02,7.378297953593525305e-02
4.189484640466018678e-02,4.310606340271677661e-02,5.919953703094133629e-02,6.826445583911604220e-02,1.555992900955838994e-18,7.798067154797254548e-03
4.075403943825358505e-02,4.219855693678534192e-02,5.952251685412995874e-02,7.378297953593525305e-02,7.798067154797254548e-03,2.528083790549103258e-18
