2.150591040926131981e-18,1.909498174724180153e-01,3.384300328442570449e-01,3.260443812639314820e-01,3.288599399932788381e-01,3.232636526573786084e-01
1.909498174724180153e-01,2.221838191991012227e-18,1.597202449280808456e-01,6.107053541608101210e-02,6.053294192047536243e-02,5.804512731728739272e-02
3.384300328442570449e-01,1.597202449280808456e-01,2.263036326775552333e-18,1.939192503289673131e-01,1.916203486779846088e-01,1.939698855316663861e-01
3.260443812639314820e-01,6.107053541608101210e-02,1.939192503289673131e-01,2.032231102281211799e-18,5.930891754397056743e-03,5.514451201937328913e-03
3.288599399932788381e-01,6.053294192047536243e-02,1.916203486779846088e-01,5.930891754397056743e-03,2.702745097498707623e-18,5.588576577942112183e-03
3.232636526573786084e-01,5.804512731728739272e-02,1.939698855316663861e-01,5.514451201937328913e-03,5.588576577942112183e-03,2.142378354991253635e-18
