2.278045398541426073e-18,5.966402103882707982e-03,6.653266826461001759e-02,9.388584198913552115e-02,4.842732892997670541e-02,5.101938015514931313e-02
5.966402103882707982e-03,3.081786552804462823e-18,6.218713833343167408e-02,9.126735733643058512e-02,5.146926023325348182e-02,5.409080768311114173e-02
6.653266826461001759e-02,6.218713833343167408e-02,3.748568582892759163e-18,5.900606465432226000e-02,9.003118446671877495e-02,9.017657097035956804e-02
9.388584198913552115e-02,9.126735733643058512e-02,5.900606465432226000e-02,2.961296489064982274e-18,1.114266006673493153e-01,1.080153795084109331e-01
4.842732892997670541e-02,5.146926023325348182e-02,9.003118446671877495e-02,1.114266006673493153e-01,3.685762769482664321e-18,7.085029602014950544e-03
5.101938015514931313e-02,5.409080768311114173e-02,9.017657097035956804e-02,1.080153795084109331e-01,7.085029602014950544e-03,3.079394259305863608e-18
