3.486347334377863709e-18,1.991346044305799812e-01,2.409481222249961752e-01,1.401449761100448388e-01,6.764983479521843868e-02,6.472303717255296907e-02
1.991346044305799812e-01,2.116494263993726838e-18,6.621545741350358394e-02,5.809782480839112417e-02,1.000435872245771657e-01,9.250214485829995337e-02
2.409481222249961752e-01,6.621545741350358394e-02,2.818331814614504901e-18,1.059057437548204111e-01,1.495140464478931230e-01,1.536107609630042725e-01
1.401449761100448388e-01,5.809782480839112417e-02,1.059057437548204111e-01,3.974838766933157967e-18,9.748035641507495075e-02,9.130509177048730385e-02
6.764983479521843868e-02,1.000435872245771657e-01,1.495140464478931230e-01,9.748035641507495075e-02,2.939254237797208325e-18,6.801361556967371047e-02
6.472303717255296907e-02,9.250214485829995337e-02,1.536107609630042725e-01,9.130509177048730385e-02,6.801361556967371047e-02,2.804675665444460989e-18
