1.634951108888860641e-18,9.191236225562423104e-03,8.048398364753420187e-02,6.359521889058414312e-02,7.133086790350810780e-02,8.709801907574159230e-02
9.191236225562423104e-03,2.245791068958096711e-18,7.765902821608730577e-02,6.035050873528279708e-02,7.432483415723235842e-02,8.865847575225915822e-02
8.048398364753420187e-02,7.765902821608730577e-02,2.405222846082969159e-18,6.030790514438313932e-02,5.440727267135991863e-02,6.372022486046019507e-02
6.359521889058414312e-02,6.035050873528279708e-02,6.030790514438313932e-02,2.157372007621903163e-18,5.268738007401462670e-02,8.294919717553299321e-02
7.133086790350810780e-02,7.432483415723235842e-02,5.440727267135991863e-02,5.268738007401462670e-02,2.050748180437246721e-18,5.728524709254659286e-02
8.709801907574159230e-02,8.865847575225915822e-02,6.372022486046019507e-02,8.294919717553299321e-02,5.728524709254659286e-02,2.391059213937738510e-18
