2.432047763388650161e-18,4.335514502708532301e-03,6.489672523026385198e-02,7.467231731927546912e-02,1.608914740345108452e-01,7.595497134603580724e-02
4.335514502708532301e-03,1.904353391096550665e-18,6.405667021894317914e-02,7.432205962607145444e-02,1.582356464383251893e-01,7.919212927046508088e-02
6.489672523026385198e-02,6.405667021894317914e-02,2.445672324787352301e-18,5.151407915853020714e-02,7.237616103043403859e-02,6.030250138019896400e-02
7.467231731927546912e-02,7.432205962607145444e-02,5.151407915853020714e-02,2.228922733322721076e-18,1.356591735767016249e-01,6.150457669849987430e-02
1.608914740345108452e-01,1.582356464383251893e-01,7.237616103043403859e-02,1.356591735767016249e-01,2.106779212240644248e-18,3.239982915030296673e-01
7.595497134603580724e-02,7.919212927046508088e-02,6.030250138019896400e-02,6.150457669849987430e-02,3.239982915030296673e-01,1.510544899405867108e-18
