1.848206293433300113e-18,4.509273888390716301e-02,5.035010991995066826e-02,6.456060077304583145e-02,6.595847740826782379e-02,6.615517847775409521e-02
4.509273888390716301e-02,2.375972092810523678e-18,3.637710883220075797e-02,7.421845579968001927e-02,5.623315391192210827e-02,5.543501247625629014e-02
5.035010991995066826e-02,3.637710883220075797e-02,2.707944405208295299e-18,6.855983051770635217e-02,6.523835598346887366e-02,5.734834026252552674e-02
6.456060077304583145e-02,7.421845579968001927e-02,6.855983051770635217e-02,2.708998485523842667e-18,4.186816739376042484e-02,4.525843425675709492e-02
6.595847740826782379e-02,5.623315391192210827e-02,6.523835598346887366e-02,4.186816739376042484e-02,1.872513611533482546e-18,5.727130054733678421e-02
6.615517847775409521e-02,5.543501247625629014e-02,5.734834026252552674e-02,4.525843425675709492e-02,5.727130054733678421e-02,1.794633460410219566e-18
