1.756782735944562986e-18,5.487610541881451226e-02,5.230330697834328219e-02,6.082874315593336106e-02,6.015899592221189002e-02,5.755252751910416159e-02
5.487610541881451226e-02,1.975065232301754220e-18,4.157154191926155234e-02,8.797320392769447661e-02,9.277719114620676388e-02,7.575700400506531207e-02
5.230330697834328219e-02,4.157154191926155234e-02,1.844795419182466636e-18,8.719545277809336026e-02,7.524936290196462818e-02,8.063918892563810836e-02
6.082874315593336106e-02,8.797320392769447661e-02,8.719545277809336026e-02,2.012116953985264658e-18,5.922915303914380591e-02,6.020609056724674640e-02
6.015899592221189002e-02,9.277719114620676388e-02,7.524936290196462818e-02,5.922915303914380591e-02,2.114913904771413132e-18,6.610808627462268217e-02
5.755252751910416159e-02,7.575700400506531207e-02,8.063918892563810836e-02,6.020609056724674640e-02,6.610808627462268217e-02,1.919737044892258275e-18
