1.346865970796526416e-18,4.093427618649715660e-02,1.146995920375696865e-01,6.408373327478712744e-02,1.321708142431605448e-01,5.282150044376588555e-02
4.093427618649715660e-02,2.091476642901921404e-18,6.810218149873709104e-02,5.579554173562133873e-02,7.503980551961898782e-02,5.649924967880349397e-02
1.146995920375696865e-01,6.810218149873709104e-02,1.700782395358218863e-18,1.027908229534544859e-01,5.868719028083619477e-02,1.280950083927446526e-01
6.408373327478712744e-02,5.579554173562133873e-02,1.027908229534544859e-01,1.944855195283546268e-18,1.098662732837430434e-01,7.936473477261957177e-02
1.321708142431605448e-01,7.503980551961898782e-02,5.868719028083619477e-02,1.098662732837430434e-01,1.612150855331806065e-18,1.410407116963475760e-01
5.282150044376588555e-02,5.649924967880349397e-02,1.280950083927446526e-01,7.936473477261957177e-02,1.410407116963475760e-01,2.108148738971353669e-18
