1.567350303831369603e-18,1.907597017032391234e-02,6.992669895491045173e-02,1.301752451896120433e-01,7.512227058818936321e-02,8.658977561383861266e-02
1.907597017032391234e-02,2.039752730161100871e-18,5.744320059098657200e-02,1.345442534695587000e-01,7.403848748317511108e-02,9.255325641111931956e-02
6.992669895491045173e-02,5.744320059098657200e-02,1.567124696075676961e-18,9.960809900866633704e-02,5.414207658034283360e-02,8.137974440512864283e-02
1.301752451896120433e-01,1.345442534695587000e-01,9.960809900866633704e-02,2.425567247042712445e-18,5.224382417634373249e-02,7.588714222650623509e-02
7.512227058818936321e-02,7.403848748317511108e-02,5.414207658034283360e-02,5.224382417634373249e-02,2.432279197821328783e-18,5.788229388974663880e-02
8.658977561383861266e-02,9.255325641111931956e-02,8.137974440512864283e-02,7.588714222650623509e-02,5.788229388974663880e-02,2.585865236138319776e-18
