2.757550758678489193e-18,6.557955162693744622e-02,9.206957174642256547e-02,6.848936348373736716e-02,7.057475763781607958e-02,6.654046088936044212e-02
6.557955162693744622e-02,2.271516391008661446e-18,4.710394610628235862e-02,5.496908567661593081e-02,6.414615835530355914e-02,8.770306608942061988e-02
9.206957174642256547e-02,4.710394610628235862e-02,2.599916232612141408e-18,7.659089270149767315e-02,7.650732876814335393e-02,1.336705075230482376e-01
6.848936348373736716e-02,5.496908567661593081e-02,7.659089270149767315e-02,2.066042013115983063e-18,4.790126796985300778e-02,6.348775293216914195e-02
7.057475763781607958e-02,6.414615835530355914e-02,7.650732876814335393e-02,4.790126796985300778e-02,2.102321128611316887e-18,8.079638889440500515e-02
6.654046088936044212e-02,8.770306608942061988e-02,1.336705075230482376e-01,6.348775293216914195e-02,8.079638889440500515e-02,1.354219818996662002e-18
