1.748364471822128698e-18,8.363959236497141292e-02,9.253508088684643529e-02,5.879391528789956745e-02,7.873679008394744716e-02,6.386073650536615298e-02
8.363959236497141292e-02,2.119981762113809630e-18,5.250685934399537680e-02,5.155811028820545677e-02,8.648608298085376511e-02,7.055517642522314559e-02
9.253508088684643529e-02,5.250685934399537680e-02,2.579417571413996033e-18,5.754229631138099710e-02,7.062037627941200602e-02,8.207388279841808243e-02
5.879391528789956745e-02,5.155811028820545677e-02,5.754229631138099710e-02,2.153734772702783924e-18,7.677077284088353049e-02,6.534059720717931563e-02
7.873679008394744716e-02,8.648608298085376511e-02,7.062037627941200602e-02,7.677077284088353049e-02,1.632843424871410390e-18,6.104512801108038372e-02
6.386073650536615298e-02,7.055517642522314559e-02,8.207388279841808243e-02,6.534059720717931563e-02,6.104512801108038372e-02,2.032573984513406509e-18
