3.863550130203388045e-18,2.195441459879677801e-02,3.651580359378227975e-02,6.161590135663910089e-02,5.603071189952146119e-02,3.494573271030073508e-02
2.195441459879677801e-02,2.734473217459799979e-18,2.449413099634182786e-02,4.349665653265157722e-02,4.688544923515123447e-02,3.631079690313650937e-02
3.651580359378227975e-02,2.449413099634182786e-02,2.750595961013840647e-18,3.498545574300201272e-02,4.052149561019369878e-02,3.080480638342051117e-02
6.161590135663910089e-02,4.349665653265157722e-02,3.498545574300201272e-02,3.037710926700763816e-18,5.168777582882935762e-02,5.855158766509397511e-02
5.603071189952146119e-02,4.688544923515123447e-02,4.052149561019369878e-02,5.168777582882935762e-02,2.632752930097750392e-18,2.739068855043820180e-02
3.494573271030073508e-02,3.631079690313650937e-02,3.080480638342051117e-02,5.855158766509397511e-02,2.739068855043820180e-02,2.353383584061091724e-18
