1.420462357063577678e-18,4.472617887243787033e-02,5.224701988761051158e-02,6.568348045956200199e-02,4.181922705941678448e-02,4.861043157997536196e-02
4.472617887243787033e-02,1.865065100043813723e-18,4.993392684190931657e-02,8.182494123402196673e-02,6.255266900959031984e-02,3.567400223176318136e-02
5.224701988761051158e-02,4.993392684190931657e-02,2.336807824878164663e-18,5.117332245311505962e-02,5.864621451119320789e-02,5.856491740266927398e-02
6.568348045956200199e-02,8.182494123402196673e-02,5.117332245311505962e-02,1.864315334088543104e-18,1.005019025261028598e-01,5.790797451906218307e-02
4.181922705941678448e-02,6.255266900959031984e-02,5.864621451119320789e-02,1.005019025261028598e-01,1.505320777124479630e-18,5.196863677286923250e-02
4.861043157997536196e-02,3.567400223176318136e-02,5.856491740266927398e-02,5.790797451906218307e-02,5.196863677286923250e-02,2.381895583764210200e-18
