1.639659233061534045e-18,4.105217176701448506e-02,5.612621804371827755e-02,4.930980818489336809e-02,6.284105515636873029e-02,7.771099393691818791e-02
4.105217176701448506e-02,2.303271701788774855e-18,3.389919788289211949e-02,6.405590102671093744e-02,6.568168762796548765e-02,6.593645713141962905e-02
5.612621804371827755e-02,3.389919788289211949e-02,2.145284769104952904e-18,6.579061521971696358e-02,6.832410035131071535e-02,5.621113118099835965e-02
4.930980818489336809e-02,6.405590102671093744e-02,6.579061521971696358e-02,2.241901625486574418e-18,5.636383159496239498e-02,7.244535870223642315e-02
6.284105515636873029e-02,6.568168762796548765e-02,6.832410035131071535e-02,5.636383159496239498e-02,2.058848002413078749e-18,7.767132659875002065e-02
7.771099393691818791e-02,6.593645713141962905e-02,5.621113118099835965e-02,7.244535870223642315e-02,7.767132659875002065e-02,2.019626205445629801e-18
