2.356768113787206983e-18,4.349403850721843962e-02,6.842532247453821104e-02,5.806953417976742915e-02,8.850834361380442716e-02,4.377176565511298884e-02
4.349403850721843962e-02,2.521793137622719752e-18,4.375514682334683686e-02,4.880191726635826899e-02,8.065040934632806968e-02,5.008448611152153257e-02
6.842532247453821104e-02,4.375514682334683686e-02,3.609144912570246111e-18,4.000504435283994131e-02,1.014662793805945901e-01,6.224390672172097627e-02
5.806953417976742915e-02,4.880191726635826899e-02,4.000504435283994131e-02,3.219832624684369800e-18,1.282839455986579946e-01,6.477728377770934631e-02
8.850834361380442716e-02,8.065040934632806968e-02,1.014662793805945901e-01,1.282839455986579946e-01,2.433173760926700360e-18,9.361759216674157835e-02
4.377176565511298884e-02,5.008448611152153257e-02,6.224390672172097627e-02,6.477728377770934631e-02,9.361759216674157835e-02,3.337653886071812978e-18
