1.689040625252606735e-18,6.362168565722696456e-02,1.390685825888788585e-01,1.617182282279109595e-01,4.902412131549468977e-02,5.599894172916203977e-02
6.362168565722696456e-02,1.493990251573989982e-18,4.887515317139993348e-02,5.581783953181645302e-02,7.636510968187497361e-02,7.037124355734040992e-02
1.390685825888788585e-01,4.887515317139993348e-02,2.019658800311343191e-18,6.915086539156449497e-02,1.745902303552768486e-01,1.674856572704354341e-01
1.617182282279109595e-01,5.581783953181645302e-02,6.915086539156449497e-02,2.050202344375549404e-18,1.899786668542843004e-01,1.752578720206855178e-01
4.902412131549468977e-02,7.636510968187497361e-02,1.745902303552768486e-01,1.899786668542843004e-01,1.984189021396027217e-18,5.517062568807628437e-02
5.599894172916203977e-02,7.037124355734040992e-02,1.674856572704354341e-01,1.752578720206855178e-01,5.517062568807628437e-02,1.941848662744703124e-18
