2.333399819572096451e-18,7.138339175013840021e-02,8.069250700571142798e-02,4.995299329967526486e-02,4.833816474828817045e-02,3.398979287345034461e-02
7.138339175013840021e-02,2.642007148820324168e-18,7.117504983922406936e-02,5.602162692174070951e-02,5.669997957748568185e-02,6.427503198817337282e-02
8.069250700571142798e-02,7.117504983922406936e-02,2.186883292385057310e-18,7.156451461811948189e-02,5.762645346920313577e-02,5.939409630234925713e-02
4.995299329967526486e-02,5.602162692174070951e-02,7.156451461811948189e-02,2.124072262448149391e-18,3.872506601662745185e-02,6.057149895118225241e-02
4.833816474828817045e-02,5.669997957748568185e-02,5.762645346920313577e-02,3.872506601662745185e-02,2.367695864503259269e-18,4.390481578279234465e-02
3.398979287345034461e-02,6.427503198817337282e-02,5.939409630234925713e-02,6.057149895118225241e-02,4.390481578279234465e-02,2.454399210492755977e-18
