2.351494760606705210e-18,1.622578205040457189e-01,1.602210940819951412e-01,8.686111893171487297e-02,9.438549093357669062e-02,4.762798138604833892e-02
1.622578205040457189e-01,2.406174926611101936e-18,3.682865239549511921e-02,9.611473436887803257e-02,1.016941249089814425e-01,1.299003931125028155e-01
1.602210940819951412e-01,3.682865239549511921e-02,3.343164431703723535e-18,1.105039006994490564e-01,1.026558658457038531e-01,1.168124933884400612e-01
8.686111893171487297e-02,9.611473436887803257e-02,1.105039006994490564e-01,3.768750096454447429e-18,2.694915586895775539e-02,4.475331623364478539e-02
9.438549093357669062e-02,1.016941249089814425e-01,1.026558658457038531e-01,2.694915586895775539e-02,2.796858411502590719e-18,5.353365612364722331e-02
4.762798138604833892e-02,1.299003931125028155e-01,1.168124933884400612e-01,4.475331623364478539e-02,5.353365612364722331e-02,2.556574986738368622e-18
