2.272912430686932738e-18,4.655423395714460705e-02,6.668961499597994558e-02,6.350595587076761361e-02,5.159676795993940052e-02,4.498253937537876473e-02
4.655423395714460705e-02,1.878340417535356498e-18,9.286989246182525415e-02,7.734704895858930673e-02,5.862119854311861195e-02,5.638619940886403087e-02
6.668961499597994558e-02,9.286989246182525415e-02,1.986743393590349441e-18,5.856073712102521228e-02,6.613856553484372125e-02,5.900107407907465712e-02
6.350595587076761361e-02,7.734704895858930673e-02,5.856073712102521228e-02,1.694958927960820598e-18,5.022631548166395232e-02,7.168051086527506277e-02
5.159676795993940052e-02,5.862119854311861195e-02,6.613856553484372125e-02,5.022631548166395232e-02,1.692333402816354600e-18,4.994255023644807862e-02
4.498253937537876473e-02,5.638619940886403087e-02,5.900107407907465712e-02,7.168051086527506277e-02,4.994255023644807862e-02,2.385485692358459206e-18
