1.000000000000000000e+00,5.592261902000834617e-01,5.275201710460418747e-01,5.099919863663250341e-01,5.071434332132135347e-01,5.067475017319070796e-01
5.592261902000834617e-01,1.000000000000000000e+00,5.536814307166755267e-01,5.086011834233090667e-01,5.073337965848003783e-01,5.074158062747121667e-01
5.275201710460418747e-01,5.536814307166755267e-01,1.000000000000000000e+00,5.076112492794994102e-01,5.085365636062745276e-01,5.091523557433821345e-01
5.099919863663250341e-01,5.086011834233090667e-01,5.076112492794994102e-01,1.000000000000000000e+00,5.316226977845800450e-01,5.299534610200056228e-01
5.071434332132135347e-01,5.073337965848003783e-01,5.085365636062745276e-01,5.316226977845800450e-01,1.000000000000000000e+00,6.253114452802346346e-01
5.067475017319070796e-01,5.074158062747121667e-01,5.091523557433821345e-01,5.299534610200056228e-01,6.253114452802346346e-01,1.000000000000000000e+00
