1.000000000000000000e+00,5.882597957176810555e-01,5.221760411821313452e-01,5.115996528593137471e-01,5.087610423995171383e-01,5.082868665323253543e-01
5.882597957176810555e-01,1.000000000000000000e+00,5.303439146285078287e-01,5.105073601299682240e-01,5.095763559282803223e-01,5.089309204185351598e-01
5.221760411821313452e-01,5.303439146285078287e-01,1.000000000000000000e+00,5.101087558842236636e-01,5.091224377187418826e-01,5.120039451999823799e-01
5.115996528593137471e-01,5.105073601299682240e-01,5.101087558842236636e-01,1.000000000000000000e+00,5.366900203789956025e-01,5.167481895615185783e-01
5.087610423995171383e-01,5.095763559282803223e-01,5.091224377187418826e-01,5.366900203789956025e-01,1.000000000000000000e+00,5.282637447650030404e-01
5.082868665323253543e-01,5.089309204185351598e-01,5.120039451999823799e-01,5.167481895615185783e-01,5.282637447650030404e-01,1.000000000000000000e+00
