1.000000000000000000e+00,5.403952877224913465e-01,5.449014351344738660e-01,5.095441572832634103e-01,5.078611326254258707e-01,5.075671203023369715e-01
5.403952877224913465e-01,1.000000000000000000e+00,5.953737151814316730e-01,5.091208162423307426e-01,5.101320585101155602e-01,5.088479900724904859e-01
5.449014351344738660e-01,5.953737151814316730e-01,1.000000000000000000e+00,5.081122203711284646e-01,5.084323277726175982e-01,5.081424079626191137e-01
5.095441572832634103e-01,5.091208162423307426e-01,5.081122203711284646e-01,1.000000000000000000e+00,5.393750349147073964e-01,5.159218633041756652e-01
5.078611326254258707e-01,5.101320585101155602e-01,5.084323277726175982e-01,5.393750349147073964e-01,1.000000000000000000e+00,5.231778277995106086e-01
5.075671203023369715e-01,5.088479900724904859e-01,5.081424079626191137e-01,5.159218633041756652e-01,5.231778277995106086e-01,1.000000000000000000e+00
