1.000000000000000000e+00,5.735307753084301075e-01,5.354346383186694425e-01,5.103193628121076575e-01,5.084637920247367937e-01,5.074254117666104902e-01
5.735307753084301075e-01,1.000000000000000000e+00,5.562409956867091498e-01,5.079513113381781686e-01,5.089046756798846216e-01,5.079037351961976920e-01
5.354346383186694425e-01,5.562409956867091498e-01,1.000000000000000000e+00,5.082604413152188583e-01,5.089736398095202619e-01,5.082719559383153118e-01
5.103193628121076575e-01,5.079513113381781686e-01,5.082604413152188583e-01,1.000000000000000000e+00,5.302728765583236692e-01,5.211758173405971473e-01
5.084637920247367937e-01,5.089046756798846216e-01,5.089736398095202619e-01,5.302728765583236692e-01,1.000000000000000000e+00,5.331031661670792010e-01
5.074254117666104902e-01,5.079037351961976920e-01,5.082719559383153118e-01,5.211758173405971473e-01,5.331031661670792010e-01,1.000000000000000000e+00
