1.000000000000000000e+00,5.323191501817513549e-01,5.189972313805971682e-01,5.122596187904617793e-01,5.090701012068411524e-01,5.078033385686556711e-01
5.323191501817513549e-01,1.000000000000000000e+00,5.420280070376088943e-01,5.100284454352822516e-01,5.105051337992461136e-01,5.095449724936791380e-01
5.189972313805971682e-01,5.420280070376088943e-01,1.000000000000000000e+00,5.090497537854556942e-01,5.100516804386869829e-01,5.096817562696448478e-01
5.122596187904617793e-01,5.100284454352822516e-01,5.090497537854556942e-01,1.000000000000000000e+00,5.356639701137803078e-01,5.176911423552594815e-01
5.090701012068411524e-01,5.105051337992461136e-01,5.100516804386869829e-01,5.356639701137803078e-01,1.000000000000000000e+00,5.223482944944459749e-01
5.078033385686556711e-01,5.095449724936791380e-01,5.096817562696448478e-01,5.176911423552594815e-01,5.223482944944459749e-01,1.000000000000000000e+00
