1.000000000000000000e+00,5.496972965042625781e-01,5.303573621130027727e-01,5.083913045811142561e-01,5.076701025026245651e-01,5.079585706754918828e-01
5.496972965042625781e-01,1.000000000000000000e+00,5.706625821735057391e-01,5.070482237229322342e-01,5.088431138360284267e-01,5.094147821324385150e-01
5.303573621130027727e-01,5.706625821735057391e-01,1.000000000000000000e+00,5.068406189595678901e-01,5.096618278471702901e-01,5.098397231589190115e-01
5.083913045811142561e-01,5.070482237229322342e-01,5.068406189595678901e-01,1.000000000000000000e+00,5.358258525866845812e-01,5.347419372972236351e-01
5.076701025026245651e-01,5.088431138360284267e-01,5.096618278471702901e-01,5.358258525866845812e-01,1.000000000000000000e+00,7.933736430774662729e-01
5.079585706754918828e-01,5.094147821324385150e-01,5.098397231589190115e-01,5.347419372972236351e-01,7.933736430774662729e-01,1.000000000000000000e+00
