1.000000000000000000e+00,5.539600057310952730e-01,5.314393974584398217e-01,5.122259718288814101e-01,5.106105400082570078e-01,5.087319283588820351e-01
5.539600057310952730e-01,1.000000000000000000e+00,5.594764458774383886e-01,5.095761611896932886e-01,5.101387536828402292e-01,5.090782532497676316e-01
5.314393974584398217e-01,5.594764458774383886e-01,1.000000000000000000e+00,5.090818207788424532e-01,5.107634774286796686e-01,5.096046995587462103e-01
5.122259718288814101e-01,5.095761611896932886e-01,5.090818207788424532e-01,1.000000000000000000e+00,5.372149331670573735e-01,5.338229146471359376e-01
5.106105400082570078e-01,5.101387536828402292e-01,5.107634774286796686e-01,5.372149331670573735e-01,1.000000000000000000e+00,5.543672715563617848e-01
5.087319283588820351e-01,5.090782532497676316e-01,5.096046995587462103e-01,5.338229146471359376e-01,5.543672715563617848e-01,1.000000000000000000e+00
