1.000000000000000000e+00,5.330638464653053576e-01,5.219745130534602096e-01,5.105887651704428265e-01,5.099051828104783635e-01,5.081788719663330456e-01
5.330638464653053576e-01,1.000000000000000000e+00,5.797927361431588489e-01,5.099382486997602326e-01,5.090598727927172495e-01,5.084965787101588530e-01
5.219745130534602096e-01,5.797927361431588489e-01,1.000000000000000000e+00,5.087112768389574491e-01,5.093491690391765969e-01,5.088717768326583846e-01
5.105887651704428265e-01,5.099382486997602326e-01,5.087112768389574491e-01,1.000000000000000000e+00,5.333515475513286308e-01,5.230603590695482863e-01
5.099051828104783635e-01,5.090598727927172495e-01,5.093491690391765969e-01,5.333515475513286308e-01,1.000000000000000000e+00,5.446901611062543447e-01
5.081788719663330456e-01,5.084965787101588530e-01,5.088717768326583846e-01,5.230603590695482863e-01,5.446901611062543447e-01,1.000000000000000000e+00
