1.000000000000000000e+00,5.664371079204547632e-01,5.341876061555718147e-01,5.081936906410006172e-01,5.080493516559138056e-01,5.066255450473263755e-01
5.664371079204547632e-01,1.000000000000000000e+00,5.680617947253753242e-01,5.072248110466068827e-01,5.071182468545775146e-01,5.067555801857080988e-01
5.341876061555718147e-01,5.680617947253753242e-01,1.000000000000000000e+00,5.070825796512711259e-01,5.068442891127491468e-01,5.071290108286564680e-01
5.081936906410006172e-01,5.072248110466068827e-01,5.070825796512711259e-01,1.000000000000000000e+00,5.425795169557099396e-01,5.382694539837805658e-01
5.080493516559138056e-01,5.071182468545775146e-01,5.068442891127491468e-01,5.425795169557099396e-01,1.000000000000000000e+00,5.358554922190609249e-01
5.066255450473263755e-01,5.067555801857080988e-01,5.071290108286564680e-01,5.382694539837805658e-01,5.358554922190609249e-01,1.000000000000000000e+00
