1.000000000000000000e+00,5.628039774962209085e-01,5.264209014995039349e-01,5.090113254021785272e-01,5.095570857090029326e-01,5.072224736131291101e-01
5.628039774962209085e-01,1.000000000000000000e+00,5.529027583495716991e-01,5.084632621012886711e-01,5.094644748155066072e-01,5.073893243752510829e-01
5.264209014995039349e-01,5.529027583495716991e-01,1.000000000000000000e+00,5.076010121812205567e-01,5.094213740521744693e-01,5.088238769498356628e-01
5.090113254021785272e-01,5.084632621012886711e-01,5.076010121812205567e-01,1.000000000000000000e+00,5.352062119097499293e-01,5.357488242511228016e-01
5.095570857090029326e-01,5.094644748155066072e-01,5.094213740521744693e-01,5.352062119097499293e-01,1.000000000000000000e+00,5.319361968998578272e-01
5.072224736131291101e-01,5.073893243752510829e-01,5.088238769498356628e-01,5.357488242511228016e-01,5.319361968998578272e-01,1.000000000000000000e+00
