1.000000000000000000e+00,5.649566123718344768e-01,5.221521512357670813e-01,5.105977188057755356e-01,5.085983344286845176e-01,5.086645747957977415e-01
5.649566123718344768e-01,1.000000000000000000e+00,5.314718090913964632e-01,5.087457521068891042e-01,5.091613773919597685e-01,5.085244227290969254e-01
5.221521512357670813e-01,5.314718090913964632e-01,1.000000000000000000e+00,5.076655243507484094e-01,5.085581282801298064e-01,5.096562512024972458e-01
5.105977188057755356e-01,5.087457521068891042e-01,5.076655243507484094e-01,1.000000000000000000e+00,5.334651147417142081e-01,5.235260873836931061e-01
5.085983344286845176e-01,5.091613773919597685e-01,5.085581282801298064e-01,5.334651147417142081e-01,1.000000000000000000e+00,5.529991054384587601e-01
5.086645747957977415e-01,5.085244227290969254e-01,5.096562512024972458e-01,5.235260873836931061e-01,5.529991054384587601e-01,1.000000000000000000e+00
