1.000000000000000000e+00,6.319761090795059655e-01,5.555821010346669864e-01,5.082672996941803856e-01,5.098718884807299512e-01,5.068309942902844423e-01
6.319761090795059655e-01,1.000000000000000000e+00,5.693462101784161344e-01,5.084115598556037119e-01,5.108672307152879455e-01,5.074696117792677486e-01
5.555821010346669864e-01,5.693462101784161344e-01,1.000000000000000000e+00,5.071819826873823489e-01,5.081277973275938331e-01,5.076897227825180048e-01
5.082672996941803856e-01,5.084115598556037119e-01,5.071819826873823489e-01,1.000000000000000000e+00,5.453462643755602191e-01,5.305595556959020742e-01
5.098718884807299512e-01,5.108672307152879455e-01,5.081277973275938331e-01,5.453462643755602191e-01,1.000000000000000000e+00,5.283199899773267649e-01
5.068309942902844423e-01,5.074696117792677486e-01,5.076897227825180048e-01,5.305595556959020742e-01,5.283199899773267649e-01,1.000000000000000000e+00
