1.000000000000000000e+00,5.606072917952868995e-01,5.294090113208647086e-01,5.120904986350292010e-01,5.065816029343016558e-01,5.064722482178204421e-01
5.606072917952868995e-01,1.000000000000000000e+00,5.644551216395793380e-01,5.094488997169227540e-01,5.066359595766349866e-01,5.065389566613679451e-01
5.294090113208647086e-01,5.644551216395793380e-01,1.000000000000000000e+00,5.084653709211462980e-01,5.066140526954918677e-01,5.070582934911310735e-01
5.120904986350292010e-01,5.094488997169227540e-01,5.084653709211462980e-01,1.000000000000000000e+00,5.188448458969101562e-01,5.152856949576668510e-01
5.065816029343016558e-01,5.066359595766349866e-01,5.066140526954918677e-01,5.188448458969101562e-01,1.000000000000000000e+00,5.883326371222572515e-01
5.064722482178204421e-01,5.065389566613679451e-01,5.070582934911310735e-01,5.152856949576668510e-01,5.883326371222572515e-01,1.000000000000000000e+00
