1.000000000000000000e+00,5.425908445051405016e-01,5.248628669762031018e-01,5.106492112104581427e-01,5.091436512714824225e-01,5.091215025391301330e-01
5.425908445051405016e-01,1.000000000000000000e+00,5.354652429808753888e-01,5.091049637413747053e-01,5.090069613272322213e-01,5.091137409040294992e-01
5.248628669762031018e-01,5.354652429808753888e-01,1.000000000000000000e+00,5.079087308910387177e-01,5.093485608520363916e-01,5.097121293408768405e-01
5.106492112104581427e-01,5.091049637413747053e-01,5.079087308910387177e-01,1.000000000000000000e+00,5.354742717493785609e-01,5.244419429893175666e-01
5.091436512714824225e-01,5.090069613272322213e-01,5.093485608520363916e-01,5.354742717493785609e-01,1.000000000000000000e+00,5.530328336677613477e-01
5.091215025391301330e-01,5.091137409040294992e-01,5.097121293408768405e-01,5.244419429893175666e-01,5.530328336677613477e-01,1.000000000000000000e+00
