1.000000000000000000e+00,5.723607291545406150e-01,5.417853483708275908e-01,5.102777611992005413e-01,5.101381718715817248e-01,5.086877567253271781e-01
5.723607291545406150e-01,1.000000000000000000e+00,5.642234717923494403e-01,5.093350241571242831e-01,5.104247230469526331e-01,5.096530957352222169e-01
5.417853483708275908e-01,5.642234717923494403e-01,1.000000000000000000e+00,5.098305767802977506e-01,5.103486705988514727e-01,5.099619396290040463e-01
5.102777611992005413e-01,5.093350241571242831e-01,5.098305767802977506e-01,1.000000000000000000e+00,5.584795827304339655e-01,5.440263786569320414e-01
5.101381718715817248e-01,5.104247230469526331e-01,5.103486705988514727e-01,5.584795827304339655e-01,1.000000000000000000e+00,5.615713262490805713e-01
5.086877567253271781e-01,5.096530957352222169e-01,5.099619396290040463e-01,5.440263786569320414e-01,5.615713262490805713e-01,1.000000000000000000e+00
