1.000000000000000000e+00,5.338984488880237356e-01,5.223642781158396309e-01,5.103274216341135983e-01,5.088595408908549445e-01,5.075972897338012491e-01
5.338984488880237356e-01,1.000000000000000000e+00,5.463920366882141222e-01,5.091179615973439043e-01,5.094612096195767492e-01,5.079035934437874378e-01
5.223642781158396309e-01,5.463920366882141222e-01,1.000000000000000000e+00,5.079642678855933458e-01,5.097150399001920684e-01,5.087841222213380643e-01
5.103274216341135983e-01,5.091179615973439043e-01,5.079642678855933458e-01,1.000000000000000000e+00,5.221289160187376766e-01,5.265941646076377491e-01
5.088595408908549445e-01,5.094612096195767492e-01,5.097150399001920684e-01,5.221289160187376766e-01,1.000000000000000000e+00,5.529207111549868658e-01
5.075972897338012491e-01,5.079035934437874378e-01,5.087841222213380643e-01,5.265941646076377491e-01,5.529207111549868658e-01,1.000000000000000000e+00
