1.000000000000000000e+00,5.564220624157798500e-01,5.158545907378030426e-01,5.088441040346985966e-01,5.080508454318096723e-01,5.068302358773123517e-01
5.564220624157798500e-01,1.000000000000000000e+00,5.272686348362397579e-01,5.070430441981924607e-01,5.070862208676903959e-01,5.068461637863657110e-01
5.158545907378030426e-01,5.272686348362397579e-01,1.000000000000000000e+00,5.075063355996569658e-01,5.091171518829803455e-01,5.089392078567647193e-01
5.088441040346985966e-01,5.070430441981924607e-01,5.075063355996569658e-01,1.000000000000000000e+00,5.537744350992340747e-01,5.552877023531691547e-01
5.080508454318096723e-01,5.070862208676903959e-01,5.091171518829803455e-01,5.537744350992340747e-01,1.000000000000000000e+00,5.535915869282491686e-01
5.068302358773123517e-01,5.068461637863657110e-01,5.089392078567647193e-01,5.552877023531691547e-01,5.535915869282491686e-01,1.000000000000000000e+00
