1.000000000000000000e+00,5.868268286091142816e-01,5.233300636947523232e-01,5.109748684666997054e-01,5.105410343051404176e-01,5.094276527100679575e-01
5.868268286091142816e-01,1.000000000000000000e+00,5.313700075114978771e-01,5.113708707339154058e-01,5.116502250978108846e-01,5.097316457030539594e-01
5.233300636947523232e-01,5.313700075114978771e-01,1.000000000000000000e+00,5.089711453987965095e-01,5.100146739643119931e-01,5.121448365895798771e-01
5.109748684666997054e-01,5.113708707339154058e-01,5.089711453987965095e-01,1.000000000000000000e+00,5.413015193337872288e-01,5.226434526067430530e-01
5.105410343051404176e-01,5.116502250978108846e-01,5.100146739643119931e-01,5.413015193337872288e-01,1.000000000000000000e+00,5.328462345394804345e-01
5.094276527100679575e-01,5.097316457030539594e-01,5.121448365895798771e-01,5.226434526067430530e-01,5.328462345394804345e-01,1.000000000000000000e+00
