1.000000000000000000e+00,5.614486143633572457e-01,5.271026058201627729e-01,5.107066080820836795e-01,5.080670761297776394e-01,5.076950313827128802e-01
5.614486143633572457e-01,1.000000000000000000e+00,5.379849832929514131e-01,5.093138747162818669e-01,5.071105899551098251e-01,5.085713519116920045e-01
5.271026058201627729e-01,5.379849832929514131e-01,1.000000000000000000e+00,5.086422352624970777e-01,5.084156109350131958e-01,5.080459110543222856e-01
5.107066080820836795e-01,5.093138747162818669e-01,5.086422352624970777e-01,1.000000000000000000e+00,5.252430862601219497e-01,5.210106749028345918e-01
5.080670761297776394e-01,5.071105899551098251e-01,5.084156109350131958e-01,5.252430862601219497e-01,1.000000000000000000e+00,5.653330985872542236e-01
5.076950313827128802e-01,5.085713519116920045e-01,5.080459110543222856e-01,5.210106749028345918e-01,5.653330985872542236e-01,1.000000000000000000e+00
