1.000000000000000000e+00,5.388005939801233657e-01,5.303284029750977568e-01,5.089701897511191842e-01,5.091257886594547921e-01,5.076085398955180183e-01
5.388005939801233657e-01,1.000000000000000000e+00,5.412194215059421554e-01,5.087295356871193164e-01,5.092929695802411727e-01,5.082702449646212539e-01
5.303284029750977568e-01,5.412194215059421554e-01,1.000000000000000000e+00,5.088562187265787129e-01,5.094282802207820149e-01,5.086542903854215369e-01
5.089701897511191842e-01,5.087295356871193164e-01,5.088562187265787129e-01,1.000000000000000000e+00,5.619132858171093092e-01,5.330396801777727012e-01
5.091257886594547921e-01,5.092929695802411727e-01,5.094282802207820149e-01,5.619132858171093092e-01,1.000000000000000000e+00,5.371133936344528736e-01
5.076085398955180183e-01,5.082702449646212539e-01,5.086542903854215369e-01,5.330396801777727012e-01,5.371133936344528736e-01,1.000000000000000000e+00
