1.000000000000000000e+00,5.576917874335594050e-01,5.275081892473308942e-01,5.081290703596549330e-01,5.076632739294882901e-01,5.070637595482893056e-01
5.576917874335594050e-01,1.000000000000000000e+00,5.453735152674812348e-01,5.081010622784465358e-01,5.085315286069762575e-01,5.075422150205700644e-01
5.275081892473308942e-01,5.453735152674812348e-01,1.000000000000000000e+00,5.076027111242641388e-01,5.087672998158311310e-01,5.082038618830199139e-01
5.081290703596549330e-01,5.081010622784465358e-01,5.076027111242641388e-01,1.000000000000000000e+00,5.461425617684504408e-01,5.273279761359778162e-01
5.076632739294882901e-01,5.085315286069762575e-01,5.087672998158311310e-01,5.461425617684504408e-01,1.000000000000000000e+00,5.377890862085964452e-01
5.070637595482893056e-01,5.075422150205700644e-01,5.082038618830199139e-01,5.273279761359778162e-01,5.377890862085964452e-01,1.000000000000000000e+00
