1.000000000000000000e+00,7.889649185117643126e-01,5.394782519265804988e-01,5.073660493153820950e-01,5.079160792330089658e-01,5.076649453971801007e-01
7.889649185117643126e-01,1.000000000000000000e+00,5.421296682030182223e-01,5.075518291286947870e-01,5.078976430667351272e-01,5.076243893159111398e-01
5.394782519265804988e-01,5.421296682030182223e-01,1.000000000000000000e+00,5.077968554518140776e-01,5.095478811320528489e-01,5.094053296412860421e-01
5.073660493153820950e-01,5.075518291286947870e-01,5.077968554518140776e-01,1.000000000000000000e+00,5.297100808573377284e-01,5.285997978582225310e-01
5.079160792330089658e-01,5.078976430667351272e-01,5.095478811320528489e-01,5.297100808573377284e-01,1.000000000000000000e+00,7.783148742670923381e-01
5.076649453971801007e-01,5.076243893159111398e-01,5.094053296412860421e-01,5.285997978582225310e-01,7.783148742670923381e-01,1.000000000000000000e+00
