1.000000000000000000e+00,5.451351226420811935e-01,5.208938655938677442e-01,5.096694317191076129e-01,5.087388978134398387e-01,5.075558386240656139e-01
5.451351226420811935e-01,1.000000000000000000e+00,5.287722208701636228e-01,5.097083270813584921e-01,5.095688713955137672e-01,5.083559322529066504e-01
5.208938655938677442e-01,5.287722208701636228e-01,1.000000000000000000e+00,5.099006701704057454e-01,5.096642221839929876e-01,5.092653401806409574e-01
5.096694317191076129e-01,5.097083270813584921e-01,5.099006701704057454e-01,1.000000000000000000e+00,5.328192211694006142e-01,5.279736394000485999e-01
5.087388978134398387e-01,5.095688713955137672e-01,5.096642221839929876e-01,5.328192211694006142e-01,1.000000000000000000e+00,5.451788485218483915e-01
5.075558386240656139e-01,5.083559322529066504e-01,5.092653401806409574e-01,5.279736394000485999e-01,5.451788485218483915e-01,1.000000000000000000e+00
