1.000000000000000000e+00,5.393961704416324610e-01,5.233847679723906410e-01,5.091575387389862817e-01,5.082107757365442735e-01,5.071006571636172966e-01
5.393961704416324610e-01,1.000000000000000000e+00,5.398567786296316617e-01,5.087224022322954786e-01,5.105827652967925845e-01,5.091568022952686068e-01
5.233847679723906410e-01,5.398567786296316617e-01,1.000000000000000000e+00,5.080053988759835049e-01,5.089952258327623547e-01,5.095704481891433213e-01
5.091575387389862817e-01,5.087224022322954786e-01,5.080053988759835049e-01,1.000000000000000000e+00,5.275226060873267064e-01,5.218949792785055886e-01
5.082107757365442735e-01,5.105827652967925845e-01,5.089952258327623547e-01,5.275226060873267064e-01,1.000000000000000000e+00,5.393883586790066964e-01
5.071006571636172966e-01,5.091568022952686068e-01,5.095704481891433213e-01,5.218949792785055886e-01,5.393883586790066964e-01,1.000000000000000000e+00
