1.000000000000000000e+00,5.567630037049998704e-01,5.283989288811308249e-01,5.091631324789708257e-01,5.098258787665553848e-01,5.091175202805463540e-01
5.567630037049998704e-01,1.000000000000000000e+00,5.516418754452018236e-01,5.091869153008898863e-01,5.099459926328547832e-01,5.095858766280509933e-01
5.283989288811308249e-01,5.516418754452018236e-01,1.000000000000000000e+00,5.079906175027417703e-01,5.090078142472692635e-01,5.104667110902162408e-01
5.091631324789708257e-01,5.091869153008898863e-01,5.079906175027417703e-01,1.000000000000000000e+00,5.414696876105584700e-01,5.255921051794184562e-01
5.098258787665553848e-01,5.099459926328547832e-01,5.090078142472692635e-01,5.414696876105584700e-01,1.000000000000000000e+00,5.495356905453233631e-01
5.091175202805463540e-01,5.095858766280509933e-01,5.104667110902162408e-01,5.255921051794184562e-01,5.495356905453233631e-01,1.000000000000000000e+00
