1.000000000000000000e+00,5.230197484290886045e-01,5.195010434097087071e-01,5.096577889411181284e-01,5.080985103570009320e-01,5.081344452495603070e-01
5.230197484290886045e-01,1.000000000000000000e+00,5.437958814387696682e-01,5.103259926301433325e-01,5.093109877616653902e-01,5.090575443179699011e-01
5.195010434097087071e-01,5.437958814387696682e-01,1.000000000000000000e+00,5.090854490666768539e-01,5.098301706409472667e-01,5.088962850610477817e-01
5.096577889411181284e-01,5.103259926301433325e-01,5.090854490666768539e-01,1.000000000000000000e+00,5.391510435261221978e-01,5.270051372222932518e-01
5.080985103570009320e-01,5.093109877616653902e-01,5.098301706409472667e-01,5.391510435261221978e-01,1.000000000000000000e+00,5.453061420770546341e-01
5.081344452495603070e-01,5.090575443179699011e-01,5.088962850610477817e-01,5.270051372222932518e-01,5.453061420770546341e-01,1.000000000000000000e+00
