1.000000000000000000e+00,5.400719658057937522e-01,5.287941571703493882e-01,5.100684101450408958e-01,5.090751054660617170e-01,5.083855225419530166e-01
5.400719658057937522e-01,1.000000000000000000e+00,5.501178351439727221e-01,5.094316712690902804e-01,5.103907098204963910e-01,5.103585267677049897e-01
5.287941571703493882e-01,5.501178351439727221e-01,1.000000000000000000e+00,5.081748589261070315e-01,5.095616186268573378e-01,5.104616334209221007e-01
5.100684101450408958e-01,5.094316712690902804e-01,5.081748589261070315e-01,1.000000000000000000e+00,5.436801074669671552e-01,5.292240431360718533e-01
5.090751054660617170e-01,5.103907098204963910e-01,5.095616186268573378e-01,5.436801074669671552e-01,1.000000000000000000e+00,5.499800859046189982e-01
5.083855225419530166e-01,5.103585267677049897e-01,5.104616334209221007e-01,5.292240431360718533e-01,5.499800859046189982e-01,1.000000000000000000e+00
