1.000000000000000000e+00,5.597957172681152782e-01,5.297687661577216156e-01,5.093551979162702636e-01,5.075692749513989188e-01,5.074073871987824225e-01
5.597957172681152782e-01,1.000000000000000000e+00,5.526483313559094057e-01,5.086413832205037844e-01,5.082646960202760189e-01,5.080124118615073625e-01
5.297687661577216156e-01,5.526483313559094057e-01,1.000000000000000000e+00,5.084090379315818753e-01,5.091796343199853636e-01,5.097656971750874622e-01
5.093551979162702636e-01,5.086413832205037844e-01,5.084090379315818753e-01,1.000000000000000000e+00,5.491169014533582304e-01,5.331689620334990609e-01
5.075692749513989188e-01,5.082646960202760189e-01,5.091796343199853636e-01,5.491169014533582304e-01,1.000000000000000000e+00,5.947021296915624422e-01
5.074073871987824225e-01,5.080124118615073625e-01,5.097656971750874622e-01,5.331689620334990609e-01,5.947021296915624422e-01,1.000000000000000000e+00
