1.000000000000000000e+00,7.076084926767297612e-01,5.192777427318583383e-01,5.083896263773713953e-01,5.072633265698566207e-01,5.067703114562781552e-01
7.076084926767297612e-01,1.000000000000000000e+00,5.208435920484627557e-01,5.086243313648352027e-01,5.070350505440418543e-01,5.067806641822377722e-01
5.192777427318583383e-01,5.208435920484627557e-01,1.000000000000000000e+00,5.078774829123828827e-01,5.094519647276989360e-01,5.092595488965997452e-01
5.083896263773713953e-01,5.086243313648352027e-01,5.078774829123828827e-01,1.000000000000000000e+00,5.395711985215562168e-01,5.291117650468445399e-01
5.072633265698566207e-01,5.070350505440418543e-01,5.094519647276989360e-01,5.395711985215562168e-01,1.000000000000000000e+00,5.693459347036062823e-01
5.067703114562781552e-01,5.067806641822377722e-01,5.092595488965997452e-01,5.291117650468445399e-01,5.693459347036062823e-01,1.000000000000000000e+00
