1.000000000000000000e+00,8.258232840708106259e-01,5.191366036746762891e-01,5.100078975269782822e-01,5.087054499129123331e-01,5.083719195475387975e-01
8.258232840708106259e-01,1.000000000000000000e+00,5.206685710571447023e-01,5.100530695352217814e-01,5.085031143310511093e-01,5.082852937317504649e-01
5.191366036746762891e-01,5.206685710571447023e-01,1.000000000000000000e+00,5.079008519987017189e-01,5.095143222919144010e-01,5.099777793032362894e-01
5.100078975269782822e-01,5.100530695352217814e-01,5.079008519987017189e-01,1.000000000000000000e+00,5.248222309266614705e-01,5.214970283556064068e-01
5.087054499129123331e-01,5.085031143310511093e-01,5.095143222919144010e-01,5.248222309266614705e-01,1.000000000000000000e+00,5.211109889113577642e-01
5.083719195475387975e-01,5.082852937317504649e-01,5.099777793032362894e-01,5.214970283556064068e-01,5.211109889113577642e-01,1.000000000000000000e+00
