1.000000000000000000e+00,8.351949360326810234e-01,5.270478656931544270e-01,5.101295192873050999e-01,5.096753084350469365e-01,5.077306441883563393e-01
8.351949360326810234e-01,1.000000000000000000e+00,5.272181746324376972e-01,5.101555467962826107e-01,5.097693243858889556e-01,5.077540907865558673e-01
5.270478656931544270e-01,5.272181746324376972e-01,1.000000000000000000e+00,5.087668359430355114e-01,5.091679269492437321e-01,5.101077309993480302e-01
5.101295192873050999e-01,5.101555467962826107e-01,5.087668359430355114e-01,1.000000000000000000e+00,5.337702628150380324e-01,5.297492770117909755e-01
5.096753084350469365e-01,5.097693243858889556e-01,5.091679269492437321e-01,5.337702628150380324e-01,1.000000000000000000e+00,5.322830329431068597e-01
5.077306441883563393e-01,5.077540907865558673e-01,5.101077309993480302e-01,5.297492770117909755e-01,5.322830329431068597e-01,1.000000000000000000e+00
