1.000000000000000000e+00,5.218965492992020394e-01,5.116547474178374522e-01,5.097643398667998094e-01,5.099917612860537242e-01,5.097932757278657023e-01
5.218965492992020394e-01,1.000000000000000000e+00,5.362709337409224952e-01,5.075589392508209619e-01,5.076604461823940317e-01,5.076146356551912708e-01
5.116547474178374522e-01,5.362709337409224952e-01,1.000000000000000000e+00,5.072338549853561140e-01,5.072050327533760283e-01,5.071854690753436756e-01
5.097643398667998094e-01,5.075589392508209619e-01,5.072338549853561140e-01,1.000000000000000000e+00,8.537237572199533053e-01,8.548371531991253436e-01
5.099917612860537242e-01,5.076604461823940317e-01,5.072050327533760283e-01,8.537237572199533053e-01,1.000000000000000000e+00,9.165457810530450722e-01
5.097932757278657023e-01,5.076146356551912708e-01,5.071854690753436756e-01,8.548371531991253436e-01,9.165457810530450722e-01,1.000000000000000000e+00
