1.000000000000000000e+00,5.307777413747473139e-01,5.237489403499807628e-01,5.100437318325492519e-01,5.087907194378192832e-01,5.090092525415345071e-01
5.307777413747473139e-01,1.000000000000000000e+00,5.284877381172328192e-01,5.087489076228915996e-01,5.098968696600451045e-01,5.079255712711431281e-01
5.237489403499807628e-01,5.284877381172328192e-01,1.000000000000000000e+00,5.084595695238923740e-01,5.091461184653932603e-01,5.103562025788023204e-01
5.100437318325492519e-01,5.087489076228915996e-01,5.084595695238923740e-01,1.000000000000000000e+00,5.394393522712784828e-01,5.349028507920451370e-01
5.087907194378192832e-01,5.098968696600451045e-01,5.091461184653932603e-01,5.394393522712784828e-01,1.000000000000000000e+00,5.446329461368900615e-01
5.090092525415345071e-01,5.079255712711431281e-01,5.103562025788023204e-01,5.349028507920451370e-01,5.446329461368900615e-01,1.000000000000000000e+00
