1.000000000000000000e+00,5.205292828181405929e-01,5.186997385524260151e-01,5.112087997704087838e-01,5.100774739148939974e-01,5.083489913354103384e-01
5.205292828181405929e-01,1.000000000000000000e+00,6.692265403565128556e-01,5.077688842754465304e-01,5.102250539796061579e-01,5.079682851078451966e-01
5.186997385524260151e-01,6.692265403565128556e-01,1.000000000000000000e+00,5.080832691098919884e-01,5.096932337642704480e-01,5.083349296247993143e-01
5.112087997704087838e-01,5.077688842754465304e-01,5.080832691098919884e-01,1.000000000000000000e+00,5.316106228676074075e-01,5.355470623905965732e-01
5.100774739148939974e-01,5.102250539796061579e-01,5.096932337642704480e-01,5.316106228676074075e-01,1.000000000000000000e+00,5.250369609957044048e-01
5.083489913354103384e-01,5.079682851078451966e-01,5.083349296247993143e-01,5.355470623905965732e-01,5.250369609957044048e-01,1.000000000000000000e+00
