1.000000000000000000e+00,5.171826181198920791e-01,5.174073068989669677e-01,5.094839803645471177e-01,5.083833134421278377e-01,5.077467597548971368e-01
5.171826181198920791e-01,1.000000000000000000e+00,8.254452178620067526e-01,5.087135156875605135e-01,5.102393981896061748e-01,5.081835957644904589e-01
5.174073068989669677e-01,8.254452178620067526e-01,1.000000000000000000e+00,5.086891094958284620e-01,5.106897315069437449e-01,5.083664755469844421e-01
5.094839803645471177e-01,5.087135156875605135e-01,5.086891094958284620e-01,1.000000000000000000e+00,5.578381756449038997e-01,5.340144404343385443e-01
5.083833134421278377e-01,5.102393981896061748e-01,5.106897315069437449e-01,5.578381756449038997e-01,1.000000000000000000e+00,5.461830656347923529e-01
5.077467597548971368e-01,5.081835957644904589e-01,5.083664755469844421e-01,5.340144404343385443e-01,5.461830656347923529e-01,1.000000000000000000e+00
