1.000000000000000000e+00,5.390628555924236176e-01,5.204896272400544310e-01,5.094984235706473408e-01,5.082883167154592652e-01,5.077295710719325061e-01
5.390628555924236176e-01,1.000000000000000000e+00,5.267530441615969616e-01,5.093037005082395874e-01,5.094580293759917167e-01,5.090499895692578436e-01
5.204896272400544310e-01,5.267530441615969616e-01,1.000000000000000000e+00,5.085193584006507672e-01,5.101144014884151368e-01,5.093536188284817356e-01
5.094984235706473408e-01,5.093037005082395874e-01,5.085193584006507672e-01,1.000000000000000000e+00,5.422978776975748705e-01,5.288194168599237299e-01
5.082883167154592652e-01,5.094580293759917167e-01,5.101144014884151368e-01,5.422978776975748705e-01,1.000000000000000000e+00,5.350908316202720449e-01
5.077295710719325061e-01,5.090499895692578436e-01,5.093536188284817356e-01,5.288194168599237299e-01,5.350908316202720449e-01,1.000000000000000000e+00
