1.000000000000000000e+00,5.372670368599296031e-01,5.192395352454360902e-01,5.095778372248582766e-01,5.086571076344698072e-01,5.068559097805428459e-01
5.372670368599296031e-01,1.000000000000000000e+00,5.268474699608906020e-01,5.097985282922733452e-01,5.094863024955899045e-01,5.082695929019077630e-01
5.192395352454360902e-01,5.268474699608906020e-01,1.000000000000000000e+00,5.071771279644040620e-01,5.085777962045069378e-01,5.098272437199243834e-01
5.095778372248582766e-01,5.097985282922733452e-01,5.071771279644040620e-01,1.000000000000000000e+00,5.402930260275486951e-01,5.245166909066208971e-01
5.086571076344698072e-01,5.094863024955899045e-01,5.085777962045069378e-01,5.402930260275486951e-01,1.000000000000000000e+00,5.298568531482815702e-01
5.068559097805428459e-01,5.082695929019077630e-01,5.098272437199243834e-01,5.245166909066208971e-01,5.298568531482815702e-01,1.000000000000000000e+00
