1.000000000000000000e+00,5.787921002376293922e-01,5.475461740790524834e-01,5.090156988311372865e-01,5.102640821059717391e-01,5.080608491590120623e-01
5.787921002376293922e-01,1.000000000000000000e+00,5.725876301030063953e-01,5.079687178943426140e-01,5.091152250248168754e-01,5.094202364349896817e-01
5.475461740790524834e-01,5.725876301030063953e-01,1.000000000000000000e+00,5.074596747904469574e-01,5.086951649893208804e-01,5.103115903409164433e-01
5.090156988311372865e-01,5.079687178943426140e-01,5.074596747904469574e-01,1.000000000000000000e+00,5.463791912944739870e-01,5.204932065082913395e-01
5.102640821059717391e-01,5.091152250248168754e-01,5.086951649893208804e-01,5.463791912944739870e-01,1.000000000000000000e+00,5.281001641733770180e-01
5.080608491590120623e-01,5.094202364349896817e-01,5.103115903409164433e-01,5.204932065082913395e-01,5.281001641733770180e-01,1.000000000000000000e+00
