1.000000000000000000e+00,7.905302235574156455e-01,5.666523643220836570e-01,5.068396231195839707e-01,5.073766235010691572e-01,5.073254877150371600e-01
7.905302235574156455e-01,1.000000000000000000e+00,5.702797944369367711e-01,5.068738844388956943e-01,5.075068405930066584e-01,5.074883829114659184e-01
5.666523643220836570e-01,5.702797944369367711e-01,1.000000000000000000e+00,5.066030280422088028e-01,5.088536813542138271e-01,5.085812382523960951e-01
5.068396231195839707e-01,5.068738844388956943e-01,5.066030280422088028e-01,1.000000000000000000e+00,5.262859567500588476e-01,5.252718437173796717e-01
5.073766235010691572e-01,5.075068405930066584e-01,5.088536813542138271e-01,5.262859567500588476e-01,1.000000000000000000e+00,7.753140379245576641e-01
5.073254877150371600e-01,5.074883829114659184e-01,5.085812382523960951e-01,5.252718437173796717e-01,7.753140379245576641e-01,1.000000000000000000e+00
