1.000000000000000000e+00,5.126374792428105565e-01,5.129902951739174766e-01,5.092383992798371617e-01,5.072063669470702196e-01,5.091820402532507561e-01
5.126374792428105565e-01,1.000000000000000000e+00,8.229742827068108335e-01,5.085471748048732143e-01,5.110499162046772126e-01,5.080790081336429287e-01
5.129902951739174766e-01,8.229742827068108335e-01,1.000000000000000000e+00,5.085831318024821579e-01,5.109467245318654038e-01,5.080551897004810247e-01
5.092383992798371617e-01,5.085471748048732143e-01,5.085831318024821579e-01,1.000000000000000000e+00,5.448175510498173280e-01,5.336604732371329485e-01
5.072063669470702196e-01,5.110499162046772126e-01,5.109467245318654038e-01,5.448175510498173280e-01,1.000000000000000000e+00,5.385164332018442801e-01
5.091820402532507561e-01,5.080790081336429287e-01,5.080551897004810247e-01,5.336604732371329485e-01,5.385164332018442801e-01,1.000000000000000000e+00
