1.000000000000000000e+00,5.911118905898106179e-01,5.294746638114787851e-01,5.105480209104754641e-01,5.109747976068060860e-01,5.090332269849429103e-01
5.911118905898106179e-01,1.000000000000000000e+00,5.428487373764070423e-01,5.106454422835051687e-01,5.110226319216432112e-01,5.093750374967950245e-01
5.294746638114787851e-01,5.428487373764070423e-01,1.000000000000000000e+00,5.081180018747367688e-01,5.094154488062756503e-01,5.091057020474795136e-01
5.105480209104754641e-01,5.106454422835051687e-01,5.081180018747367688e-01,1.000000000000000000e+00,6.010773152774588901e-01,5.651064549441896512e-01
5.109747976068060860e-01,5.110226319216432112e-01,5.094154488062756503e-01,6.010773152774588901e-01,1.000000000000000000e+00,5.865051825313551959e-01
5.090332269849429103e-01,5.093750374967950245e-01,5.091057020474795136e-01,5.651064549441896512e-01,5.865051825313551959e-01,1.000000000000000000e+00
