1.000000000000000000e+00,5.528583009419086869e-01,5.247129498966630612e-01,5.106313490404356115e-01,5.086366109824577153e-01,5.076855706738340190e-01
5.528583009419086869e-01,1.000000000000000000e+00,5.400658990838326234e-01,5.085813655968015601e-01,5.095984968856502872e-01,5.081128444977217606e-01
5.247129498966630612e-01,5.400658990838326234e-01,1.000000000000000000e+00,5.077931773435298002e-01,5.090665470937691950e-01,5.095493233406814815e-01
5.106313490404356115e-01,5.085813655968015601e-01,5.077931773435298002e-01,1.000000000000000000e+00,5.318271010114551389e-01,5.157560120823238003e-01
5.086366109824577153e-01,5.095984968856502872e-01,5.090665470937691950e-01,5.318271010114551389e-01,1.000000000000000000e+00,5.295279741537917140e-01
5.076855706738340190e-01,5.081128444977217606e-01,5.095493233406814815e-01,5.157560120823238003e-01,5.295279741537917140e-01,1.000000000000000000e+00
