1.000000000000000000e+00,7.359030114428937175e-01,5.201248132692027903e-01,5.087293821278189299e-01,5.074281632446692170e-01,5.070325186718815935e-01
7.359030114428937175e-01,1.000000000000000000e+00,5.197028062920957536e-01,5.085676969366988986e-01,5.078175100966998423e-01,5.070682746948256270e-01
5.201248132692027903e-01,5.197028062920957536e-01,1.000000000000000000e+00,5.075034994054617998e-01,5.085377684193461700e-01,5.092273825180358982e-01
5.087293821278189299e-01,5.085676969366988986e-01,5.075034994054617998e-01,1.000000000000000000e+00,5.363067165561734573e-01,5.269553742754858883e-01
5.074281632446692170e-01,5.078175100966998423e-01,5.085377684193461700e-01,5.363067165561734573e-01,1.000000000000000000e+00,5.727893746787141582e-01
5.070325186718815935e-01,5.070682746948256270e-01,5.092273825180358982e-01,5.269553742754858883e-01,5.727893746787141582e-01,1.000000000000000000e+00
