1.000000000000000000e+00,5.796530501621544040e-01,5.338193714379376731e-01,5.102131401353042772e-01,5.092654174335645711e-01,5.082323291223228567e-01
5.796530501621544040e-01,1.000000000000000000e+00,5.542973547760238207e-01,5.097050670743509260e-01,5.095069812817657473e-01,5.094448690309725247e-01
5.338193714379376731e-01,5.542973547760238207e-01,1.000000000000000000e+00,5.084076899330045585e-01,5.095517382076097945e-01,5.094972443996749201e-01
5.102131401353042772e-01,5.097050670743509260e-01,5.084076899330045585e-01,1.000000000000000000e+00,5.550815769863779447e-01,5.299169121704220276e-01
5.092654174335645711e-01,5.095069812817657473e-01,5.095517382076097945e-01,5.550815769863779447e-01,1.000000000000000000e+00,5.491166890944553236e-01
5.082323291223228567e-01,5.094448690309725247e-01,5.094972443996749201e-01,5.299169121704220276e-01,5.491166890944553236e-01,1.000000000000000000e+00
