1.000000000000000000e+00,5.596844725692355915e-01,5.384847421223977193e-01,5.091342192351254736e-01,5.095043814722268749e-01,5.080014157096346405e-01
5.596844725692355915e-01,1.000000000000000000e+00,5.641937688369257353e-01,5.091032041720230383e-01,5.098425575716910574e-01,5.092215014785098637e-01
5.384847421223977193e-01,5.641937688369257353e-01,1.000000000000000000e+00,5.084675177034442273e-01,5.095192989223328306e-01,5.092630984115441573e-01
5.091342192351254736e-01,5.091032041720230383e-01,5.084675177034442273e-01,1.000000000000000000e+00,6.276498000783228282e-01,5.495056365511442609e-01
5.095043814722268749e-01,5.098425575716910574e-01,5.095192989223328306e-01,6.276498000783228282e-01,1.000000000000000000e+00,5.526897513612136770e-01
5.080014157096346405e-01,5.092215014785098637e-01,5.092630984115441573e-01,5.495056365511442609e-01,5.526897513612136770e-01,1.000000000000000000e+00
