1.000000000000000000e+00,5.931500844176340603e-01,5.364087924500423599e-01,5.093052666908340909e-01,5.111095226634508881e-01,5.091872205096106274e-01
5.931500844176340603e-01,1.000000000000000000e+00,5.544222187033306382e-01,5.091273657843796707e-01,5.097811028489067642e-01,5.093033284753974987e-01
5.364087924500423599e-01,5.544222187033306382e-01,1.000000000000000000e+00,5.091166700328761952e-01,5.098457277208208183e-01,5.103597500247859520e-01
5.093052666908340909e-01,5.091273657843796707e-01,5.091166700328761952e-01,1.000000000000000000e+00,5.352756627227978070e-01,5.284078176731801246e-01
5.111095226634508881e-01,5.097811028489067642e-01,5.098457277208208183e-01,5.352756627227978070e-01,1.000000000000000000e+00,5.524506982973257374e-01
5.091872205096106274e-01,5.093033284753974987e-01,5.103597500247859520e-01,5.284078176731801246e-01,5.524506982973257374e-01,1.000000000000000000e+00
