1.000000000000000000e+00,5.302337637815875970e-01,5.189389305758661530e-01,5.108002534165390074e-01,5.093546789844606293e-01,5.086226051790968539e-01
5.302337637815875970e-01,1.000000000000000000e+00,5.509009978635203142e-01,5.085938670696230623e-01,5.094420154310984605e-01,5.080125025413205764e-01
5.189389305758661530e-01,5.509009978635203142e-01,1.000000000000000000e+00,5.081146377885888965e-01,5.098066385217389085e-01,5.103230166472311202e-01
5.108002534165390074e-01,5.085938670696230623e-01,5.081146377885888965e-01,1.000000000000000000e+00,5.534498672297644140e-01,5.354763277028391499e-01
5.093546789844606293e-01,5.094420154310984605e-01,5.098066385217389085e-01,5.534498672297644140e-01,1.000000000000000000e+00,5.440585273947927680e-01
5.086226051790968539e-01,5.080125025413205764e-01,5.103230166472311202e-01,5.354763277028391499e-01,5.440585273947927680e-01,1.000000000000000000e+00
