1.000000000000000000e+00,6.045770879674243758e-01,5.442641177860256807e-01,5.086544362637177574e-01,5.115717785882661905e-01,5.086657296855624510e-01
6.045770879674243758e-01,1.000000000000000000e+00,5.594464578216709061e-01,5.087214898815118902e-01,5.117681932280083723e-01,5.094936717889287925e-01
5.442641177860256807e-01,5.594464578216709061e-01,1.000000000000000000e+00,5.077192343208000169e-01,5.112610210972347025e-01,5.106156615600845328e-01
5.086544362637177574e-01,5.087214898815118902e-01,5.077192343208000169e-01,1.000000000000000000e+00,5.227431295455057247e-01,5.174549944691130277e-01
5.115717785882661905e-01,5.117681932280083723e-01,5.112610210972347025e-01,5.227431295455057247e-01,1.000000000000000000e+00,5.339376534389511653e-01
5.086657296855624510e-01,5.094936717889287925e-01,5.106156615600845328e-01,5.174549944691130277e-01,5.339376534389511653e-01,1.000000000000000000e+00
