1.000000000000000000e+00,5.415063134360474928e-01,5.228459615862245391e-01,5.090223310686529112e-01,5.097199007276208560e-01,5.084209877883550943e-01
5.415063134360474928e-01,1.000000000000000000e+00,5.465603597066345243e-01,5.083369156632374652e-01,5.099889335418682501e-01,5.092627684059921611e-01
5.228459615862245391e-01,5.465603597066345243e-01,1.000000000000000000e+00,5.084542597603166625e-01,5.096164260520403833e-01,5.090341273656412424e-01
5.090223310686529112e-01,5.083369156632374652e-01,5.084542597603166625e-01,1.000000000000000000e+00,5.435613987295290217e-01,5.310325653200751450e-01
5.097199007276208560e-01,5.099889335418682501e-01,5.096164260520403833e-01,5.435613987295290217e-01,1.000000000000000000e+00,5.332526311883936110e-01
5.084209877883550943e-01,5.092627684059921611e-01,5.090341273656412424e-01,5.310325653200751450e-01,5.332526311883936110e-01,1.000000000000000000e+00
