1.000000000000000000e+00,5.335637975011334744e-01,5.237101386053847341e-01,5.096226480743670795e-01,5.088612014772672110e-01,5.085516084504085876e-01
5.335637975011334744e-01,1.000000000000000000e+00,5.537814221643476698e-01,5.093353027544864631e-01,5.100134285991698713e-01,5.089381370504700852e-01
5.237101386053847341e-01,5.537814221643476698e-01,1.000000000000000000e+00,5.088447008262437787e-01,5.092906230389316891e-01,5.091248787890459981e-01
5.096226480743670795e-01,5.093353027544864631e-01,5.088447008262437787e-01,1.000000000000000000e+00,5.554099642868725040e-01,5.356969766004996414e-01
5.088612014772672110e-01,5.100134285991698713e-01,5.092906230389316891e-01,5.554099642868725040e-01,1.000000000000000000e+00,5.431779386498487572e-01
5.085516084504085876e-01,5.089381370504700852e-01,5.091248787890459981e-01,5.356969766004996414e-01,5.431779386498487572e-01,1.000000000000000000e+00
