1.000000000000000000e+00,5.546372738942912939e-01,5.372163558932657734e-01,5.093255463029465746e-01,5.090973563885086151e-01,5.087530637208363959e-01
5.546372738942912939e-01,1.000000000000000000e+00,5.613311863382131062e-01,5.087699482011960317e-01,5.098425222798387280e-01,5.091558474995389050e-01
5.372163558932657734e-01,5.613311863382131062e-01,1.000000000000000000e+00,5.087080858949430962e-01,5.094567701369503432e-01,5.103324175789267780e-01
5.093255463029465746e-01,5.087699482011960317e-01,5.087080858949430962e-01,1.000000000000000000e+00,5.489998635687644013e-01,5.412945543063781839e-01
5.090973563885086151e-01,5.098425222798387280e-01,5.094567701369503432e-01,5.489998635687644013e-01,1.000000000000000000e+00,5.638173120039712272e-01
5.087530637208363959e-01,5.091558474995389050e-01,5.103324175789267780e-01,5.412945543063781839e-01,5.638173120039712272e-01,1.000000000000000000e+00
