1.000000000000000000e+00,5.616904621520065755e-01,5.603765117798531481e-01,5.082157647324127003e-01,5.080472470257527684e-01,5.072040035432724414e-01
5.616904621520065755e-01,1.000000000000000000e+00,8.320566854020817749e-01,5.073127874449733232e-01,5.080771507070734883e-01,5.074015218754236445e-01
5.603765117798531481e-01,8.320566854020817749e-01,1.000000000000000000e+00,5.074271183507778060e-01,5.080363625304377129e-01,5.074927209207986678e-01
5.082157647324127003e-01,5.073127874449733232e-01,5.074271183507778060e-01,1.000000000000000000e+00,5.492872913301901638e-01,5.470223909715427046e-01
5.080472470257527684e-01,5.080771507070734883e-01,5.080363625304377129e-01,5.492872913301901638e-01,1.000000000000000000e+00,5.731682538372456781e-01
5.072040035432724414e-01,5.074015218754236445e-01,5.074927209207986678e-01,5.470223909715427046e-01,5.731682538372456781e-01,1.000000000000000000e+00
