1.000000000000000000e+00,5.319598588978219356e-01,5.144589554670345732e-01,5.111516230561061747e-01,5.087583397628868687e-01,5.073597905084049620e-01
5.319598588978219356e-01,1.000000000000000000e+00,5.314892979673863094e-01,5.077986384827934963e-01,5.095595206529589527e-01,5.073580311713556945e-01
5.144589554670345732e-01,5.314892979673863094e-01,1.000000000000000000e+00,5.072099054263033979e-01,5.109524679562186256e-01,5.091509075390211470e-01
5.111516230561061747e-01,5.077986384827934963e-01,5.072099054263033979e-01,1.000000000000000000e+00,5.244193345571995790e-01,5.237800945449647694e-01
5.087583397628868687e-01,5.095595206529589527e-01,5.109524679562186256e-01,5.244193345571995790e-01,1.000000000000000000e+00,5.345520643795279581e-01
5.073597905084049620e-01,5.073580311713556945e-01,5.091509075390211470e-01,5.237800945449647694e-01,5.345520643795279581e-01,1.000000000000000000e+00
