1.000000000000000000e+00,5.872075061195648482e-01,5.397561268436870119e-01,5.081999407414629077e-01,5.079295259852930622e-01,5.073280453237272170e-01
5.872075061195648482e-01,1.000000000000000000e+00,5.517261348940404320e-01,5.079808641780905187e-01,5.085626076594967904e-01,5.079116971412805936e-01
5.397561268436870119e-01,5.517261348940404320e-01,1.000000000000000000e+00,5.069601522891531431e-01,5.080811225796628694e-01,5.079121506401068631e-01
5.081999407414629077e-01,5.079808641780905187e-01,5.069601522891531431e-01,1.000000000000000000e+00,5.491319361594586557e-01,5.463309929035047308e-01
5.079295259852930622e-01,5.085626076594967904e-01,5.080811225796628694e-01,5.491319361594586557e-01,1.000000000000000000e+00,5.591612713469579221e-01
5.073280453237272170e-01,5.079116971412805936e-01,5.079121506401068631e-01,5.463309929035047308e-01,5.591612713469579221e-01,1.000000000000000000e+00
