1.000000000000000000e+00,5.756013683474474618e-01,5.310684294005088013e-01,5.078536203730943388e-01,5.086517978344661239e-01,5.076654231996499123e-01
5.756013683474474618e-01,1.000000000000000000e+00,5.518227927083837470e-01,5.075971118164251950e-01,5.088337862006514500e-01,5.083802361420246552e-01
5.310684294005088013e-01,5.518227927083837470e-01,1.000000000000000000e+00,5.070175644221341926e-01,5.086724425336940358e-01,5.094405736020983788e-01
5.078536203730943388e-01,5.075971118164251950e-01,5.070175644221341926e-01,1.000000000000000000e+00,5.310340408581351035e-01,5.288078631909446381e-01
5.086517978344661239e-01,5.088337862006514500e-01,5.086724425336940358e-01,5.310340408581351035e-01,1.000000000000000000e+00,5.609523152204085594e-01
5.076654231996499123e-01,5.083802361420246552e-01,5.094405736020983788e-01,5.288078631909446381e-01,5.609523152204085594e-01,1.000000000000000000e+00
