1.000000000000000000e+00,5.625552922476055873e-01,5.355942616771091069e-01,5.084649011610823388e-01,5.084129250986505477e-01,5.080588012881983584e-01
5.625552922476055873e-01,1.000000000000000000e+00,5.766982076855120543e-01,5.082180297581236905e-01,5.098796999077754855e-01,5.096167159168384364e-01
5.355942616771091069e-01,5.766982076855120543e-01,1.000000000000000000e+00,5.082742925435591586e-01,5.102756097951967051e-01,5.104952328016415519e-01
5.084649011610823388e-01,5.082180297581236905e-01,5.082742925435591586e-01,1.000000000000000000e+00,5.450634803126346295e-01,5.275240794440895220e-01
5.084129250986505477e-01,5.098796999077754855e-01,5.102756097951967051e-01,5.450634803126346295e-01,1.000000000000000000e+00,5.524818329351801616e-01
5.080588012881983584e-01,5.096167159168384364e-01,5.104952328016415519e-01,5.275240794440895220e-01,5.524818329351801616e-01,1.000000000000000000e+00
