1.000000000000000000e+00,5.522368775449523204e-01,5.255174532363013906e-01,5.107915601036466802e-01,5.091322742565761450e-01,5.078031066362211909e-01
5.522368775449523204e-01,1.000000000000000000e+00,5.580573049457994150e-01,5.089771624404487715e-01,5.099308900505205022e-01,5.099119875172960503e-01
5.255174532363013906e-01,5.580573049457994150e-01,1.000000000000000000e+00,5.077927704282892973e-01,5.100243515993636567e-01,5.102427867626636582e-01
5.107915601036466802e-01,5.089771624404487715e-01,5.077927704282892973e-01,1.000000000000000000e+00,5.322572404073855346e-01,5.225958023851774437e-01
5.091322742565761450e-01,5.099308900505205022e-01,5.100243515993636567e-01,5.322572404073855346e-01,1.000000000000000000e+00,5.647985222689926310e-01
5.078031066362211909e-01,5.099119875172960503e-01,5.102427867626636582e-01,5.225958023851774437e-01,5.647985222689926310e-01,1.000000000000000000e+00
