1.000000000000000000e+00,5.544977006293126953e-01,5.516211763294331938e-01,5.090484794320663253e-01,5.093185587534475589e-01,5.081374376930939407e-01
5.544977006293126953e-01,1.000000000000000000e+00,8.520925920604675019e-01,5.085274686213209216e-01,5.100921458986408252e-01,5.094674385878124045e-01
5.516211763294331938e-01,8.520925920604675019e-01,1.000000000000000000e+00,5.086121441412039257e-01,5.096921200328169421e-01,5.094161001988809501e-01
5.090484794320663253e-01,5.085274686213209216e-01,5.086121441412039257e-01,1.000000000000000000e+00,5.504180032581683646e-01,5.400798421658735693e-01
5.093185587534475589e-01,5.100921458986408252e-01,5.096921200328169421e-01,5.504180032581683646e-01,1.000000000000000000e+00,5.746676793834920582e-01
5.081374376930939407e-01,5.094674385878124045e-01,5.094161001988809501e-01,5.400798421658735693e-01,5.746676793834920582e-01,1.000000000000000000e+00
