1.000000000000000000e+00,5.336122841374927317e-01,5.224693836168753380e-01,5.111947392380128408e-01,5.104910847639286819e-01,5.081969685388090241e-01
5.336122841374927317e-01,1.000000000000000000e+00,5.679976763159745312e-01,5.080226047427789382e-01,5.097866825317972639e-01,5.094727482876860725e-01
5.224693836168753380e-01,5.679976763159745312e-01,1.000000000000000000e+00,5.071620486110016701e-01,5.085120825183125914e-01,5.107315663590695776e-01
5.111947392380128408e-01,5.080226047427789382e-01,5.071620486110016701e-01,1.000000000000000000e+00,5.458851924288200541e-01,5.229289712310670746e-01
5.104910847639286819e-01,5.097866825317972639e-01,5.085120825183125914e-01,5.458851924288200541e-01,1.000000000000000000e+00,5.311729284397325168e-01
5.081969685388090241e-01,5.094727482876860725e-01,5.107315663590695776e-01,5.229289712310670746e-01,5.311729284397325168e-01,1.000000000000000000e+00
