9.439204627407440828e-08,5.172755405097346753e+06
5.830081158100672337e-07,1.988079481476344168e+07
8.267400364150464899e-07,8.094813382919457508e+05
5.164221862716204408e-07,1.620162748259567888e+06
8.881264359612191140e-07,1.258301413040457107e+07
9.715487720211040708e-07,1.123068613449769095e+06
1.260371519149323604e-06,8.933834520084266551e+05
9.662720663040181900e-07,1.337170565695698606e+06
1.710444479402175959e-06,8.185180574647615431e+05
1.510034770769468097e-06,9.806181498599406332e+05
1.979733021206071370e-06,7.480730084891052684e+05
2.388196886591791947e-07,2.516215198943494819e+06
3.023248824321140676e-07,2.467999364194333926e+07
4.103376248799455414e-07,1.447716437778250780e+06
8.170259141186999735e-07,1.030889087974198512e+06
1.144294041716950795e-06,8.013437190185924992e+05
1.248932629068301251e-06,8.132293159628059948e+05
1.201576074633936282e-06,9.838895103912969353e+05
1.079724132668149637e-06,1.212040512810530607e+06
6.686679068837019488e-07,2.590382639898695517e+06
1.985881375256869309e-06,8.366666145491193747e+05
2.248847980155784713e-07,1.565863751571276039e+07
1.418374850654371206e-07,4.969865443674192578e+07
2.867417333114284700e-07,3.322694750875158235e+06
3.416570722874371067e-07,2.640238086914798710e+06
3.266126905828975297e-07,3.278646373112260364e+06
3.115540156143188108e-07,3.382034617897576652e+06
3.454794647330782781e-07,3.076161959140905645e+06
3.605167339096507140e-07,3.069132026006488129e+06
3.653778138657385725e-07,3.034378777619442903e+06
3.542421235223256192e-07,3.128575155869733077e+06
3.586128451510284660e-07,3.100213658308085985e+06
8.087976515497668322e-08,2.599981060155231133e+07
1.973560401714505561e-07,3.489086005378163885e+06
1.897754324337041052e-07,3.856569026033468079e+06
4.225091068263323379e-07,1.846844445063375169e+06
2.515924279191416638e-07,3.418170924325295258e+06
1.989911750442172485e-07,4.591240273478924297e+06
2.867417333114284700e-07,3.322694750875158235e+06
2.937892542142091591e-07,3.617079119808998890e+06
3.115540156143188108e-07,3.382034617897576652e+06
3.454794647330782781e-07,3.076161959140905645e+06
3.542421235223256192e-07,3.128575155869733077e+06
3.605167339096507140e-07,3.069132026006488129e+06
1.973560401714505561e-07,3.489086005378163885e+06
1.897754324337041052e-07,3.856569026033468079e+06
4.027905209060643170e-07,2.251257684512974229e+06
3.947971717752235285e-07,2.299691131824028678e+06
4.287481100625254286e-07,2.103159724747050088e+06
4.138456253534355368e-07,2.316025252297698520e+06
3.571444640989368106e-07,2.801811705306493677e+06
4.526701789176688777e-07,2.154472633543876000e+06
1.852238479918082874e-07,5.327217393092220649e+06
3.101134316623968318e-07,3.356556001608705614e+06
4.198819786109343720e-07,2.509224333300738595e+06
3.694228589476836751e-07,2.519522435975930095e+07
4.739660931654584270e-07,1.652058046310846461e+06
3.759445220073861891e-07,2.216642170369539876e+06
3.947971717752235285e-07,2.299691131824028678e+06
3.835941987170600732e-07,2.326428484246439766e+06
4.027905209060643170e-07,2.251257684512974229e+06
3.918979046404907151e-07,2.335061863974954933e+06
4.050761194234101994e-07,2.424945402255618013e+06
3.772786447308909183e-07,3.164974270165597089e+06
4.257642161754926430e-07,3.039791078006507829e+06
7.250419283274081898e-07,2.040295632127219578e+06
2.994869476790927637e-07,5.181371786540943198e+06
3.759445220073861891e-07,2.216642170369539876e+06
2.741399264250192569e-07,3.078619884582808241e+06
3.264800851695479247e-07,2.550355854630730115e+06
3.835941987170600732e-07,2.326428484246439766e+06
3.652723934491403713e-07,2.724862811962882522e+06
5.016234784757298391e-07,2.082810767968422268e+06
3.783973569115810313e-07,2.839585554461787920e+06
2.947575105336884021e-07,3.951114992237132508e+06
4.243115590472079087e-07,2.775993324901880696e+06
4.661951057808865664e-07,2.512891928452488966e+06
3.556371958664324000e-07,3.526323782268874347e+06
6.981854872386488010e-07,2.013759573298727395e+06
7.216460200144191166e-07,2.050433448446083814e+06
3.305778103741897047e-07,2.337717509089873172e+06
8.447865785829377728e-07,9.834244425413681893e+05
5.830452276644932379e-07,1.513918753539121943e+06
2.592050848558125076e-07,3.512127754403209779e+06
6.875503080724321610e-07,1.341555619801870314e+06
3.667151843811515824e-07,2.671014912547061220e+06
7.451943202713232001e-07,1.264328537851075176e+06
6.258691631685973155e-07,1.562925527614842635e+06
3.867609004936727048e-07,2.752471357183633838e+06
6.605641024797349877e-07,1.781523506417634664e+06
7.190394466279192490e-07,1.751674790983387968e+06
4.817705322245654044e-07,3.039217574030866846e+06
6.867494778263623131e-07,1.207462631503219716e+06
7.671760885114590491e-07,1.176640877913339064e+06
6.626796572715923550e-07,1.450207893703188282e+06
7.670472841131552612e-07,1.279371890324592125e+06
7.314374537800648440e-07,1.339269862472147681e+06
7.689811963844085837e-07,1.274160256576925982e+06
4.452687625989848794e-07,2.175678832423512358e+06
6.879647299646985055e-07,1.491034383701420622e+06
7.079766596078236112e-07,1.444063537957310444e+06
6.866396431511840933e-07,1.549549377346675377e+06
7.104157945244773158e-07,1.493012813343519811e+06
6.840591571077685428e-07,1.633610209589978447e+06
8.411930515951715983e-07,8.749101768779550912e+05
4.899238433354651221e-07,1.912932233936531935e+06
1.145341696187498706e-06,8.588520178443084005e+05
6.879647299646985055e-07,1.491034383701420622e+06
4.328829600358375269e-07,2.333299016632588115e+06
6.425285623483088899e-07,1.637056931297178147e+06
7.104157945244773158e-07,1.493012813343519811e+06
6.866396431511840933e-07,1.549549377346675377e+06
6.840591571077685428e-07,1.633610209589978447e+06
8.024929000361691730e-07,1.393261069690230303e+06
1.429641970782047132e-06,8.084747533670386765e+05
6.938548868163686324e-07,1.750401570952143054e+06
1.255311195545670406e-06,1.181363905184833100e+06
2.230321493750212097e-07,2.684715049103945959e+06
4.187882523642464733e-07,1.572185946195487631e+06
4.527108199534374262e-07,2.546507514448038489e+07
1.127226082667641895e-06,8.106108331932395231e+05
7.188052162248861617e-07,1.303712509460172849e+06
1.181062732554977813e-06,7.978302560621075099e+05
8.357767066697328569e-07,1.275881568117598072e+06
5.498074167495275119e-07,2.105182848156642169e+06
7.684981263645963432e-07,1.531767739396109479e+06
1.226753449430077870e-06,9.856168068774701096e+05
1.238378492751950731e-06,1.133265548304952215e+06
1.239944304568079553e-07,4.995493774986639619e+06
2.187180296342457104e-07,3.271171670037520118e+06
3.122743381957947258e-07,2.149940571216909681e+06
1.953641516692119524e-07,3.893023555169016123e+06
4.025880697330367555e-07,2.091415575617687777e+06
3.632851860113730849e-07,2.843056337084452622e+06
4.437616710202064188e-07,2.267455367597996257e+06
5.148368646747965557e-07,9.233052755951538682e+06
4.479243895544698745e-07,2.992324019013968296e+06
1.208507742288539949e-06,1.298593409496079199e+06
1.079514540234620941e-06,1.549161455531093059e+06
1.277097659257363019e-07,9.462650081739788875e+06
1.642086505338363070e-07,5.076073705226941034e+06
1.904663298208936515e-07,4.348773295763554052e+06
3.108195505030059451e-07,2.707105697413756046e+06
2.240746701640566702e-07,4.019016792699772865e+06
2.578974605324999653e-07,3.919753653389791492e+06
3.449298361623312633e-07,3.005424490674541332e+06
2.435515198629909801e-07,4.244771837195473723e+06
3.995233210145965448e-07,3.047496451078297570e+06
3.808748286662622849e-07,3.337976944591774140e+06
5.135270674254879111e-07,2.895167624349921942e+06
2.336009863590969220e-07,2.553482947801603004e+06
1.580526035540686378e-07,5.551666814139457420e+06
3.757064943284739322e-07,3.789975369322366547e+06
3.316529700314211196e-07,2.354499592633979861e+06
3.993342340103725763e-07,2.093170638991289772e+06
2.298283552858525256e-07,3.763317255838211626e+06
5.630876302520381216e-07,1.646413835663028993e+06
2.174983476962213461e-07,5.720806632996028289e+06
4.300250827020882398e-07,3.042597675324307755e+06
3.533192885984048499e-07,3.782700158438787330e+06
7.090282534762818675e-07,2.264076699967591558e+06
1.680488159833158786e-07,5.812925819856544584e+07
2.336009863590969220e-07,2.553482947801603004e+06
4.745724713223027704e-07,2.012953106501033762e+06
4.620653694169595292e-07,2.070068892809948884e+06
5.494193825221419068e-07,1.762457594349020394e+06
4.381633807945026434e-07,2.315677597277688794e+06
2.760790748040966855e-07,3.587664835273814388e+06
5.447592649648101184e-07,1.877834315227231476e+06
2.789496437990907452e-07,3.580765632233635988e+06
2.956008852192725912e-07,3.747147024237683043e+06
8.019156032214523781e-07,1.654068264915948734e+06
2.156746354116288460e-07,4.350305316894643009e+06
3.273631336215057372e-07,2.014248569476321340e+06
4.968553558247217836e-07,1.807065486368963262e+06
6.021609078503641109e-07,1.606417516443043947e+06
5.531470460151125812e-07,1.788097019835708663e+06
4.939733540820511941e-07,2.111838001151668839e+06
5.571698083445975642e-07,2.144309052138231695e+06
5.411748904323196589e-07,2.171900243959919550e+06
6.420598884146616284e-07,1.924217276044819504e+06
9.094144508728306435e-07,1.542931583989695180e+06
1.064915648320449053e-06,1.472129822373409756e+06
2.355715813631047625e-07,3.846585766955032200e+07
7.235751637170544194e-07,1.264226861643781886e+06
3.250689863603095114e-07,3.026210808894073591e+06
7.812995626292577466e-07,1.249749444210533286e+06
4.939733540820511941e-07,2.111838001151668839e+06
4.299143819660543375e-07,2.669462751227768138e+06
4.877854028574247701e-07,2.322535480003651232e+06
5.655196765090317952e-07,1.981051620157118887e+06
5.621228501685657989e-08,2.104818887910964340e+07
5.822083721807217790e-07,2.287571122614162974e+06
9.007835879175150736e-07,1.645504367989547784e+06
8.473158620658826106e-07,1.746847504410854541e+06
3.156712132898081670e-07,5.525985319595848210e+06
2.948383910298378457e-07,3.870040916821781546e+06
1.582698983425568273e-07,3.857752010648713913e+06
6.044414890514263675e-07,1.308329723972165957e+06
4.738416439682428235e-07,1.670347888051698450e+06
3.664391630163954069e-07,2.305598509554848541e+06
7.025323723985335082e-07,1.361599708858624799e+06
8.964288437312588156e-07,1.327619327242872212e+06
9.137076608232037689e-07,1.422319389601845527e+06
8.607203304318273756e-07,1.523360689834133256e+06
1.312186152380094035e-06,1.140114891320054885e+06
1.591627214672569754e-06,9.846059366567083634e+05
1.626811157735222436e-06,1.021778392398346215e+06
5.290370694773573155e-07,9.540714293262057006e+06
5.095770559701782485e-07,1.435219346271832241e+06
1.429569799249962461e-07,4.789139928412512876e+06
4.664025630024731514e-07,1.934701439915176714e+06
1.098939209095412976e-06,8.065993616560319206e+05
1.180023539197883494e-06,7.965951190974302590e+05
1.103700735361717515e-06,8.591682318433726905e+05
1.168720031480009395e-06,8.347628297031951370e+05
6.859599037126684301e-07,1.459976227818751941e+06
7.441304453208240054e-07,1.578275924410545267e+06
1.204791631055503863e-06,1.228784880705386633e+06
1.573477186387678710e-07,4.761520708617755026e+07
1.819130941703463917e-07,4.316898764625716954e+06
2.467101528953526158e-07,3.350355336752064060e+06
2.631822846587991232e-07,3.473028503478601109e+06
4.386037217911564286e-07,2.115715932039260399e+06
2.620103539735218711e-07,3.599865611986387055e+06
5.023624086982286937e-07,2.106223069805055391e+06
7.771207239291391748e-07,1.440695560681671370e+06
5.866765135144821609e-07,1.958123129460939905e+06
1.188864263363924554e-06,1.319701682519908762e+06
3.850043356558431803e-07,4.881634423320386559e+06
8.037341408960076717e-08,7.591759650982530788e+06
1.876334137679814925e-07,4.047436327675980050e+06
1.559077026824719420e-07,4.485778848966590129e+06
1.075205886608045364e-07,2.850456401337298378e+07
2.421542107308110865e-07,3.552114682824029122e+06
2.631822846587991232e-07,3.473028503478601109e+06
2.620103539735218711e-07,3.599865611986387055e+06
2.374726433027017560e-07,4.083717693588526454e+06
1.715606086300034036e-07,6.502628375020254403e+06
6.659823285554265154e-07,2.387934485441820696e+06
9.277325775097854433e-07,1.789880629023442743e+06
1.738354733725625348e-07,2.758667736101714894e+06
9.297829043423502074e-08,5.974533022012326866e+06
2.204690742127572237e-07,4.024892442167197820e+06
4.789556117018592384e-07,1.744095012293886160e+06
7.229348091018702736e-07,1.338256395835653646e+06
6.178201075308226577e-07,1.637376728012964595e+06
7.020508579375688597e-07,1.621902224122214364e+06
7.235607116007865334e-07,1.642256101275089895e+06
7.477608909930537704e-07,1.706785201124440180e+06
1.300760563886624630e-06,1.137978575956866844e+06
2.020605846671534026e-07,3.080229111575338989e+06
4.613235186181360649e-07,1.763727411296881270e+06
6.792870308108522156e-07,1.253619801852555713e+06
8.234986582679557341e-07,1.092798801533952588e+06
9.424897945966073501e-07,1.078562828188092448e+06
7.020508579375688597e-07,1.621902224122214364e+06
5.516384461149285630e-07,1.988459780286972411e+06
7.566183959222022602e-07,1.586020609788955888e+06
7.235607116007865334e-07,1.642256101275089895e+06
7.584402822917717462e-07,1.812990493118695449e+06
5.432270266599653365e-07,2.514947889568261337e+06
1.300760563886624630e-06,1.137978575956866844e+06
1.458400260635832031e-06,1.013233880830312963e+06
5.676020207086806990e-07,9.337476816919387784e+05
2.960089983905576076e-07,1.622461939258386008e+07
8.234986582679557341e-07,1.092798801533952588e+06
6.167296480415220162e-07,1.428221688994782045e+06
9.556247151296652669e-07,9.992808895644762088e+05
1.046355529502876249e-06,9.350002557697065640e+05
9.424897945966073501e-07,1.078562828188092448e+06
2.322010676417030096e-07,4.131939527264039963e+06
8.822869198158431710e-07,1.238501625357049517e+06
8.413737530018298869e-07,1.555037161824825453e+06
1.556190385763022506e-06,1.007161418002936291e+06
1.556495909070875195e-07,1.484644636833202280e+07
3.635670670515447810e-07,5.823195693961804733e+06
5.676020207086806990e-07,9.337476816919387784e+05
7.287611715656244435e-07,8.832066354223981034e+05
1.037212047969937609e-06,8.875893608813624596e+05
1.134896435861472758e-06,8.274873872905694880e+05
7.891698315178440090e-07,1.379634420562710613e+06
9.859033658182954333e-07,1.149014454877733951e+06
8.322649708394581883e-07,1.356827703627056442e+06
9.175414505648249833e-07,1.293637515224682866e+06
1.744454216812578321e-06,8.032754256497093011e+05
1.433762875788368129e-06,1.033228764834450674e+06
1.447550632334521453e-07,7.207009774114182591e+07
3.620988084040841188e-07,2.096515861293260707e+06
2.985736592596987576e-07,2.695388230049564503e+06
2.570580610026669967e-07,3.131374050610715058e+06
6.106454010726782576e-07,1.595921577691138024e+06
7.891698315178440090e-07,1.379634420562710613e+06
8.322649708394581883e-07,1.356827703627056442e+06
7.750319586538195251e-07,1.491140096727708820e+06
9.383795327536340774e-07,1.265537727012446150e+06
1.273960999040586091e-06,9.144457662710545119e+05
1.433762875788368129e-06,1.033228764834450674e+06
1.683573320479897164e-06,9.879954040632654214e+05
2.278878270947883237e-07,1.142855777675677836e+07
4.736986602934227707e-07,1.781077327203386696e+06
4.562005709645578937e-07,1.841534485270493897e+06
2.919842523320913539e-07,3.230759882025219966e+06
2.253223238672468505e-07,4.134808418801591266e+06
2.684872315216232754e-07,4.139167398866149038e+07
1.745708587788304595e-07,6.170069287134489045e+06
4.678232750693847945e-07,2.401132420829005539e+06
3.982822982402305230e-07,3.017007386726253666e+06
5.692356027645204650e-07,2.216546196752033196e+06
3.123992474370556994e-07,4.163969535555685870e+06
6.737996346239682574e-07,2.085686088476168923e+06
4.182034432397114043e-07,1.303724506121317390e+06
4.082556032788798958e-07,2.389843718480082694e+06
5.216494908411210465e-07,1.873278553661444457e+06
5.138210803296425431e-07,1.983838400283839554e+06
4.662684449305087581e-07,2.214036631731256843e+06
4.376110906105439382e-07,2.298036777527437545e+06
4.962875849252954860e-07,2.141322020622411277e+06
3.793750299123892352e-07,2.818046992579654790e+06
6.720850112568587570e-07,1.628216432291533798e+06
4.509063605723828153e-07,2.773264196828962304e+06
4.693166173333709724e-07,2.780498259415200911e+06
3.610189199537735335e-07,3.801842361286785919e+06
8.568360664335023154e-07,1.726025163734413451e+06
1.853844446022618761e-07,3.339624783041985240e+06
3.354871169261293758e-07,2.224064055843416601e+06
3.909302564367143019e-07,2.170480700401240028e+06
5.755127601817923844e-07,1.487863481321225874e+06
5.169869851511930460e-07,1.730243932215449866e+06
2.096936159017191194e-07,4.508511815829261206e+06
5.138210803296425431e-07,1.983838400283839554e+06
4.962875849252954860e-07,2.141322020622411277e+06
4.963149690039985259e-07,2.495998823865871876e+06
4.509063605723828153e-07,2.773264196828962304e+06
2.605124014342946196e-07,6.265204881055858918e+06
8.488718631694743905e-07,1.846154362889170647e+06
2.207318861476368940e-07,4.983132761892922223e+07
3.352515468888483541e-07,1.927908805700255791e+06
1.900779331292343164e-07,4.066041610156679992e+06
3.083498006256289581e-07,2.130177079678345472e+06
5.576220776875467051e-07,1.596098711784847779e+06
6.554875123551022871e-07,1.540830705606847769e+06
4.113420963668448434e-07,2.681147029250022490e+06
3.939473792462720489e-07,2.814878668269178364e+06
4.429897492844853469e-07,2.996382130670048296e+06
5.027750589602355382e-07,2.602582252107645851e+06
9.178047857921237382e-07,1.705892229693362955e+06
4.296129061919600065e-07,1.250348450097400928e+06
2.940379739405020373e-07,2.065151772553594783e+06
3.100338771468816665e-07,3.671099722264923155e+07
3.925247706423974788e-07,2.209379236162429675e+06
6.094405329221373543e-07,1.627719015391151188e+06
6.083484827098889598e-07,1.669938436531605432e+06
4.961555897281427185e-07,2.058753023682761472e+06
6.699573212945361410e-07,1.584301243057121290e+06
5.784621691241223415e-07,1.853170829607703257e+06
7.103437808053858135e-07,1.628330461647722637e+06
6.927947159967517936e-07,1.833258261926706415e+06
2.380727373738403100e-07,2.796805753021131735e+06
5.282853735170107777e-07,1.707254851462933002e+06
1.716364063742586552e-07,4.531177415585123934e+06
8.202020917459947948e-07,1.057636975747515215e+06
5.775934825858583358e-07,1.713919194382456364e+06
3.029936191237310665e-07,3.361059846304664854e+06
5.997160118774453559e-07,1.707249950624073623e+06
6.575276905821243695e-07,1.537827822483495343e+06
3.829646008397984322e-07,2.648178238167313393e+06
4.581651228938318544e-07,2.447398578873177990e+06
3.513414202554159403e-07,3.398357071368776262e+06
7.268453881889378714e-07,1.931874027282598196e+06
3.092744952923168565e-07,1.366605643072125874e+07
2.268719722854560052e-07,2.991609618347107898e+06
4.149828313139083721e-07,2.753269055509700626e+07
5.595545086284892871e-07,1.452350650466413470e+06
5.087451077512031715e-07,1.654551900412221439e+06
7.147045373061880715e-07,1.190559713307464728e+06
7.496864869984758703e-07,1.314246524254896212e+06
7.319715329364370708e-07,1.503943134198121494e+06
8.089299054168875451e-07,1.362652811794033041e+06
1.063074377468022495e-06,1.255568892252389574e+06
3.799206862592673390e-07,1.785756596280750586e+06
4.681850218949759682e-07,1.724413638622915838e+06
5.002639475919226958e-07,1.593124951950805495e+06
3.930100045702908834e-07,2.122708294688326772e+06
7.413897304281497671e-07,1.197167828737351345e+06
5.184532155406000407e-07,1.748942613834116142e+06
4.272415769309190196e-07,2.262859037669133861e+06
4.507678712518123193e-07,2.181406959168931004e+06
4.816562790498196074e-07,2.135994978378013708e+06
8.186197315538032545e-07,1.549941936508544721e+06
7.550765552707220591e-07,1.765392947907685768e+06
3.919241582816692924e-07,1.575514626973238774e+06
3.361619146190386987e-07,2.055626312304747757e+06
5.002639475919226958e-07,1.593124951950805495e+06
4.681850218949759682e-07,1.724413638622915838e+06
1.117371463721100131e-06,9.507758409066979075e+05
1.084342764179618897e-06,9.852191737571083941e+05
6.893855510084323344e-07,1.650152071801559068e+06
8.496044309002719991e-07,1.292194755871043308e+06
1.100623577780717438e-06,1.129608263165808283e+06
1.054171246009497876e-06,1.184159667657861952e+06
2.712683404224672976e-07,5.155471980098051950e+06
1.956858682706019006e-06,8.006566676597993355e+05
7.119232704404110107e-07,6.780912886336966185e+05
1.225791000196473257e-06,7.175859624698874541e+05
1.257207032363866190e-06,7.483015043530691182e+05
1.365909450609343535e-06,7.198134561544002499e+05
1.432434973445785350e-06,6.826972370851739543e+05
8.620242225416522133e-07,1.184174397173260804e+06
1.084342764179618897e-06,9.852191737571083941e+05
1.117371463721100131e-06,9.507758409066979075e+05
1.150718314286472044e-06,1.035481048396585858e+06
1.120246974982876515e-06,1.114324002911366522e+06
1.231185206111412019e-06,1.030257852726840065e+06
2.132953273011192229e-06,6.935062911547329277e+05
3.662057746691295762e-07,3.149405182846732810e+07
8.591694061256402375e-07,8.449135819604842691e+05
9.633436303054771730e-07,8.961884603379628388e+05
8.564634924783286066e-07,1.023889833243564586e+06
1.458638954068889356e-06,6.495337685692145023e+05
1.541562494850181887e-06,6.107894435188950738e+05
9.237741124949513744e-07,1.012815629135558032e+06
8.431276035657848621e-07,1.172254647046782542e+06
1.019866322489155160e-06,1.064763895598409930e+06
9.307785049358827861e-07,1.401547884242855944e+06
1.766360088674095922e-06,8.377312570395231014e+05
8.999102201337211114e-08,8.092111359686744399e+06
3.119747021244836846e-07,2.400661248343219049e+06
3.189656961566325993e-07,2.494272401582987979e+06
2.573968167410695552e-07,3.690629668853503186e+06
5.217516944158439705e-07,2.155599952081565931e+07
4.032809767318266085e-07,8.177002162573806010e+06
8.380188299305372369e-07,1.277296483583801892e+06
4.532268007363636209e-07,2.454600815522402525e+06
7.118020171705458676e-07,1.693591361541297287e+06
6.162650973704989353e-07,2.101261735949278809e+06
1.185839478611689073e-06,1.185654754107943503e+06
1.007933602918238815e-06,1.468828579257412115e+06
1.055734856581139621e-07,6.175646417719667777e+06
3.704896429500543908e-07,1.963312035773791838e+06
3.600170876769354816e-07,2.191557404073617887e+06
5.656626452842688730e-07,1.565010975990691921e+06
4.005035393191846126e-07,2.360561996718894225e+06
6.321104912253450635e-07,1.786918878130683908e+06
6.611152632995222872e-07,1.693348605212957598e+06
6.525803928276630278e-07,1.809435261405664030e+06
6.578085634961683034e-07,1.753683405150169739e+06
4.975517370195984957e-07,2.413478397598233540e+06
1.011630739114233610e-06,1.464624476165301166e+06
1.104460502237033540e-06,1.419946304913686356e+06
4.661689143578104629e-07,1.096293831774605205e+06
5.248656796270580242e-07,1.222364001062999247e+06
6.622196802610614973e-07,1.710935706908654049e+07
3.038444485904737496e-07,2.531049794103446882e+06
6.742851743352265783e-07,1.315689985486347927e+06
7.736555076878586889e-07,1.163057380015952978e+06
4.135080987140281124e-07,2.196751950946293306e+06
6.771554059808752349e-07,1.372234575209468603e+06
7.436974098576842743e-07,1.272939601146236295e+06
1.006316471859095263e-06,1.144934967195107602e+06
4.661689143578104629e-07,1.096293831774605205e+06
6.669878991599967624e-07,8.191833774783815024e+05
3.038444485904737496e-07,2.531049794103446882e+06
9.544837833072254866e-07,9.602985400498390663e+05
1.062403828775302703e-06,8.802360444386333693e+05
1.328606189152989162e-06,7.336712437046840787e+05
1.188145496920209370e-06,8.364701085642529652e+05
1.041035634910998494e-06,1.101030393625394441e+06
3.455270026514228922e-07,3.414986977732408792e+06
1.152319789953640368e-06,1.076702325963884825e+06
1.995032627701564612e-06,7.855592895152081037e+05
1.377848802223552815e-07,1.692951505790691823e+07
2.493889390183298469e-07,4.019158522306752205e+07
2.742876681910205550e-07,1.870062259360613069e+06
4.043972091448003702e-07,1.810746805704330793e+06
5.829215721479702695e-07,1.433995371289493516e+06
1.097371541700629725e-06,9.975933766458550235e+05
1.144332138574926052e-06,1.027133974408971262e+06
8.904417270111564192e-07,1.320305280302102445e+06
6.980593851977998595e-07,1.796796107876213267e+06
1.019946031095307062e-06,1.352896970128309214e+06
1.759897654416929776e-06,7.968317347167914268e+05
1.414437536058231358e-06,1.047360959548058920e+06
2.009520995444791420e-06,7.360675750386365689e+05
1.385823511023513511e-07,5.866637451433440670e+06
2.829650191596238179e-07,2.946961932828412391e+06
1.647228019923759442e-07,6.914766180662313104e+07
1.691821841174077049e-07,4.382272731586791575e+06
4.462116632043592657e-07,2.145463367836655118e+06
3.550389709540907160e-07,2.752301036226323806e+06
2.502796491067227491e-07,4.300654390439434908e+06
2.628182948238629159e-07,4.231297447495579720e+06
4.752271225191371133e-07,2.283538331645590253e+06
4.329161739183679733e-07,2.918708664616249502e+06
6.614083896837771643e-07,2.053394085508039687e+06
3.257749508962597967e-07,4.134091763582001906e+06
2.873971885252325935e-07,2.241487554829149041e+06
2.709108729667030014e-07,2.630992311962180771e+06
5.671844392531562668e-07,2.241373631789748091e+06
3.859968630123305677e-07,2.540171119447140489e+06
1.789362773120986405e-07,5.928780236551281065e+06
8.639199563659002027e-07,1.329028755241462030e+06
7.612519791409037152e-07,1.456679797959082760e+06
5.441523377433923444e-07,2.032064120479202131e+06
5.900980039946480577e-07,1.982053141524734674e+06
9.233622295139431867e-07,1.288022647361930693e+06
7.953512322538453524e-07,1.455684145543659339e+06
1.603864707189123814e-06,1.035758020794877782e+06
5.343788328262111796e-07,1.417747177550104912e+06
3.947269166429146543e-07,1.873206069876033580e+06
9.258263699849808752e-07,7.870693522333381698e+05
6.462301305508796088e-07,1.273225230924002361e+06
6.690586642409676994e-07,1.284152134320690297e+06
7.158022708100426673e-07,1.491517253056469839e+06
5.839174415744518008e-07,1.858626759645020589e+06
4.946299110734173988e-07,2.241142692146635149e+06
8.639199563659002027e-07,1.329028755241462030e+06
8.729051918605880402e-07,1.432503724457182689e+06
1.043457019962745364e-06,1.343043058640991338e+06
1.622924434333359630e-06,9.652791531737986952e+05
5.343788328262111796e-07,1.417747177550104912e+06
4.553385511284536426e-07,1.753512477278253296e+06
4.887080257825512629e-07,1.726650165739634307e+06
4.071578063752165736e-07,2.080219139510604786e+06
3.853681081504235569e-07,2.172165953001139686e+06
6.690586642409676994e-07,1.284152134320690297e+06
4.176650277450656587e-07,2.166509215829622932e+06
3.256334662470771396e-07,3.001045190479493700e+06
6.108836203928136773e-07,1.698798995486079250e+06
4.661620100062709807e-07,2.489553861157114618e+06
1.036320428071360113e-06,1.352865155973284505e+06
2.630997443527189101e-07,2.187677128171143588e+06
1.792734521831708138e-07,3.972465460603779182e+06
2.894853424786617837e-07,3.270722520765571389e+06
3.556706499397156956e-07,2.662942513454385102e+06
2.918426768796042401e-07,3.223939540197364986e+06
3.700031684320408099e-07,2.708296643686022609e+06
3.517859953320158249e-07,2.804906356430240907e+06
3.964481738611297159e-07,2.737803079702582676e+06
3.291771969283367081e-07,3.301752064733841922e+06
3.322686074899287530e-07,3.565386916274456307e+06
6.829385069047964449e-07,2.168441437419420108e+06
5.835656664092320888e-07,2.539289600078136194e+06
5.573935761617315630e-08,4.107180500050858408e+07
4.407899967547033819e-08,1.990623383517778292e+07
1.580918941251158419e-07,3.267006690915608779e+06
3.222350860973352766e-07,3.247181301668808330e+06
3.855265447092381522e-07,2.852674072701069061e+06
4.811216170646954224e-07,2.290780879168335348e+06
2.502280379646033547e-07,4.461056922590759583e+06
2.637078835777923750e-07,4.185344440839037299e+06
4.435810271590268612e-07,2.515134454845400527e+06
4.110978381874385586e-07,3.009246596037102398e+06
6.926636126441907743e-07,2.260240079618297517e+06
3.762033955639071296e-07,1.336138691896035103e+06
5.380368473502392462e-07,1.476602176468328806e+06
3.010566031981098192e-07,2.782166249980002176e+06
6.028462122633946344e-07,1.431271195292186923e+06
5.398432014103123019e-07,1.745626543988451594e+06
5.489864826990862995e-07,1.781209267968955450e+06
4.888125589072377288e-07,2.085623628274834948e+06
4.879637621522114746e-07,2.097465416267650668e+06
5.869724959373913705e-07,1.930257126923172735e+06
4.435810271590268612e-07,2.515134454845400527e+06
4.811216170646954224e-07,2.290780879168335348e+06
4.373144846029986289e-07,1.428835007531869970e+07
5.943245844897413173e-07,1.352361972006110707e+06
3.537108891485214612e-07,2.385309203060723841e+06
2.129929626020979135e-07,4.316737316843559034e+06
5.171908730601046420e-07,1.840946219830016606e+06
6.129237920954966150e-07,1.516007116086081369e+06
4.254226511751391911e-07,2.437383789779130369e+06
5.030252216033704738e-07,2.216095138756573200e+06
5.407899999084051531e-07,2.204773694540586788e+06
5.273173114663937309e-07,2.370660808459414635e+06
7.900722272171612599e-07,1.777033986935328692e+06
1.005484158682178389e-06,1.471358206288487650e+06
4.173919731039467493e-08,5.368920687564789504e+07
1.566597645654191014e-07,3.496709495270725340e+06
2.532830791432701712e-07,2.220682313183193095e+06
3.061810733536376656e-07,1.923181800645264797e+06
1.852525442909359764e-07,3.404272959952241741e+06
2.319451766286874741e-07,3.700206529611759353e+06
5.343602498692480060e-07,1.711054841407802422e+06
3.421508475803449202e-07,2.687482817447882611e+06
5.980901785218616455e-07,1.622027425853813998e+06
5.098668391277736169e-07,2.458374059099946171e+06
9.939122529862172959e-07,1.577255964887182228e+06
1.339035243194380410e-07,3.492392445006733760e+06
1.852525442909359764e-07,3.404272959952241741e+06
1.978286461419576700e-07,3.850957925544406753e+06
1.746347476015051054e-07,3.894403240312104579e+06
9.138515966671501350e-08,9.027397495462268591e+06
1.360934934393946238e-07,5.841254782047663815e+06
2.037384115806165508e-07,5.349557709369741380e+06
2.487856643097153610e-07,4.608698475215824321e+06
2.818302039370552631e-07,4.152880575543432496e+06
2.848686414113474981e-07,4.509053863324732520e+06
1.282063370892959685e-07,3.405993931628547609e+06
1.379146143832541957e-07,5.537260466593679041e+06
1.791726646022031142e-07,4.761262912372625433e+06
8.809648802193634701e-08,9.676603988105840981e+06
2.400729410954446580e-07,4.166365807163572405e+06
2.835419670247126080e-07,3.916944440550535917e+06
2.739583956062558917e-07,4.063957648923759814e+06
2.755449928221267847e-07,4.450544568137507886e+06
3.064413465265548507e-07,3.941833834064611234e+06
3.679853065951385514e-07,3.933530917938081082e+06
3.157149737721246354e-07,4.656269092134295031e+06
6.282327429295967974e-07,2.809585074246697128e+06
1.518328515516791455e-07,1.516001624083238281e+07
2.983534769057011799e-07,1.771858716988943750e+06
4.756563622900771769e-07,1.131262994293976342e+06
3.136809428918306831e-07,1.894931467570600333e+06
6.649449733071662918e-07,1.471458586540973512e+06
7.769011558229777238e-07,1.306047527699714294e+06
5.317735779620858645e-07,1.948780820913840318e+06
6.065293003486783805e-07,1.846113723864611704e+06
6.521841767951132837e-07,1.701259622699382016e+06
7.098242026505039216e-07,1.649216859480495797e+06
2.189442504370740154e-07,5.269727129962931387e+06
6.248966490883102368e-07,1.864684246336541604e+06
5.082994646729422986e-07,1.063948830947767943e+06
5.039192340468312366e-07,1.218652992389051011e+06
4.215507933779103445e-07,1.441451456546852365e+06
4.307099089586511446e-07,1.048254144767986983e+07
6.034710964170863242e-07,1.535731157123532379e+06
7.515653835749650447e-07,1.415189188740822254e+06
6.521841767951132837e-07,1.701259622699382016e+06
6.065293003486783805e-07,1.846113723864611704e+06
6.500407141685443218e-07,1.705637184577648528e+06
7.396952170696170029e-07,1.505481344446239062e+06
7.670963621603130208e-07,1.659251361860832898e+06
4.337197660325672457e-07,1.460430668684712145e+06
4.001814930803878109e-07,2.124752248584835324e+06
4.535850314843118413e-07,1.980226087565890513e+06
5.239910490562990135e-07,1.892265125195747940e+06
5.738898357914872756e-07,1.700893951420646627e+06
5.521596318328406726e-07,1.846953287812827155e+06
5.681082819927724643e-07,1.789446297879358754e+06
5.539339895422719243e-07,1.916532946947040036e+06
5.511598491337162754e-07,2.018410768345838645e+06
5.075610656032387849e-07,2.171899986518052407e+06
4.380742970166826591e-07,2.685223604824806564e+06
3.457177199441439898e-07,4.221101214415019378e+06
8.033546547836391205e-08,2.858715668336137384e+07
2.469922105522784913e-07,1.810613039422777481e+06
2.274086217861423394e-07,1.391172896540402249e+07
4.001814930803878109e-07,2.124752248584835324e+06
4.535850314843118413e-07,1.980226087565890513e+06
3.350401654603944128e-07,2.839004798031216487e+06
3.569036906246310711e-07,2.634258487039576285e+06
5.239910490562990135e-07,1.892265125195747940e+06
5.738898357914872756e-07,1.700893951420646627e+06
5.064547700934345936e-07,2.314304433775818441e+06
7.674259504580248703e-07,1.826434003476968734e+06
2.469922105522784913e-07,1.810613039422777481e+06
2.704097821983245597e-07,2.384793649765854701e+06
2.063370110822973938e-07,3.265667385552994441e+06
3.236371134014909314e-07,3.066510788257268257e+06
4.769827587832481627e-07,2.256731686679424718e+06
6.081718642174811729e-07,1.745799870692978147e+06
5.353777811695977718e-07,2.056570867981881369e+06
4.283653449552892257e-07,2.570916314151437953e+06
5.976023396451933790e-07,2.083159175332588609e+06
5.590410513414110382e-07,2.341077889856305905e+06
7.813164845481426697e-07,1.713939764385093469e+06
1.025254660170781551e-06,1.620068682154717157e+06
2.837438693394224379e-07,4.366639189764900506e+07
7.656808960980257257e-07,1.145675741816434776e+06
7.887782085149744433e-07,1.146474900029300246e+06
7.413180490236811754e-07,1.321910656240432523e+06
7.095701765054777873e-07,1.446349162945552962e+06
6.065344080031723711e-07,1.692087047350171488e+06
4.769827587832481627e-07,2.256731686679424718e+06
6.081718642174811729e-07,1.745799870692978147e+06
5.353777811695977718e-07,2.056570867981881369e+06
8.432840282092729543e-07,1.435466124083333649e+06
7.734921219611307114e-07,1.648116972549007507e+06
2.642736665180775715e-07,5.072120778809600510e+06
2.757479217061181572e-07,3.239731682628198341e+07
7.656808960980257257e-07,1.145675741816434776e+06
7.887782085149744433e-07,1.146474900029300246e+06
6.636809093417612635e-07,1.400287385561939096e+06
8.557220438807144067e-07,1.081559287330239546e+06
9.752868108255613129e-07,1.045536712958535412e+06
6.065344080031723711e-07,1.692087047350171488e+06
9.880709676529352878e-07,1.120329982068481855e+06
8.212940660117692548e-07,1.347447580014339881e+06
9.700092924935058146e-07,1.228889025164959952e+06
8.751623553193728488e-07,1.581179495737653924e+06
1.751851841980148848e-06,8.943409213663471164e+05
8.908122389502391865e-07,6.990623343179273652e+05
1.253840968893711584e-06,7.291277609498728998e+05
6.636809093417612635e-07,1.400287385561939096e+06
1.390391641965899326e-06,6.726078704042970203e+05
8.557220438807144067e-07,1.081559287330239546e+06
1.266755663641370263e-06,7.697459860691261711e+05
1.195594565490263640e-06,8.581560584757017205e+05
8.807439232106848082e-07,1.239796508763127727e+06
9.419885899066970447e-07,1.133585639507175190e+06
1.021030263177344379e-06,1.033349913775305613e+06
8.800074232627743685e-07,1.410877931341999676e+06
1.636007926064113661e-06,8.566033171718132216e+05
3.367251404027954778e-07,1.817918330441549886e+06
5.991409803406634280e-07,9.121806112953101983e+05
5.155837366508543610e-07,1.387376544083906338e+06
3.959871829771164384e-07,2.542418951825062279e+06
7.106470472586670364e-07,1.498190992597979959e+06
1.024696121399275153e-06,1.108451882833464537e+06
8.369911564635066895e-07,1.365612451251357794e+06
9.724491805210426751e-07,1.157907895867638988e+06
1.170890275079386750e-06,1.102052455819041701e+06
1.006154416962950066e-06,1.327440832796593430e+06
1.620576441870343059e-06,9.136638823536174605e+05
1.849227658380593897e-06,8.478382359996178420e+05
2.721689448585602869e-07,8.808220369445929304e+06
2.503679761101646299e-07,4.745490418258039281e+06
2.391984281298073092e-07,3.478662228262647986e+06
4.804760617294445282e-07,1.789170051325876499e+06
5.723711856087878776e-07,1.559722386297608260e+06
3.959871829771164384e-07,2.542418951825062279e+06
6.110553991241191850e-07,1.611894474666246679e+06
5.328413103534430653e-07,1.805580059657466831e+06
7.247468575896206490e-07,1.524673949467747938e+06
5.590415816724096138e-07,2.173682484027876519e+06
2.646984944926729262e-07,4.168084156295330264e+06
3.111506005117900482e-07,1.705552939827402122e+06
1.215542203665812037e-07,1.304758956857466325e+07
6.310705880336688328e-07,1.494504025022616843e+06
5.304812560379879714e-07,1.863773433764587622e+06
5.194141057388504074e-07,1.940020922382237855e+06
6.304518371938095332e-07,1.621317052373775514e+06
5.396412731779165101e-07,1.974360422913070070e+06
3.941645523435369482e-07,2.667825444577594288e+06
3.487188060316442758e-07,3.207360857555429917e+06
1.585810416151175222e-07,1.159416250147542916e+07
2.943038020035736412e-07,1.860634679781838087e+06
3.032936945167939298e-07,1.771294105521705467e+06
2.765241711406194137e-07,1.953812580241515301e+06
3.156397654327405902e-07,2.196516907064409461e+06
4.852270105669477036e-07,2.176677016111061443e+06
5.304812560379879714e-07,1.863773433764587622e+06
3.020952779285167808e-07,3.484618164532460738e+06
3.623742674070299851e-07,2.941143477526198607e+06
3.820381762090182963e-07,2.888206068681919482e+06
2.790775911332997236e-07,4.166203040437651798e+06
3.217290880655734098e-07,2.419717790981021244e+06
2.549846147113125199e-07,3.321136274711321574e+06
1.803708701556344417e-07,4.723336244419278577e+06
1.826547382440902182e-07,5.070261405616808683e+06
1.779100825871459436e-07,5.264154085623933934e+06
1.638654068551102623e-07,5.675619485938576981e+06
2.560695759439253997e-07,3.994335965715880040e+06
2.890678584896280230e-07,3.852161472854818683e+06
2.627235288104102592e-07,4.231016505410766229e+06
2.683667665791492304e-07,4.117574676026745699e+06
2.749643867507293745e-07,4.273084682085836306e+06
2.521246157198749541e-07,4.638194854283788241e+06
1.810562019185858086e-07,2.349756614696640056e+06
1.899706953124957391e-07,2.316691658994327299e+06
2.549846147113125199e-07,3.321136274711321574e+06
3.639296416545113830e-07,3.062174741182731837e+07
3.720809437330711361e-07,2.550028321984294802e+06
6.351378627946119658e-07,1.944309830571020022e+06
4.948791810525337133e-07,2.491593284301886335e+06
3.870341690743511501e-07,3.403897673414747696e+06
5.730899650693072903e-07,2.318392196716032457e+06
9.492681361345670564e-07,1.652938609800229780e+06
7.964924122255746364e-07,1.968766375422697747e+06
1.149889018889861547e-07,1.629138995192455873e+07
1.738748076274014613e-07,3.662939376187533606e+06
5.244550011902148509e-07,1.893598404405035777e+06
3.674276811380867064e-07,2.734726577052038163e+06
3.720809437330711361e-07,2.550028321984294802e+06
4.491216815421237947e-07,2.250206527089290321e+06
6.868741063565452058e-07,1.491170315503408667e+06
6.285265790607347591e-07,1.602201323687126860e+06
6.461307127106152915e-07,1.669418499684114242e+06
2.157984824455251814e-07,5.103857555084874853e+06
4.192390340518375996e-07,2.742103885999004822e+06
5.374384639322849175e-07,2.365638264318681322e+06
1.738748076274014613e-07,3.662939376187533606e+06
4.426454247749152720e-07,1.754017737541792449e+06
3.082874721363217518e-07,2.662220515630281530e+06
4.537435920320870825e-07,2.108675658964212984e+06
3.674276811380867064e-07,2.734726577052038163e+06
4.700904750358336480e-07,2.223069248366137035e+06
6.940901929127980131e-07,1.628773632281046361e+06
6.473752174079317338e-07,1.725618153089898638e+06
5.882948204255760312e-07,2.243031279621300288e+06
1.000906696966007790e-06,1.401792405321484664e+06
1.172050318744522008e-06,1.336880263429130893e+06
3.160094597971919719e-07,3.720951956431896985e+07
4.928274029945099055e-07,1.689467510603264440e+06
5.840673465638904489e-07,1.480979451115909033e+06
5.284710625119740908e-07,1.641407074172449065e+06
8.135390848148441370e-07,1.161852326781793032e+06
4.647936811901775119e-07,2.139935638014000375e+06
6.389549325131303736e-07,1.510968029270582367e+06
8.525777111510319402e-07,1.152569899893168360e+06
7.179640600187556540e-07,1.359826531785371481e+06
7.031543582945949085e-07,1.573178309475441230e+06
9.190727820115164357e-07,1.258852047114231624e+06
6.104576769680923936e-07,7.753557013457310386e+05
6.013541440762219197e-07,1.097895754574120743e+06
5.970679393342826382e-07,1.391401302484976128e+06
4.768969377376278906e-07,1.810798672412217362e+06
9.173622142947392369e-07,1.117792415557405446e+06
8.273552440801485580e-07,1.459938508507207967e+06
9.470795805241337633e-07,1.169366704246546607e+06
1.168675980512349725e-06,1.005752133400114137e+06
1.035789466868221061e-06,1.260531756187916500e+06
1.044589328041897806e-06,1.250621519692508038e+06
1.850862343453498707e-06,8.475245275202180492e+05
1.879453391292513700e-06,8.334833604666962055e+05
2.305069824893059212e-07,2.192822594407479744e+06
3.795645077013989027e-07,1.257718641290354542e+06
8.566358488992409874e-07,1.035719877417078707e+06
9.830442416387427003e-07,9.475666369483496528e+05
1.038868965420778323e-06,1.049272746798639186e+06
9.989868836029966634e-07,1.112009763448671671e+06
9.470795805241337633e-07,1.169366704246546607e+06
1.053527384198007687e-06,1.235645232888494153e+06
1.035789466868221061e-06,1.260531756187916500e+06
1.044589328041897806e-06,1.250621519692508038e+06
1.865979558011729893e-06,8.399151325691193342e+05
1.879453391292513700e-06,8.334833604666962055e+05
2.256862680719068167e-07,2.111147163558948785e+06
3.217454450339645651e-07,1.986847372318084119e+06
4.041163718382654278e-07,1.686228882222079672e+06
2.619626345792069762e-07,3.735594696435275488e+06
3.499624411622645191e-07,2.873710420148291625e+06
4.298152781511876953e-07,2.194743905634275638e+06
4.130309195694801409e-07,2.522079657008900773e+06
6.698912286808337336e-07,1.707559571141675347e+06
2.273024901977540659e-07,5.987638635130079463e+06
9.444763888657540935e-07,1.424084542400134262e+06
1.273343757923721367e-06,1.232295482487558853e+06
4.254216096704625970e-07,1.094464114458789583e+06
5.730539540706130168e-07,8.885983906513741240e+05
2.864959066809998284e-07,2.244024691481971648e+06
4.074043958701122293e-07,1.570562570032949327e+06
1.051024011189856442e-06,1.049470555791732157e+06
1.470727666318330167e-06,7.722988034261167049e+05
1.342609381972893263e-06,8.906382177739195758e+05
1.238715156851574759e-06,9.946496834118134575e+05
1.415298121553572123e-06,8.790455659205717966e+05
2.575651653757355054e-06,6.085469009458348155e+05
6.625982517504296063e-07,2.955245220809738617e+06
3.700725376481558275e-07,1.784478758202031720e+06
6.512634652147264975e-07,1.206657337097349577e+06
6.921128187613394974e-07,1.147532692865935154e+06
1.329966104916596103e-07,6.942250584159624763e+06
9.300763245393068110e-07,1.143095176445377525e+06
9.928596493322284592e-07,1.163656618867082521e+06
1.470727666318330167e-06,7.722988034261167049e+05
1.342609381972893263e-06,8.906382177739195758e+05
1.238715156851574759e-06,9.946496834118134575e+05
1.178889963150171492e-06,1.095477115340514574e+06
1.917125988866719760e-06,7.722647296673594974e+05
2.050337050536347636e-06,7.218431774123907089e+05
2.575651653757355054e-06,6.085469009458348155e+05
1.843904734471176378e-07,2.343589441540080123e+06
9.441162555840029131e-08,5.881548116210775450e+06
2.510704894132815210e-07,2.740862074717734940e+06
1.800586984625212829e-07,4.169884893148139119e+06
2.797842073650193152e-07,2.901527407515663654e+06
5.851501915511377367e-07,1.717772329478102969e+06
6.735401295338449232e-07,1.991088994283231208e+06
7.172324627675697241e-07,1.967106192321823211e+06
1.538960665374927211e-06,1.226528453538013157e+06
1.531289214293906778e-06,1.232609223893193994e+06
1.812095671399906754e-06,1.035631612888157135e+06
1.535512995544919564e-07,6.532989213384293765e+07
1.662566453201094345e-07,4.993143766455226578e+06
1.742552569310625826e-07,5.336314643046024255e+06
1.695568051222411958e-07,6.011270092931507155e+06
3.783018821161366249e-07,2.680227684853387531e+06
3.649014270224758936e-07,2.954287215345060918e+06
3.593911890906855866e-07,3.035708755121934228e+06
3.839047235336145274e-07,3.049320912166892085e+06
3.917407563492677645e-07,2.983533849806517363e+06
3.734564285231785521e-07,3.282896447102027014e+06
6.356576649758215131e-07,2.330696354473225307e+06
5.682259488466326369e-07,2.607698354533290025e+06
1.652649291540333369e-07,3.052513651998992544e+06
1.932094402549094579e-07,2.785664430883129127e+06
2.460697038021375677e-07,3.389033964467660058e+06
2.313026945183752881e-07,3.783727574399342295e+06
2.931230038054706896e-07,3.785320924361094087e+07
4.314229402983046806e-07,2.360373242478811182e+06
4.165788898788489691e-07,2.472396898762710392e+06
4.341629606238971076e-07,2.321103802583202720e+06
2.686681476383080790e-07,4.301631523280599155e+06
6.250810115711695605e-07,2.132275605786426924e+06
5.223143809466266872e-07,2.826547327321136370e+06
1.652649291540333369e-07,3.052513651998992544e+06
1.806047068701947328e-07,2.722282144393062685e+06
2.375424489124799879e-07,3.547080583233087789e+06
2.497319228172715818e-07,3.585412573731043842e+06
3.628231169454755297e-07,2.489987664558512159e+06
3.657582152715819481e-07,2.599342068539364729e+06
3.549201088815725412e-07,2.667626798268899787e+06
2.796295735598150427e-07,3.471611940368890762e+06
3.857817203623117223e-07,2.540680793443317525e+06
3.250891071703678109e-07,3.554990480810800567e+06
1.248776846537158685e-07,2.117955660909464210e+07
1.733089607933770835e-07,3.641085960226443131e+06
2.505896985658413408e-07,3.545812942180989776e+06
1.909478430468602812e-07,4.436125170489290729e+06
1.684152151101179380e-07,5.106531326783910394e+06
3.522574776592848773e-07,2.672820996712876018e+06
3.792686998222851058e-07,2.479699617196181323e+06
2.993827376728630684e-07,3.227692475118708797e+06
2.966589069835252785e-07,4.005956018582614139e+06
2.805956521447759980e-07,4.468431273673493415e+06
5.334167174262088973e-07,2.936231331892736722e+06
1.298603023795349858e-07,6.936526377070567571e+06
1.733089607933770835e-07,3.641085960226443131e+06
1.909478430468602812e-07,4.436125170489290729e+06
1.684152151101179380e-07,5.106531326783910394e+06
3.018520455924777088e-07,3.109423208825037349e+06
4.272703313737074655e-07,2.373713273067619652e+06
2.306855435972125058e-07,4.767256059033638798e+06
2.264738890808858376e-07,5.257328006371460855e+06
5.925378322206685547e-07,2.376168339085170068e+06
4.354760642722931886e-07,3.395215628031238448e+06
2.362293480867420590e-07,7.424736948099310510e+06
8.057471981469500773e-08,2.449991900480737165e+07
3.546867793811090517e-07,2.320667383358369581e+06
2.935301635020439098e-07,2.907646122556848451e+06
2.929422371776945319e-07,3.112502548596060369e+06
2.895847300485843626e-07,3.366340660384270363e+06
4.784174620410433753e-07,2.049537413170918357e+06
6.084057138795393650e-07,1.629086282542012166e+06
6.822092489340033165e-07,1.519830578475591028e+06
5.365104461488141145e-07,2.045079004649023060e+06
4.134736526131248208e-07,2.567792554744714405e+06
6.790435691353901174e-07,1.787128153218065389e+06
5.999212610174723934e-07,2.117482871869891416e+06
1.011623384630920215e-06,1.464261179197836434e+06
1.165724951540221969e-07,1.387813951987216435e+07
1.600730511772779142e-07,4.043377650884176139e+06
4.864972975688360507e-07,1.600132001507438719e+06
6.432608257433605937e-07,1.341877819105140399e+06
3.130220476653602029e-07,3.033259325762324501e+06
5.631852957320536062e-07,1.862909375518368091e+06
6.822092489340033165e-07,1.519830578475591028e+06
6.369114933548386913e-07,1.705923668244830566e+06
5.597344083697154809e-07,1.932204027014986845e+06
6.826719149827828074e-07,1.762977791379782138e+06
6.176834288699235399e-07,2.071821018854136346e+06
1.018545532017307494e-06,1.377864547707112739e+06
1.112088361512280588e-06,1.411130960097159958e+06
9.543867292786524830e-08,7.721625010512552224e+06
4.954650996483643193e-07,1.717924180146879051e+06
4.853844081031523323e-07,1.783392093191901222e+06
3.727934162732985110e-07,2.611356390182877425e+06
5.658471231712462332e-07,1.660921128739656415e+06
6.437018800764233531e-07,1.689289527616050793e+06
5.423725648223713602e-07,2.024027026379846502e+06
5.030010547721502611e-07,2.346612056463425048e+06
5.767841593935713769e-07,2.068796391842849553e+06
8.794352140420668807e-07,1.448388580043574562e+06
8.601607973881561570e-07,1.630763096664873185e+06
1.125413733342842520e-06,1.247290493017070461e+06
1.088282561797842753e-06,1.361132998075464275e+06
8.648691479610349701e-07,1.857952801998584531e+06
7.911518499918694113e-07,1.067949006874561077e+06
6.967626519975374488e-07,1.232006163345453329e+06
5.980845029475952846e-07,1.450674239106285386e+06
5.848645863751772266e-07,1.547750078526576282e+06
1.071411087982101571e-06,8.720736953890490113e+05
4.500861462905545070e-07,2.173020019308236893e+06
6.723722436170209537e-07,1.636720445445044897e+06
8.865998353389363644e-07,1.261865568184309639e+06
6.110549414406189017e-07,1.889654353735511191e+06
8.874148286104669887e-07,1.367472662242457736e+06
1.410481725854436834e-06,9.949040424031197326e+05
8.400581438965113246e-07,7.242521472957406659e+05
6.289863534152842414e-07,1.286790962344882777e+06
8.994485364039994652e-07,9.258052281684875488e+05
1.071174395946811083e-06,8.052243452264355728e+05
1.635345654637540789e-06,5.579676776157837594e+05
1.701135115056130451e-06,5.526069527778918855e+05
1.759952049793685014e-06,5.613189073234810494e+05
1.042339405066244608e-06,9.364774172147643985e+05
1.032819559822771801e-06,9.806814586379872635e+05
9.948898644859225458e-07,1.122097866368590388e+06
1.059370673125306873e-06,1.042696875384940649e+06
4.948527899240517140e-07,9.471407657990569714e+05
1.027636071839325580e-06,7.258007328905012691e+05
1.283464309225106940e-06,6.730205603311056038e+05
1.635345654637540789e-06,5.579676776157837594e+05
9.202175628303295248e-07,9.361313956661932170e+05
1.701135115056130451e-06,5.526069527778918855e+05
9.948898644859225458e-07,1.122097866368590388e+06
1.553706353365078942e-06,7.284877756430966547e+05
1.059370673125306873e-06,1.042696875384940649e+06
1.365623563601055985e-06,8.745711400627408875e+05
2.648623099831050681e-06,5.590908804347510450e+05
3.640394883912407778e-07,1.382132855702696601e+06
3.711168584411247416e-07,1.892969782584834378e+06
4.656650867629217571e-07,1.501072208824644564e+06
9.921295446883659061e-07,1.147479952040877007e+07
8.914845892089762198e-07,9.614718729688815074e+05
8.499880278196580000e-07,9.798604863877366297e+05
1.042894561397916456e-06,8.246602187899526907e+05
1.062092455080407370e-06,9.632793942238369491e+05
1.727601238706644253e-06,7.315234852416419890e+05
2.531639140876297652e-06,5.554818584322124952e+05
3.115201539089849887e-07,2.096237225206321804e+06
3.683604398662457211e-07,2.171207976466598921e+06
5.840472556216014155e-07,1.518198547915893840e+06
5.391902268987185523e-07,1.782587259107330348e+06
5.841967588984827300e-07,1.634390228101814399e+06
3.171321784787477278e-07,3.405399123437394202e+07
7.856294354172615487e-07,1.403387515439464012e+06
9.398866336325895063e-07,1.254619785593325272e+06
2.086687023301347224e-07,5.903729123367823660e+06
7.874940176071386907e-07,1.568207870637262939e+06
9.767684448832103575e-07,1.454804561528138584e+06
1.361828529590611375e-06,1.087563812436176231e+06
1.526224890745711046e-06,1.027770186381526291e+06
3.115201539089849887e-07,2.096237225206321804e+06
4.052156486584328697e-07,1.758157790406232234e+06
5.085277489408767316e-07,1.525664040597318439e+06
5.642006039161093311e-07,1.586408219487750204e+06
6.044752848634448617e-07,1.514360115762164118e+06
5.840472556216014155e-07,1.518198547915893840e+06
5.391902268987185523e-07,1.782587259107330348e+06
6.143599999223140062e-07,1.541783528480506502e+06
7.838868823281616127e-07,1.281497242087000748e+06
6.560814341031015350e-07,1.935827980644042138e+06
1.466837981781919307e-06,1.071911869165266166e+06
4.052156486584328697e-07,1.758157790406232234e+06
5.085277489408767316e-07,1.525664040597318439e+06
5.833404419222413659e-07,1.477476055325993337e+06
6.335021005058203847e-07,1.433170290364089888e+06
8.284116843943131188e-07,1.146174587285499088e+06
8.623612890591925331e-07,1.090393913260237314e+06
6.929566792127203101e-07,1.342416517802908784e+06
8.803807969212308910e-07,1.108019589647140121e+06
7.970229762144235005e-07,1.242270024199092295e+06
6.318404740228153593e-07,1.684743456086136168e+06
7.535891009816678064e-07,1.534947502763908124e+06
4.260705698739883438e-07,1.190756905493944185e+06
2.476708575324023791e-07,2.391076332647267263e+06
2.608755901958055172e-07,2.332163132349977270e+06
6.141261295848389750e-07,1.606710274309179280e+06
6.239701893654379049e-07,1.812082697545742616e+06
6.536434388578726389e-07,1.554277999225208070e+06
3.873439369105816043e-07,2.833233656738409307e+06
7.259322341075007035e-07,1.700871416700440226e+06
6.266830093880296647e-07,2.093048164657457033e+06
5.943565993499607488e-07,2.214552646734080743e+06
1.179388150243347789e-06,1.328833443792836275e+06
1.213948958686750881e-06,1.291297030481973896e+06
2.476708575324023791e-07,2.391076332647267263e+06
2.608755901958055172e-07,2.332163132349977270e+06
3.218502521227174462e-07,3.670783140375541989e+06
6.708942716917043390e-07,1.455496804603845580e+06
6.612992100278647555e-07,1.542571740019175457e+06
6.303119268376568046e-07,1.695626423631909536e+06
6.292977907379295787e-07,1.700132185245750938e+06
3.839492739548410279e-07,2.786618532250147313e+06
3.873439369105816043e-07,2.833233656738409307e+06
4.168585625216145489e-07,2.520106307974081952e+06
5.069347647295385425e-07,2.162021318359357305e+06
1.238018503841077075e-07,1.874949939778863639e+07
6.728525314523195272e-07,7.400460249762246385e+05
5.993128003704934588e-07,1.044683284459252143e+06
1.120081059567204905e-06,8.560143359811608680e+05
7.761728150040091544e-07,1.409848328335214220e+07
3.375958547533070583e-07,2.593786720502046403e+06
6.708942716917043390e-07,1.455496804603845580e+06
6.612992100278647555e-07,1.542571740019175457e+06
1.097830109355594545e-06,9.873349248009972507e+05
5.069347647295385425e-07,2.162021318359357305e+06
5.281207305433589249e-07,2.612456234103561379e+06
1.717591185446406031e-06,8.165590063200665172e+05
1.733964735930347023e-06,8.097187973450707505e+05
5.658376164601898479e-08,9.397162701474116743e+07
9.848657039718006429e-08,5.931784103288246319e+06
2.401457761171389060e-07,3.972702532474432141e+06
2.031969651875838851e-07,5.266171549142472446e+07
2.370859192361270374e-07,4.742741980828267522e+06
2.106820075129952399e-07,5.432135021173554473e+06
3.322020167173628745e-07,3.288422134741916787e+06
2.668797393850068860e-07,4.838482195532201789e+06
3.830107392644382008e-07,3.862791011710812803e+06
4.261840821762710565e-07,3.477905011855586898e+06
5.407368681989175127e-07,2.738367785769563634e+06
2.964802236491920244e-07,1.591867131617731880e+06
3.423272456811225731e-07,2.790544655993516371e+07
4.427951348505677202e-07,1.199061081203709589e+06
5.856470609664064477e-07,1.038160971982168616e+06
7.742688179358487003e-07,8.673678355290208710e+05
2.976379441758287570e-07,2.671473036575540435e+06
1.232599617779831947e-06,9.670703094725497067e+05
1.444916997184742607e-06,1.020561863071524072e+06
1.143486122590539081e-06,1.416021856686008861e+06
2.078448072743117014e-06,8.497180003702009562e+05
7.095230963288743830e-07,9.172962417667800561e+06
2.402304300149448156e-06,3.965765980135449790e+05
2.660004392570686959e-06,3.527121175445946283e+05
1.360553686135891263e-06,7.952271030579782091e+05
1.305025051667691430e-06,8.781233166796970181e+05
1.645992016368364932e-06,6.673868786073927768e+05
2.416183291358796275e-06,4.670728440679706982e+05
1.953626585415560721e-06,6.025684426552911755e+05
4.009538825241510820e-07,3.037797879022538662e+06
2.185434690210803758e-06,5.678614295524340123e+05
3.179005445070092959e-06,4.660118600564863882e+05
4.045939074759103046e-06,3.660053584825972212e+05
7.494858384272674134e-07,5.472337985012895660e+05
3.987529888777406776e-07,1.341601074605082162e+06
8.285842245234065879e-07,7.104421645495627308e+05
2.416183291358796275e-06,4.670728440679706982e+05
2.308587620304139670e-06,4.865945160002409248e+05
1.616943298614577114e-06,7.411658164092336083e+05
2.300021069462627464e-06,5.137107368675322505e+05
1.854246245348035576e-06,6.681621323912533699e+05
3.566309001901159616e-06,3.933908034794103005e+05
3.208812913570559941e-06,4.613104382047925028e+05
4.019160238729115335e-06,3.902199549670890556e+05
4.853071260979611071e-07,2.713589260001292452e+06
3.987529888777406776e-07,1.341601074605082162e+06
7.536483432544535677e-07,1.238892004616746912e+06
6.984697319524294262e-07,1.337266769392352318e+06
6.762623892445483967e-07,1.397990827677525813e+06
6.425187266799462187e-07,1.535307670127418591e+06
6.444462992413153970e-07,1.540520701624372043e+06
7.233513777517836102e-07,1.346435636285721790e+06
7.886909510334625252e-07,1.433403503282269463e+06
1.222549125904612078e-06,8.887890724841624033e+05
1.296946184926801274e-06,1.080107672605346423e+06
8.263727727808373796e-07,1.049276922645336716e+06
7.677639951896019993e-07,1.145863475873034215e+06
6.069645028454722386e-07,1.834676603512519225e+07
6.984697319524294262e-07,1.337266769392352318e+06
6.444462992413153970e-07,1.540520701624372043e+06
6.425187266799462187e-07,1.535307670127418591e+06
7.233513777517836102e-07,1.346435636285721790e+06
8.885098454157213090e-07,1.163650961211872753e+06
5.390741227932592652e-07,1.891324015713363886e+06
7.886909510334625252e-07,1.433403503282269463e+06
1.290584375032545065e-06,1.029040727541771135e+06
1.389333367673386745e-06,1.009668829002617160e+06
3.403690191772846955e-07,5.445613925554463640e+06
1.697261055889919874e-07,3.544755540048477054e+07
4.463606615346625457e-07,1.517312051291103242e+06
2.629564173351607657e-07,3.166097956158694346e+06
4.977006978810647230e-07,1.851273652715804055e+06
5.713674100490309144e-07,1.635193941482150462e+06
6.374813114747017274e-07,1.704010521600061096e+06
9.211100943032010990e-07,1.166375534443250624e+06
6.451327817126467069e-07,1.826022606845902745e+06
7.322858570487472830e-07,1.704329797301017679e+06
1.124905545739278622e-06,1.316567735191586195e+06
5.396121051359261946e-07,2.879561595397139434e+06
1.373342935986416500e-06,1.211294176923822612e+06
2.094956289335062357e-07,5.625425933750329539e+06
4.152390105946952280e-07,1.275935901623276528e+06
5.291108849844084912e-07,1.610415962285615271e+06
1.118960951793304288e-06,8.805277684236046625e+05
6.744265016040673145e-07,1.538767382666531019e+06
8.117906897769345154e-07,1.242629242246200563e+06
1.211358047889546297e-06,9.083598398736474337e+05
1.323830298741162655e-06,9.925015260833692737e+05
1.485507246456482183e-06,8.757699304601369658e+05
2.517321496869539108e-06,6.598894745846411679e+05
7.154986054287846909e-07,6.221167532378239557e+05
1.025166616478000353e-06,4.371352749704211019e+05
2.305144979732219712e-06,4.247478974887354998e+05
1.079202717042639412e-06,9.548590875322924694e+05
2.205309683541533528e-06,4.653443275733730989e+05
1.701552900994627986e-06,6.051760483809538418e+05
1.248916048133065276e-06,8.399218738376819529e+05
1.944269685828910467e-06,5.416292150668698596e+05
1.343545395298513847e-06,9.353219492023339262e+05
1.677939557840625020e-06,7.696274258088734932e+05
2.671575260407154771e-06,5.868250736520857317e+05
4.181830221120331902e-07,2.045840689060337096e+07
4.142937537411191481e-07,1.192743603507495951e+06
1.211402036160485779e-06,6.670729011556216283e+05
1.784966279754956261e-06,5.344374631262271432e+05
1.309623133958550850e-06,7.348619384742197581e+05
1.449293516132300854e-06,6.673171822842684342e+05
2.407274788314372718e-06,4.224777171906931326e+05
2.036820892587126926e-06,4.959094182341389242e+05
2.205309683541533528e-06,4.653443275733730989e+05
4.053348872889736378e-07,1.208903792034605751e+06
2.722983072014261515e-07,1.968043538224381860e+06
1.309623133958550850e-06,7.348619384742197581e+05
1.567598779591253084e-06,6.425046802766739856e+05
2.093853379486446734e-06,4.985414372654769686e+05
1.888233271347718746e-06,5.686147045686764177e+05
2.119635421042873055e-06,5.573856818783166818e+05
1.866107149559416564e-06,6.397497861646526726e+05
2.089078930205175573e-06,5.650558884651341941e+05
2.973586818058630812e-06,4.480069939553294098e+05
3.756646282700962246e-06,3.942376476504998282e+05
3.496444411808943517e-06,4.484075027063118760e+05
6.474121215721761188e-07,1.189820140719019109e+06
1.458701360975914902e-06,5.629619763093107613e+05
1.554987836859665452e-06,5.394214392518304521e+05
9.752037285837846045e-07,8.473604201567084529e+05
1.474728233486203973e-06,7.134981925191623159e+05
1.996707340269872138e-06,5.465719206197053427e+05
1.888233271347718746e-06,5.686147045686764177e+05
2.223963981245954127e-06,5.063280472833088716e+05
1.983875174728999453e-06,6.254223122884508921e+05
2.054262134539991165e-06,6.326075490270637674e+05
2.969695404794327990e-06,4.728962048939773231e+05
3.752758604582968798e-06,3.946529980643473100e+05
3.532831310189007512e-06,4.188045936110278126e+05
2.160106774886747287e-07,3.114005865085216239e+06
4.277756093962334791e-07,1.732574810178990709e+06
5.539666307205477220e-07,1.518084334568856051e+06
3.772587716004500294e-07,2.555599381840916350e+06
8.321828164229430080e-07,1.159395315109509276e+06
1.190867138729841191e-06,8.765118516523264116e+05
1.401193393857656105e-06,7.845571342868397478e+05
4.889793926733796455e-07,2.294198595391526818e+06
8.247752043177715810e-07,1.293204115648397710e+06
1.294079474907988511e-06,8.303327583246239228e+05
1.219437267749232940e-06,1.093296760277007939e+06
2.098727719924125847e-06,7.062437001304528676e+05
2.375514667492326475e-07,2.915277442577978130e+06
4.012525257741363627e-07,1.911065972336788895e+06
5.723358544640679083e-07,1.417989479934607632e+06
7.283909308132442850e-07,1.180881808430238860e+06
4.007605065302692329e-07,2.157171671041511931e+06
4.187664469087269716e-07,2.059308071245821891e+06
4.221021498744156311e-07,2.189494248970627785e+06
6.000782437547582796e-07,1.714130917151333066e+06
4.892368502556137520e-07,2.236730065045299008e+06
6.172129765311412756e-07,1.880473540450888220e+06
9.698456775476961698e-07,1.447216465745553840e+06
6.582857115417340627e-07,1.210134432159987744e+06
6.519434491226219066e-07,1.282725222627724521e+06
4.278286946382490277e-07,1.941002044630976627e+06
4.341483082762390002e-07,2.003180838993851794e+06
7.283687180921999714e-07,1.190815638866395457e+06
7.450210133531057536e-07,1.216465067082191352e+06
9.439138523919469569e-07,1.137415614448038861e+06
6.197622904174163352e-07,1.871171106364095584e+06
5.778821982974549056e-07,2.061769213202451589e+06
7.434608639108932711e-07,1.656400926812100923e+06
1.310861470251356616e-06,9.652161137848034268e+05
1.164869663838628285e-06,1.272644134431623155e+06
1.160673563422519976e-07,2.043750739085627720e+07
7.450210133531057536e-07,1.216465067082191352e+06
7.494772837773711073e-07,1.229373492383170873e+06
7.236270202070224937e-07,1.270229101351526100e+06
9.167403938270232082e-07,1.010736705314063933e+06
1.140563375557499038e-06,8.618981836130025331e+05
1.211725466716993302e-06,8.061810682944839355e+05
1.117927882174326420e-06,8.773806360249678837e+05
1.050277793555409608e-06,9.658410199400756974e+05
9.809410247647533877e-07,1.045595671805228107e+06
1.144560870142459883e-06,8.908513502074027201e+05
1.008395902341526134e-06,1.046630765170800267e+06
1.176461184612199516e-06,9.836554484612183878e+05
5.298001816916267677e-07,1.501120250090074493e+06
4.384824705069678597e-07,1.772098931601408171e+06
6.370351444253109189e-07,1.293268273130669957e+06
4.831118580007936760e-07,1.694587554588875268e+06
9.425552222802140332e-07,1.306930044061429799e+06
9.102691589316869293e-07,9.725770225251126103e+05
1.153523477936090609e-06,8.139126904994056094e+05
1.140563375557499038e-06,8.618981836130025331e+05
1.211725466716993302e-06,8.061810682944839355e+05
1.037802103023850060e-06,9.712361957691902062e+05
4.026341658909111800e-07,3.635857420575097203e+06
3.349957110954149541e-07,3.354488696355716884e+07
4.384824705069678597e-07,1.772098931601408171e+06
4.831118580007936760e-07,1.694587554588875268e+06
5.332973544457633452e-07,1.547176558204178698e+06
5.114423761022157758e-07,1.923353757553358562e+06
5.862811361816710684e-07,1.737324530903012259e+06
5.641821647807148485e-07,1.797608505903930170e+06
5.549272396720054439e-07,1.824496530673760921e+06
5.581465191253369249e-07,1.839669392142897937e+06
3.995530388326615609e-07,2.720925700453503057e+06
7.824053809593490388e-07,1.799934491149138892e+06
2.957027326298477090e-07,6.700706409886684269e+06
1.818241106244938896e-07,3.205917037526458036e+06
2.726827493374360589e-07,3.279594321735395584e+06
3.084948284394747021e-07,2.778243680736772250e+06
3.182553074359032339e-07,2.939545559210955631e+06
5.114423761022157758e-07,1.923353757553358562e+06
1.316519606753647339e-07,8.135875942247633822e+06
4.482552809826135367e-07,2.205946400647652801e+06
5.549272396720054439e-07,1.824496530673760921e+06
4.737294440297995081e-07,2.155834958293824457e+06
1.485373630219396308e-07,7.465205621856114827e+06
4.365210490019907267e-07,3.002607012279141229e+06
8.315075140608850930e-07,1.776226470800311537e+06
1.784207976288161486e-07,3.172786678927191067e+06
8.587165887226051971e-08,8.084656896504688077e+06
1.946098015612445996e-07,4.424395178735038266e+06
1.562269076893626810e-07,7.204116117212365568e+07
1.870058963138100571e-07,5.239947960360561498e+06
1.628194455240126148e-07,5.935904022467466071e+06
9.175641466103982231e-08,1.115312481189319119e+07
2.068714165777838582e-07,5.590978554475164972e+06
2.644684665584166142e-07,4.465815904026082717e+06
1.903682465250844260e-07,6.071074118745946325e+06
3.409624557156339063e-07,4.333737397296197712e+06
4.259421966987686042e-07,3.683672517263181973e+06
2.055439437711560096e-07,2.412305158177596983e+06
1.303078763458689151e-07,4.734192558933693916e+06
8.524342043121013271e-08,7.861943111542583443e+06
2.033973754902883077e-07,4.435990161249836907e+06
2.545646496371778354e-07,3.663852431231792085e+06
3.430091737518895645e-07,2.991235466701683123e+06
1.991950310192270238e-07,5.072680883588066325e+06
3.701843253350227220e-07,2.842400003254139330e+06
9.309172809008829680e-08,1.142019290005945787e+07
4.100571356415215160e-07,3.030238582194946706e+06
7.094246226620999197e-07,2.083032857484504348e+06
1.337667814497001768e-07,4.750235009624502622e+06
1.815901832254813904e-07,4.251837148966220208e+06
2.120428075890642221e-07,3.524054229521973990e+06
3.185001911909140840e-07,2.733623353993318975e+06
3.430091737518895645e-07,2.991235466701683123e+06
4.594229196678086847e-07,2.183102662857168354e+06
3.701843253350227220e-07,2.842400003254139330e+06
4.219279937434726799e-07,3.070825872895878740e+06
4.863380930574810490e-07,2.682433592222357169e+06
4.317247446262029420e-07,3.198054186620006803e+06
3.638970122651333131e-07,3.788926415070444811e+06
7.052090471667681186e-07,2.221348022894987836e+06
8.251200086359047925e-07,2.012305013758125249e+06
1.858456178755878794e-07,4.018877392418056261e+06
1.940294871272925510e-07,3.922356971104825381e+06
3.185001911909140840e-07,2.733623353993318975e+06
2.429507263720486621e-07,3.831824557389417198e+06
2.166021071757003757e-07,4.368517773993307725e+06
3.188060321730246242e-07,3.134288709814976901e+06
4.594229196678086847e-07,2.183102662857168354e+06
3.990435575159858866e-07,2.510117011709620245e+06
4.863380930574810490e-07,2.682433592222357169e+06
4.317247446262029420e-07,3.198054186620006803e+06
3.464444674618111261e-07,4.421588223292822950e+06
3.085362638799509557e-07,5.301428857896887697e+06
8.251200086359047925e-07,2.012305013758125249e+06
2.424480170358115045e-07,1.817653863472561352e+06
1.979493666120495687e-07,3.716704826996956952e+06
4.238273095808651618e-07,2.229435602758508641e+06
4.956122352299139480e-07,1.985582138095962815e+06
4.607821168434992584e-07,2.116314287246187218e+06
3.188060321730246242e-07,3.134288709814976901e+06
3.990435575159858866e-07,2.510117011709620245e+06
5.174583298027964955e-07,1.973604953638588311e+06
4.663677780806258365e-07,2.658091589220913127e+06
3.733281868846233754e-07,3.522919876689890400e+06
7.601294189841084191e-07,2.062327276457922300e+06
1.958900243182096023e-07,8.828657134805632755e+06
1.280916620723493436e-07,6.328066801251980662e+07
5.184740661384086401e-08,1.158468253936594538e+07
3.467804319080353741e-07,2.769705192517710384e+06
3.628965052575601948e-07,3.097876491142769810e+06
4.207941209086573613e-07,2.828212509903382510e+06
4.167269289244056219e-07,2.842561261309260037e+06
3.360825129354484524e-07,4.088082702960656025e+06
4.147181760813082260e-07,3.325219853141871747e+06
5.196448107952641375e-08,2.784434935840038955e+07
7.205154210425341386e-07,1.942392326699217316e+06
6.230604512597567519e-07,2.512779078339404892e+06
7.679016975105537699e-07,2.039346627549812198e+06
6.268729681726448965e-08,7.512095639808490872e+07
7.804282798501726188e-08,7.182630631204326637e+06
5.349176566625709250e-08,1.218782608024192974e+07
9.926510653670132716e-08,6.562382363430975936e+06
2.205313279834732522e-07,4.260247658736998215e+06
2.043196420754360041e-07,5.372852245884553529e+06
3.974915429540000427e-08,2.451748383999639377e+07
1.248851964922051208e-07,8.488061806952085346e+06
2.024780939611957450e-07,5.639521474303921685e+06
4.279792676707381662e-07,3.660856073653481435e+06
5.388449803907059366e-08,1.257386903333430551e+07
1.366807511714261293e-07,5.700299659883520566e+06
2.159328369447865243e-07,4.324127300192335621e+06
1.415543686903316499e-07,6.363865773870934732e+06
3.223491076150145438e-07,3.089091240326263476e+06
2.102386597964498217e-07,4.570027206803561188e+06
8.798996840650307456e-08,1.098263543228514493e+07
1.852814791697079946e-07,5.308036720586708747e+06
2.729358980851730839e-07,3.830178976929830853e+06
1.592971944231775439e-07,7.690579488233508542e+06
2.313073970691616749e-07,5.589209731371987611e+06
3.629145536064339903e-07,4.322506702576407231e+06
2.117170805799201427e-07,4.117213656726308633e+06
2.159328369447865243e-07,4.324127300192335621e+06
4.440171372455831001e-08,2.008571302060774714e+07
2.796907530801288042e-07,3.411265379791291896e+06
2.102386597964498217e-07,4.570027206803561188e+06
1.852814791697079946e-07,5.308036720586708747e+06
3.096753790425956693e-07,3.362802417897819076e+06
2.813908540251838592e-07,3.575836817033476196e+06
4.273502374309413903e-07,2.421263381297298241e+06
2.729358980851730839e-07,3.830178976929830853e+06
3.580343974564096739e-07,2.947388654910651967e+06
4.681565997971054132e-07,2.266528838767423294e+06
1.037909444590365503e-07,9.477700104952232912e+06
1.509180659754051308e-07,6.545041270585469902e+07
2.477832085780159742e-07,2.709364062301824801e+06
2.117170805799201427e-07,4.117213656726308633e+06
3.087101244470513265e-07,2.857675824857924134e+06
2.796907530801288042e-07,3.411265379791291896e+06
3.633319756333053878e-07,3.185207140779384878e+06
3.504426969084471695e-07,3.741465561396198813e+06
4.711605352803981077e-07,2.804958741731989663e+06
3.306986922582871164e-07,3.988012589697289281e+06
6.326770007808827393e-07,2.623923605914934073e+06
2.282430035440484931e-07,2.888477006975243799e+06
3.656155746648703059e-07,2.575818843448660150e+07
1.437387426034053916e-07,4.947152003809009679e+06
8.503674476980123372e-07,9.178492411361299455e+05
8.773034449390412131e-07,1.286168891212921124e+06
7.458964314716786605e-07,1.525430887720804429e+06
7.361981949172990432e-07,1.786017116473621689e+06
7.496634017496216235e-07,1.826885918400755851e+06
4.101100857440422657e-07,3.949377802009917796e+06
1.449586408726897939e-06,1.081253015903780004e+06
1.338120897785835709e-06,1.170663698052581400e+06
2.968163973165746332e-07,2.839501469858211651e+07
2.091437380411339969e-07,2.674699656818819232e+06
2.277333954782534321e-07,3.125296536823358387e+06
8.574012911189175620e-07,8.757414576862340327e+05
6.813309889167953328e-07,1.187213860033660196e+06
9.150377570879812953e-07,1.000033827631229418e+06
9.780788873179132430e-07,1.040361189662305871e+06
8.361879381267282089e-07,1.415541330701412167e+06
7.840068464868937926e-07,1.591606088520295452e+06
1.454501222113442905e-06,1.077378000946507789e+06
1.485766711567588443e-07,3.390029459192607086e+06
1.404407242084979919e-07,4.061277767595940270e+06
7.629510451893265990e-08,9.016671490371946245e+06
1.715539736650619046e-07,5.088338656218210235e+06
1.743400359326483436e-07,4.940963157677412964e+06
2.048837480465811832e-07,4.417328204733246937e+06
3.969955201359460047e-07,2.572669532472705934e+06
1.954100261969277379e-07,4.856237205251834355e+06
2.437459507249780091e-07,4.758295806101241149e+06
8.042425664280617561e-07,1.739703563098390587e+06
1.231786632601400333e-07,7.977138796121296287e+07
1.688771148858883344e-07,3.522108048929416109e+06
7.259243369750058451e-08,1.047727339093846269e+07
9.922910515112816611e-08,7.257078840538586490e+06
1.450505627770502834e-07,6.639396050424940884e+06
1.548120826133119963e-07,6.280433946487377398e+06
1.243214752918996713e-07,8.210353606286684051e+06
2.935543980072813571e-07,4.403890810913111083e+06
3.012166558894296817e-07,4.320545999459749088e+06
2.480457258550047497e-07,5.627706729997532442e+06
4.398958012245162238e-07,3.569517635858476162e+06
5.064860932179367000e-07,3.277310743300209753e+06
1.588421797145646189e-07,2.048861387676563859e+07
1.688771148858883344e-07,3.522108048929416109e+06
9.361808798203637658e-08,7.240136599514188245e+06
1.281395192795738222e-07,6.163488839014713652e+06
3.702244119855505768e-07,2.471578768546865322e+06
3.750923345371506570e-07,2.708776139103480149e+06
3.315869928050441086e-07,3.261901774375055451e+06
3.896522103109007647e-07,2.898789320302452892e+06
5.196895374439040585e-07,2.166153446276318748e+06
4.140636484118165016e-07,2.822021930890627205e+06
7.289011825980463105e-07,1.928125775847692974e+06
3.196353432679284491e-07,2.204675655271662865e+06
1.264932835759889296e-07,5.598041807956493646e+07
6.968290323358314204e-07,1.408354687384929508e+06
7.414058891135591490e-07,1.313256095362436026e+06
5.417558460806609040e-07,1.980166006944344612e+06
9.486967875242504060e-07,1.120767283808419714e+06
5.889890299042553236e-07,1.879031146817716770e+06
7.274591395147915039e-07,1.727000040544953197e+06
7.765325524075957734e-07,1.605687617465781979e+06
1.198692973171836601e-06,1.060509355223293882e+06
1.413582059286636096e-06,1.107826551451152889e+06
2.925850325867734775e-07,2.286322138260953128e+06
4.563900643048354511e-07,1.726874721242469270e+06
5.858196173809797242e-07,2.130680199467030820e+06
7.619150594059117997e-07,1.224560856052287156e+06
7.308342724565680951e-07,1.389267408996959915e+06
3.098405051770304742e-07,3.331307482365909964e+06
5.933378201310156395e-07,1.857642807705399767e+07
8.932733369604986575e-07,1.163283447764937300e+06
4.716966908571110302e-07,2.367261881698396057e+06
7.864911985457287712e-07,1.453114333925190615e+06
1.331733838775146770e-06,1.051220659624330467e+06
1.344253438401625609e-06,1.044638949849271565e+06
3.329860604533642411e-07,1.944319646762596071e+07
2.975129902561888889e-07,2.183527385320704430e+06
4.372678597336076782e-07,2.024195247055237414e+06
5.018593949055714942e-07,1.994400621891711606e+06
4.901056835847636439e-07,2.099947172589599621e+06
2.760481298084270147e-07,4.057684166508110706e+06
7.697569583782161542e-07,1.392710442811261630e+06
5.737212221091103546e-07,1.883835263056148542e+06
5.466192244315578318e-07,2.037171947761711199e+06
6.298538867090554159e-07,1.838079666548815789e+06
7.240752808542214911e-07,1.947375302136393962e+06
3.411539721164604821e-07,4.919436558004271239e+06
4.815995010358917118e-07,1.146969887407291681e+06
2.764688895524141160e-07,2.795152150157183409e+06
5.046593729205273679e-07,1.780752578607847914e+06
7.900910170000757956e-07,1.162355568658641074e+06
8.519384106142751161e-07,1.101401011760848807e+06
5.342192977112842901e-07,1.733355893410260323e+06
7.350332737537334849e-07,1.403058153968359111e+06
5.737212221091103546e-07,1.883835263056148542e+06
7.691055069583309983e-07,1.506157352074487135e+06
6.298538867090554159e-07,1.838079666548815789e+06
9.065321343040114709e-07,1.272404389284416568e+06
3.930071969042772763e-07,3.901909402284555137e+06
6.736476216553745373e-07,7.151835467437905259e+06
8.581830447165814063e-07,9.511830992136574350e+05
5.303672522520053660e-07,1.569218761837920640e+06
9.325724241767486683e-07,9.266887825020933524e+05
5.467468923011674853e-07,1.628652324051069561e+06
8.060380166002927125e-07,1.260605236037003342e+06
7.350332737537334849e-07,1.403058153968359111e+06
7.481919864011143937e-07,1.488411479568562238e+06
7.143712816618367092e-07,1.550659113567178603e+06
7.688961000733636384e-07,1.446913041435562773e+06
6.847438430486879765e-07,1.784415268377960892e+06
7.552390156716271994e-07,1.770392344962569186e+06
3.925817808587548084e-07,1.456336449842049275e+06
4.599018051014468251e-07,1.413430642787896795e+06
3.085375498412121748e-07,2.042060278453836683e+06
6.234108893144185678e-07,1.480775436107877176e+06
8.585737910982492892e-07,1.143870650595916202e+06
8.370104652113998837e-07,1.226306475369262742e+06
5.987592704112865305e-07,1.776879267224091338e+06
7.262279544485982855e-07,1.447794086386814481e+06
7.481919864011143937e-07,1.488411479568562238e+06
7.688961000733636384e-07,1.446913041435562773e+06
7.132828689412045016e-07,1.626584814462871524e+06
2.611776463649624599e-07,1.874050058520166203e+06
2.607259784001311656e-07,1.793680080045468640e+06
3.925817808587548084e-07,1.456336449842049275e+06
3.085375498412121748e-07,2.042060278453836683e+06
3.885621530160039543e-07,2.631015019064407330e+06
3.891222217350120884e-07,2.632941671492044348e+06
5.269167793159470728e-07,2.081476803673156304e+06
5.528273561217175215e-07,2.174294640084713232e+06
9.566117775942752734e-07,1.546210367049345048e+06
1.054444326063518452e-06,1.484894744474654086e+06
2.548251744710441041e-07,2.121544739484979305e+06
2.611776463649624599e-07,1.874050058520166203e+06
5.772584550334827121e-07,1.521533362612555502e+06
7.113254220651164725e-07,1.288608108264624374e+06
7.408677865561734849e-07,1.275263248484797776e+06
6.735055125627951326e-07,1.480166728013960877e+06
8.014108783961955677e-07,1.315185936673608841e+06
5.554011633030708176e-07,2.156532381915689912e+06
6.665943639576301317e-07,1.862311020019977819e+06
1.114251020495150324e-06,1.408069103290843545e+06
6.894262389586813248e-07,8.995363049656542018e+06
6.383244572877832379e-07,1.188469994950865861e+06
6.216589969792409535e-07,1.229760157659624936e+06
8.480392398053182765e-07,9.578628909364006249e+05
7.113254220651164725e-07,1.288608108264624374e+06
7.111895726438140072e-07,1.283141632327893283e+06
8.472451226357173976e-07,1.065769588666490978e+06
9.359431955498535532e-07,1.050380356457993854e+06
6.107135208632841786e-07,1.730454948453099001e+06
7.473035325843929407e-07,1.576959850656310096e+06
1.226200225339097018e-06,1.208165235282003880e+06
6.700969190697749666e-07,1.002338656731505413e+06
7.781307435211542151e-07,1.072005102082131663e+06
9.223461479572149367e-07,9.747870551818889799e+05
5.565687074582947812e-07,1.780539554214263335e+06
5.574996617423259078e-07,1.822788633995400742e+06
4.330813711055650357e-07,2.314393347769977525e+06
6.069722373731931377e-07,1.697433851810393156e+06
4.849401978118277433e-07,2.253069057590977754e+06
7.099150962513112794e-07,1.585091788271124475e+06
9.011781530388425988e-07,1.338416346489805263e+06
9.762564202579464854e-07,1.364800911168646766e+06
1.162798878407664109e-06,1.207432781627269229e+06
1.819262821939465645e-07,1.219823833942133747e+07
2.335405520734242067e-07,2.691140938879029825e+06
5.656853354404814818e-07,1.475330206981096882e+06
6.752810868668521595e-07,1.327412800674541388e+06
2.839127269057863235e-07,3.130953832186195068e+06
3.039267379767130740e-07,3.141424960152552929e+06
5.318563455425929763e-07,1.886564411301568616e+06
5.828105468862883559e-07,1.849078622070671292e+06
3.587417384177536847e-07,3.314396838364350144e+06
4.420479674715909418e-07,2.824473990655660164e+06
7.959901794434003969e-07,1.776037774908685358e+06
9.782227913480989830e-07,1.435473991681856569e+06
8.754960472492910924e-07,1.696047517178775743e+06
1.787166662496714093e-07,1.120903665291360766e+07
7.445890556161176695e-08,3.115805270600453764e+07
2.325985623803120790e-07,2.551933524834274780e+06
2.792489910264239953e-07,4.006003262683238089e+07
3.360816171628945126e-07,2.500624983223055489e+06
4.287580066090398788e-07,2.350990213045066223e+06
5.167097387890102657e-07,2.037974676893959986e+06
7.335027621692655690e-07,1.497852744367655832e+06
6.251388888568309886e-07,1.802504871183569077e+06
7.935117819761464622e-07,1.519390950836489443e+06
8.930000900863596393e-07,1.382561383335325401e+06
7.921684101058549597e-07,1.691147203330080258e+06
7.009656149162220206e-07,1.966813693484954769e+06
7.498503905356695052e-07,1.826615805127168540e+06
1.293277725391944118e-06,1.284042627706834115e+06
7.263875418591340389e-07,7.326489087515623542e+05
5.530169979851694862e-07,1.004024123230355559e+06
6.059514349867785706e-07,1.509432604191160295e+06
9.333377160825496522e-07,1.006772914220549865e+06
9.106272073265509231e-07,1.041263607785016648e+06
6.835248462118456119e-07,1.414832851920723217e+06
1.062439357738888148e-06,9.237394414686076343e+05
1.054490965457293998e-06,9.658900064488596981e+05
9.051693514316200642e-07,1.177483830929623917e+06
9.474268623788065341e-07,1.117353837705044076e+06
2.904949077151545380e-07,5.247363559544529766e+06
8.622549996594675435e-08,5.577670242187586613e+06
6.748716927489716294e-08,8.697340594844628125e+06
1.039085020806525459e-07,5.662082203324429691e+06
3.800335810082579382e-08,1.656160477479503118e+07
1.184352733235388976e-07,7.813643475666022860e+06
1.650510572001672610e-07,5.490368796878076158e+06
2.057914659435399494e-07,5.234566642817980610e+06
2.287037966403692783e-07,5.052696838720764033e+06
2.254614023374488856e-07,5.200536916741872206e+06
2.370319031736583442e-07,4.912541291806164198e+06
1.403807753104563647e-07,5.481352312509494834e+06
9.514528914454826236e-08,8.513202373617788777e+06
2.100596274596685146e-07,3.980737033988791052e+06
1.669898335181768704e-07,5.197603586183344945e+06
2.057914659435399494e-07,5.234566642817980610e+06
2.351191298326761299e-07,4.737548470399474725e+06
2.192757398030056210e-07,5.260323376138806343e+06
2.761929762629049806e-07,4.079910674528655130e+06
2.287037966403692783e-07,5.052696838720764033e+06
2.269445013385261287e-07,5.407545582805957645e+06
2.535170349116038013e-07,4.932612133978312835e+06
4.654451618965613442e-07,3.179280897237492260e+06
8.101551779624969293e-08,2.100367639248990268e+07
1.647489592948313358e-07,2.000974340114402119e+06
3.728082799269873701e-07,2.193346843142556027e+06
3.003568037132850362e-07,2.873264961779196281e+06
4.405009642812531708e-07,1.925412244674489135e+06
3.326965570768551761e-07,2.724520570229849778e+06
6.782086658981745839e-07,1.522370487233716529e+06
7.529604090105693716e-07,1.402586361577044940e+06
7.629804271155251104e-07,1.543597118996503064e+06
6.771004232383219253e-07,1.931895668145647505e+06
1.244201994911765446e-06,1.335407229911980685e+06
4.929012669229978395e-07,3.531605579639355186e+06
5.269780894202393305e-07,1.069648811458758079e+06
4.817340314420227382e-07,1.259215022617482347e+06
8.946818107233851584e-07,1.094182716759446543e+06
8.900719372954307064e-07,1.100993114611173747e+06
8.639285596074107624e-07,1.139035626346992329e+06
8.971352618752071291e-07,1.136553034756882116e+06
6.782086658981745839e-07,1.522370487233716529e+06
7.529604090105693716e-07,1.402586361577044940e+06
1.957735142294446029e-07,5.656282483944205567e+06
7.788851044416216270e-07,1.592373652569165919e+06
7.908285621946855132e-07,1.568135530969355023e+06
1.372976499107018386e-06,1.141667710152426967e+06
1.734041698315776795e-07,4.676754031560691074e+06
2.607323555185392227e-07,3.746813684200081974e+07
3.125205211985326438e-07,1.737539136429482372e+06
2.629742650291894349e-07,2.273542071184589528e+06
5.740045034105807528e-07,1.642489460141440853e+06
9.030764661252749578e-07,1.131114994282847736e+06
8.971352618752071291e-07,1.136553034756882116e+06
6.537389518594310041e-07,2.228904439361190423e+06
1.240398282256844455e-06,1.269867018345379969e+06
1.286105452446260724e-06,1.376938189483368769e+06
1.057543924616845072e-07,6.762371334380806424e+06
1.476712999239974300e-07,4.933259004918670282e+06
1.686578041646361571e-07,4.825098665744491853e+06
1.949909742451012260e-07,4.950769718153226189e+06
1.503327071916412005e-07,7.174604813997740857e+06
1.850628265482631963e-07,5.630446089196172543e+06
2.812181247564589702e-07,4.005691126214407384e+06
1.658382817725227339e-07,6.695647074026767164e+06
3.015108247050847598e-07,3.854008165656839963e+06
2.397019128035892194e-07,5.045540510586230084e+06
2.493588730213379698e-07,4.844645832587087527e+06
1.362392295778108208e-07,9.167979201177434996e+06
7.544623293870031583e-08,2.984502785739124194e+07
1.130810520228099573e-07,4.999986340123459697e+06
1.489044592737703049e-07,4.085207774104262702e+06
2.169984259076494060e-07,2.913834467852067668e+06
1.476712999239974300e-07,4.933259004918670282e+06
2.076325641799584995e-07,3.896743052465043496e+06
1.686578041646361571e-07,4.825098665744491853e+06
1.862352692875417943e-07,4.416447534589444287e+06
2.936021710675194537e-07,4.698522663129801862e+06
3.770155139869795185e-07,3.598129054949081969e+06
3.236223613212125989e-07,5.174419109102337621e+06
5.698589541864786571e-07,2.917646273407581728e+06
2.152574686820538620e-07,1.296894327628440596e+07
1.430795523320926318e-07,5.945882093124441803e+06
5.866313496717035090e-07,1.601789598553069169e+06
7.279957662183429131e-07,1.269345652316989843e+06
8.746622231067829445e-07,1.109201410294216825e+06
6.974084834565842682e-07,1.448570639914032770e+06
4.581361281201243942e-07,2.289033263170712627e+06
3.815699589245562097e-07,2.817707834247302730e+06
7.564345594789232002e-07,1.574038367310397327e+06
7.366189426716595017e-07,1.775666439160595648e+06
1.364219351682423315e-06,1.148430691585873952e+06
6.707760135545553208e-08,3.314574534542959556e+07
1.186799134455968656e-07,8.892213041670022532e+06
2.726120768188861125e-07,3.183822912156790029e+06
3.505094826428250632e-07,2.548533966431887355e+06
5.866313496717035090e-07,1.601789598553069169e+06
3.839253266779620043e-07,2.514042351174295880e+06
6.974084834565842682e-07,1.448570639914032770e+06
3.476995336800111493e-07,2.957718598956041504e+06
7.964063207478779609e-07,1.396794597519813571e+06
7.564345594789232002e-07,1.574038367310397327e+06
7.366189426716595017e-07,1.775666439160595648e+06
1.068372284934682491e-06,1.187005888815044891e+06
1.364219351682423315e-06,1.148430691585873952e+06
9.008245719204034444e-08,6.319634471336076967e+06
1.203908361171208568e-07,1.632155636719699204e+07
9.752979735087126727e-08,1.002996094037520140e+07
3.385765520178802743e-07,2.752064357364709489e+06
3.606283767457042014e-07,2.729032112625243608e+06
2.457597084531028559e-07,4.091089698488328140e+06
6.099210782362602441e-07,1.738054605059742695e+06
2.386542445066155665e-07,4.850544010888122022e+06
3.397264561534206365e-07,3.783855186368829571e+06
3.085291308254535037e-07,4.190932212577350903e+06
3.160449319622697249e-07,4.354953360107515007e+06
4.904468127512620857e-07,3.197575399791636039e+06
2.645783013131431392e-07,1.382611420194641687e+07
6.250624861051541956e-07,8.976273289214617107e+05
9.248552969300471464e-08,7.269321511245300993e+06
9.274194435381122163e-07,1.075001587346899323e+06
1.109238177257057138e-06,9.479771598836897174e+05
1.056449689398885706e-06,1.116100763381162658e+06
8.551868513046444344e-07,1.441519460115219234e+06
9.176085614017907572e-07,1.429792122043316485e+06
1.376976259780158711e-06,1.075407935321529629e+06
1.721928978928714306e-06,9.650386710326578468e+05
3.515250724499956658e-07,2.677297784800979495e+07
1.462447102335608157e-07,1.907165447754355520e+07
5.304951962684958748e-07,1.093045612105116807e+07
1.214833174316753323e-06,8.103552366783689940e+05
6.470419855653737960e-07,1.482157091623100219e+06
1.241080072177155237e-06,7.884969247138981009e+05
7.088851104226135232e-07,1.689783420705811121e+06
9.958147919972608412e-07,1.226070146286551375e+06
8.102091084567817807e-07,1.603875698697272455e+06
1.355762714277994582e-06,9.829711530618018005e+05
1.383973104325358333e-06,1.132288390015013982e+06
1.566670806905409450e-07,3.137663951676200144e+06
2.478878327705662558e-07,2.435925571911091451e+06
1.359730160038335399e-07,5.250204770078312606e+06
1.547736099610812927e-07,5.927027204934571870e+06
2.103096961432224098e-07,4.165743740008194000e+06
1.475806149147275615e-07,6.210054975995819084e+06
2.267131879244210967e-07,4.198670005225255154e+06
6.226576288691780049e-07,2.129273144156208262e+06
3.980841101138799881e-07,3.316277132347376086e+06
5.071919029722230883e-07,2.671904529543855693e+06
7.799979036308909573e-07,2.130156738378865179e+06
2.327252590618485137e-08,8.920404981370879710e+07
5.647891073243627507e-08,8.584003539519984275e+06
1.603547916293058993e-07,5.341328665655652992e+06
1.481335999192003358e-07,5.860677688415496610e+06
1.613588756208972318e-07,5.470335825036099181e+06
1.651810320050659044e-07,5.543695028686468489e+06
2.209911009940645150e-07,3.823847120431090239e+06
1.999598878045255109e-07,4.768299054337892681e+06
2.215158859479107492e-07,4.507282972302257083e+06
2.191930136732149741e-07,4.565095737524813041e+06
2.448711378991751210e-07,5.590738465123182163e+06
4.344120143071875994e-07,3.830915242971283384e+06
2.052247700197015885e-07,2.184240374450272415e+06
2.063023967288482902e-07,2.952210185745666269e+06
4.161833673352730540e-07,1.596374187610451831e+06
6.123858131981822559e-08,9.868082108714818954e+06
3.375433877896454010e-07,2.757769295839797240e+06
2.826237346084634356e-07,3.856615551615196280e+06
4.226214147445382045e-07,2.777948897537565790e+06
5.056481347728159061e-07,2.622034988456989173e+06
1.103520583180381934e-06,1.343340954180733534e+06
6.536239979252861846e-07,2.268766109019079711e+06
3.204750588427219611e-07,6.188766644746053964e+06
2.321480362527331580e-07,2.795460099707211368e+06
4.755336580721876999e-07,3.333564618497632444e+06
4.020745169900204964e-07,2.116488258675141726e+06
8.741636084005942260e-07,1.083061429153670091e+06
2.873408761307738721e-07,3.575470200684672687e+06
5.039606178711767040e-07,1.844166704629262676e+06
8.798004419306113177e-07,1.076302470494230976e+06
6.059227280319924987e-07,1.888063963334886124e+06
5.686669113174736535e-07,2.047042202961298404e+06
6.699400827235099823e-07,1.841966999121859204e+06
7.897565734758713239e-07,1.783965281310763210e+06
5.860332422013085585e-08,3.641533372677021474e+07
1.780976277927034413e-07,4.346472027737079188e+06
4.428551509396415133e-07,1.773675958111517597e+06
3.780523133174441257e-07,2.967086782749992236e+07
6.599626893664786531e-07,1.394245204065270023e+06
5.286223849486077589e-07,1.768740006022972055e+06
8.193784580426413728e-07,1.262233050975960447e+06
4.623058940745306374e-07,2.754866504527845886e+06
6.071543195779174286e-07,1.852803504795171088e+06
5.638796670499279870e-07,2.088373324285443639e+06
1.089015722139304243e-06,1.161402645471401513e+06
9.505377370398473251e-07,1.327178826971949311e+06
9.901066843522538497e-07,1.496193300197546603e+06
5.573453139588148160e-07,1.152190309167426312e+06
4.710297776745632632e-07,1.463539086721175816e+06
5.580344167117027112e-07,1.532161744871044997e+06
6.802463664172413553e-07,1.285865697443146491e+06
6.127274625263333162e-07,1.420968707178009674e+06
6.572232850041758821e-07,1.382600103616267676e+06
6.424129624862800180e-07,1.423620263486549491e+06
6.813065133387847580e-07,1.376901858553374186e+06
5.701459158847621884e-07,2.070415341725219274e+06
5.794930021251214243e-07,2.036933324336329475e+06
9.938414251241144061e-07,1.490233285035599023e+06
3.560544129105314923e-07,2.032048006505485857e+06
3.082116786238519192e-07,3.721873017326533049e+07
4.782927216824502110e-07,1.767201123798389453e+06
5.087881509797927665e-07,1.699021414071325446e+06
3.649741566597346461e-07,2.412685880626415834e+06
6.016381859604865650e-07,1.444148544324123533e+06
6.613475680641293889e-07,1.377331777365490794e+06
5.603340775683087172e-07,1.762023012581390329e+06
7.751402650274200973e-07,1.309146317773274146e+06
6.908381350333634319e-07,1.596200939123775344e+06
7.972314881887213200e-07,1.592894781200245256e+06
1.437097585795014853e-07,2.686784702136630937e+07
1.576808703857243509e-07,3.819637237014812231e+07
2.491142735122241439e-07,2.842882761122781318e+06
2.287614361483063762e-07,5.026583744753291458e+07
4.516345474314864234e-07,2.020313224243480014e+06
2.110742946368926318e-07,4.680572209255291149e+06
4.370863507564745368e-07,2.759437755649765488e+06
4.403307627603730967e-07,2.832780997712149285e+06
4.004807629697102723e-07,3.347877162759747822e+06
6.595653672222100392e-07,2.398211749315934256e+06
7.977122693038302280e-07,2.083870553361375351e+06
1.437097585795014853e-07,2.686784702136630937e+07
1.642715089755025325e-07,3.126941059393879771e+07
2.491142735122241439e-07,2.842882761122781318e+06
3.106623288789729498e-07,2.581156287437385879e+06
2.625850161250368301e-07,3.474839291690460872e+06
2.788146586510402194e-07,3.665996441257604863e+06
2.952914133616463115e-07,4.464807464231836610e+06
4.553362715482527412e-07,2.814966594321679790e+06
4.287131831474607443e-07,3.117393439146184362e+06
6.263666254243226399e-07,2.506518138430308085e+06
1.017705231681280019e-07,1.724741630416616425e+07
3.858759302997624368e-07,1.443342065081680659e+06
3.158445296207025862e-07,2.445861260620940011e+06
3.159914666434709024e-07,2.197357090149951167e+06
4.186903657001794037e-07,2.283899298464631662e+06
2.882242022621371282e-07,3.398622671244749799e+06
4.781663347556747155e-07,2.028063745144035900e+06
2.356614149292093323e-07,4.395458854047520086e+06
4.236040842036293141e-07,2.736293504788393155e+06
4.295403352463430862e-07,2.824886158899477217e+06
3.774729234420800674e-07,3.265789483192751184e+06
3.667836985932908610e-07,3.396309929232127964e+06
6.884069032295270792e-07,2.030403106579216663e+06
4.096678022370798194e-07,1.293241309929539450e+06
3.858759302997624368e-07,1.443342065081680659e+06
2.345244739383446456e-07,4.667503335333833843e+07
3.159914666434709024e-07,2.197357090149951167e+06
5.277782610745091176e-07,1.907987920102785109e+06
4.435069094634106034e-07,2.329194086186286993e+06
2.547721723881021735e-07,4.050554602021733765e+06
3.993488521537979466e-07,2.720961302463649306e+06
4.549843941391901907e-07,2.451811658252295572e+06
6.290026007780692610e-07,1.898265557843423914e+06
6.572857941021212244e-07,2.029235907526245806e+06
2.485907239578653622e-07,2.567908122920488939e+06
5.415723073460194729e-07,1.537122252381414408e+06
5.192964381219334044e-07,1.788520566105665872e+06
4.328425422266235192e-07,2.215343601361370645e+06
3.680817121563020510e-07,2.745833169044074137e+06
7.896506911370632704e-07,1.389494642554672202e+06
7.650420982848126189e-07,1.571478176209162921e+06
9.572328284280214092e-07,1.286729067797183525e+06
9.952901716712594747e-07,1.251439752773020649e+06
1.007872638707928510e-06,1.292438945252622943e+06
8.185031506727032654e-07,1.565297676314526470e+06
1.540370447403906128e-06,1.018195763971769135e+06
3.367122496898080757e-07,4.822115169253713451e+06
1.739842473645980854e-06,9.547260083177119959e+05
3.286800216700053103e-07,3.584473614165390283e+07
3.818454003662599423e-07,1.891605444348047720e+06
8.947626478933146354e-07,8.585187457185124513e+05
8.826842735957465968e-07,1.016318048503010068e+06
1.008486004520153202e-06,9.148411425760694547e+05
1.159953687175342955e-06,8.365848450606979895e+05
1.236254724810579408e-06,7.946834123490995262e+05
1.084455986682758698e-06,9.244634789285933366e+05
1.257784834092749992e-06,8.101126711294321576e+05
1.413250426910871110e-06,8.441269475520144915e+05
2.713013192618336702e-06,5.459049888852763688e+05
2.169457852515459983e-07,9.652515265696490183e+06
3.286479605827446185e-07,1.408780943756022956e+06
8.175508994259935062e-07,1.106962257079660427e+06
1.111240470929902522e-06,8.623865365650379099e+05
1.439069624953548234e-06,6.991287148319372209e+05
1.875159057316938855e-06,5.783824145043613389e+05
1.851372947275135767e-06,5.862808284189231927e+05
1.489221721359183249e-06,7.639018664554110728e+05
1.594198912914823739e-06,7.046623912033638917e+05
1.574520161098185831e-06,7.500759714088346809e+05
2.723639908983522975e-06,5.435897485193951288e+05
2.603241813858818850e-06,6.025605104418483097e+05
3.227701622688388108e-06,4.859375840155767510e+05
4.484076397731774859e-07,4.390601668801802211e+06
2.430655174338851718e-07,3.830695798556719720e+07
6.678129872488077540e-07,1.098394696912297281e+06
6.722426772296232331e-07,1.202095826503821416e+06
1.062897225203296392e-06,8.316079263410767308e+05
1.439069624953548234e-06,6.991287148319372209e+05
1.650216387801311736e-06,6.821125740636884002e+05
1.594198912914823739e-06,7.046623912033638917e+05
1.578646765339249542e-06,7.932846842771561351e+05
1.407098582299046873e-06,9.859061927318380913e+05
2.603241813858818850e-06,6.025605104418483097e+05
2.986884905043847429e-06,5.584193952394333901e+05
3.023426229580403381e-06,5.858765504669708898e+05
1.633078731252785137e-07,3.819134278588218614e+06
4.759061636015846456e-07,1.730599855292660883e+06
3.955307594259042554e-07,2.239907830978453159e+06
3.893839151835424284e-07,2.377056581987770274e+06
5.969463624263739328e-07,1.565764151209498057e+06
4.605783702430106577e-07,2.311064000243412331e+06
4.672151995580587890e-07,2.349448556420057081e+06
5.651765224404504280e-07,1.998751907601089915e+06
6.735531948843853385e-07,1.884522009429586586e+06
9.606198204611269242e-07,1.460106555140062934e+06
1.199788372444716116e-06,1.240753133955934783e+06
9.440286237208859430e-08,1.581093676707036979e+07
1.200057327543451103e-06,1.310374224524623482e+06
2.570948334691370759e-07,4.614617991305745207e+06
1.330617433364870392e-07,4.674219882353318855e+06
2.795158993311202707e-07,2.235608958825766575e+06
7.067046323162928122e-07,1.264091536487850128e+06
4.842470323434764049e-07,2.107278634515337180e+06
3.194813861316940864e-07,3.531235329162901267e+06
5.211040971230011615e-07,2.148547680065452121e+06
5.380242936263739872e-07,2.202458435535759199e+06
9.653325214540092513e-07,1.452237226687624585e+06
2.180018473607379350e-07,6.762880625739826821e+06
7.858653946815668638e-07,1.886442955856313929e+06
2.572343183681537926e-07,4.256267403125517070e+06
2.795158993311202707e-07,2.235608958825766575e+06
9.758561879131714405e-07,9.310057232414409518e+05
1.389742167430943022e-07,6.987017524146421812e+06
9.437173184402548982e-07,1.005217638181472197e+06
7.056896017923376442e-07,1.499863908168070251e+06
4.763061226948946823e-07,2.667493703495888971e+06
6.851984440487360406e-07,1.798349757149347570e+06
4.014210786651237248e-07,3.146300019325774163e+06
2.089297416908765659e-07,6.875536164420261979e+06
1.077041680966327606e-06,1.375451374102259520e+06
9.306034236827948049e-07,1.596339923197541153e+06
2.211495028448996535e-07,2.785058134905643761e+06
1.958578797665394232e-07,3.767956485878122039e+06
3.280998336599934177e-07,2.074677245358583750e+06
6.372575255879044974e-07,1.308751645580769982e+06
3.379725159955092128e-07,2.437215768391959835e+06
7.482300600118414972e-07,1.292894519125996158e+06
8.022609168099608821e-07,1.264722433792038821e+06
7.656943709402835913e-07,1.552736744928190950e+06
7.191871928059244810e-07,1.738836053668175824e+06
2.581073273291149872e-07,5.342841167929818854e+06
1.391677905592820733e-06,1.062744466525279684e+06
6.640247694687818095e-08,9.735342928020063043e+07
1.843853565789404159e-07,4.145425644006347749e+06
1.640211567904948416e-07,5.044696115008665249e+06
2.022918500279376424e-07,4.171058282085407525e+06
1.571104065978611848e-07,5.751727905562717468e+06
3.064887224319019507e-07,3.832629364454451483e+06
2.650098264241342447e-07,4.597361092625449412e+06
3.232070147532392567e-07,3.946962581358192954e+06
4.347541050135086537e-07,3.071982836734390818e+06
3.831210300215795238e-07,3.468868803581585642e+06
4.084014548633580361e-07,3.433651933198333252e+06
5.950853606217610081e-08,2.838982559554589540e+07
5.631843483403982034e-08,1.500447908447628915e+08
1.843853565789404159e-07,4.145425644006347749e+06
2.022918500279376424e-07,4.171058282085407525e+06
9.643309508687666332e-08,8.895087260675741360e+06
4.410897848831357663e-07,2.378908759754956234e+06
5.897381625793446900e-07,1.920891888316065073e+06
5.904369915242804945e-07,1.928099852279584389e+06
2.266088900464003713e-07,5.353391596039567143e+06
5.433359801857909819e-07,2.199678506143104751e+06
4.071176549528532716e-07,2.993838545819786843e+06
5.498009782552728212e-07,2.429700023522128817e+06
1.038359231457961391e-06,1.509437219906463521e+06
1.878105212475336225e-07,6.394009487273186445e+07
8.575496969260884464e-07,9.551391939341402613e+05
4.838033578113960799e-07,1.892082042091582669e+06
6.630983804970943098e-07,1.487498540897360304e+06
3.664200952692824102e-07,2.879257853479060344e+06
5.434458462534145017e-07,1.951870257516962476e+06
1.219400274823534309e-07,8.859944834512054920e+06
4.549083768828199042e-07,2.473560496876598336e+06
5.738448313025039570e-07,1.984564661197679350e+06
5.275479986248077914e-07,2.380263050144383684e+06
8.231379705902028092e-07,1.475670306366128381e+06
7.434426520994198340e-07,1.897844694780974183e+06
1.047700740968669078e-06,1.411701157631052891e+06
3.251887109796701488e-07,3.637016904444088042e+07
2.590489537169165045e-07,2.995758363940598909e+06
4.288316643680129029e-07,1.798053985545376549e+06
5.789466330584875669e-07,1.670792278843163745e+06
5.087233992957325142e-07,1.939288048509730492e+06
4.062275307070891734e-07,2.546934001661158167e+06
3.321973266015443346e-07,3.421762957616747823e+06
6.901777553695143770e-07,1.698053097634146223e+06
6.988496016178141019e-07,1.745144588443762623e+06
6.410986801646001733e-07,1.877269845889959252e+06
9.251649705983193346e-07,1.439530819551320747e+06
1.004319698640036252e-06,1.328033498574499274e+06
9.682733700419388741e-08,7.018665662873525172e+06
5.281933552231871607e-07,1.868698652810389409e+06
2.850271716443506289e-07,3.323445891178095713e+06
1.905084425668754397e-07,5.235337702246028930e+06
1.855359235778521630e-07,5.218246151167030446e+06
3.158429240857215543e-07,3.278574251480147243e+06
1.576531127815745305e-07,7.085692367800384760e+06
3.720190281965674816e-07,3.044649668588274624e+06
2.996771281797267381e-07,3.672317097756904084e+06
3.203922255200133225e-07,3.666574253105133772e+06
5.501827824169778564e-07,2.425052625941585284e+06
4.862513852284265197e-07,2.761357190473106690e+06
6.606529007437207765e-07,2.239404449462349527e+06
2.089285131233198291e-07,4.182919486929149926e+07
9.899271151720031833e-08,6.208705153948990628e+06
2.661977456603456289e-07,2.382710508608183824e+06
2.316367342593741537e-07,3.876609862926640082e+06
4.854908797403681005e-07,1.904718416653195862e+06
4.644552093737999833e-07,2.226730205938367639e+06
4.655841216476980210e-07,2.266795745102366898e+06
5.763668047271990329e-07,2.074859272335501388e+06
6.179135495083670084e-07,2.011998940253527602e+06
6.350996299047213902e-07,2.103813021494983695e+06
1.078946891716778029e-06,1.452332227273821132e+06
1.724433905850449846e-07,8.722607627587528899e+06
1.404091433900616230e-07,1.136636799895619415e+07
6.420608207656014530e-07,1.228172275339311920e+06
4.816517753908705087e-07,1.759106559378228150e+06
5.164088679653017450e-07,1.944758008980727987e+06
4.328673433072728295e-07,2.563169214530569501e+06
5.813038460849091493e-07,1.911288153722490184e+06
5.853834247057583843e-07,2.040066954946427606e+06
5.763668047271990329e-07,2.074859272335501388e+06
5.750534080113283034e-07,2.213538597078856081e+06
1.078946891716778029e-06,1.452332227273821132e+06
1.817030734343542827e-07,7.524417439487264492e+06
6.598109622474925178e-08,1.210034855806370825e+08
2.356816075432897476e-07,3.457452310051403474e+06
4.937444446662147063e-07,1.807516259200600209e+06
4.736474847711252839e-07,1.865938006751177367e+06
5.849957169070724771e-07,1.658885866776324809e+06
3.243233595099757640e-07,3.156518121659546159e+06
3.016597777779413707e-07,4.044410835592145566e+06
4.922267518007030784e-07,2.336266314721164759e+06
5.201302794079529239e-07,2.456780862861132715e+06
6.840425027756208167e-07,2.295482785483301152e+06
3.904738444156256169e-07,1.756269045986459823e+06
3.482219660035750766e-07,2.508710029707643203e+06
2.236931733525616707e-07,3.881923274493057281e+06
2.537099864881449971e-07,3.508592430152242538e+06
3.462989102039543508e-07,2.720205913406687323e+06
3.126167526499105660e-07,2.966828891567560844e+06
4.876945744402517440e-07,1.964860027461769758e+06
3.989706567849388966e-07,2.750344550142733380e+06
3.219124952411668501e-07,3.613396038533945102e+06
4.717175315164888566e-07,2.451241806209104601e+06
4.125661985761523072e-07,2.997454255736700259e+06
7.032697903825149996e-07,2.103901727452917490e+06
5.561541113988245606e-07,1.471042444805108942e+06
3.482219660035750766e-07,2.508710029707643203e+06
4.378711104026435627e-07,2.060614619051606162e+06
2.537099864881449971e-07,3.508592430152242538e+06
3.126167526499105660e-07,2.966828891567560844e+06
4.294566322295168059e-07,2.388409646347472444e+06
4.496173674100731110e-07,2.260575360780016519e+06
3.216635816789945838e-07,3.178902882002030965e+06
3.490665189488019013e-07,2.894294202095738612e+06
3.161424891038515332e-07,3.506306759013287723e+06
3.951230202162817140e-07,3.124552305463635363e+06
6.827317938339609711e-07,2.050600223286868073e+06
5.561541113988245606e-07,1.471042444805108942e+06
4.302256722893646977e-07,1.950076017699463526e+06
5.576413134294386178e-07,2.187571158581801224e+06
6.792787351260284926e-07,1.325573551994158421e+06
4.975663335776759012e-07,1.882744341686732369e+06
4.496173674100731110e-07,2.260575360780016519e+06
4.294566322295168059e-07,2.388409646347472444e+06
6.524360008773947703e-07,1.664718461009002756e+06
6.844071818672944685e-07,1.574413709593283944e+06
7.160457928463729943e-07,1.733269920299168676e+06
1.290860608193152988e-06,1.084988209222686477e+06
1.168957624642159782e-06,1.267374489279223373e+06
1.900827396015239432e-07,9.177351891934912652e+06
6.607286090799955893e-07,1.027270593641078915e+06
6.419934461358341210e-07,1.056971502331980737e+06
8.491777108403020950e-07,1.045737471340739168e+06
9.368414793536848357e-07,9.654244713654820807e+05
6.792787351260284926e-07,1.325573551994158421e+06
6.380627032972299976e-07,1.527877477549084229e+06
7.136558823803733701e-07,1.443391389709262410e+06
6.814487403243275782e-07,1.599563466508767800e+06
5.886054565585348575e-07,2.026974105176893296e+06
6.402454613173492364e-07,1.947434531110001728e+06
1.170841105469301151e-06,1.198593429636577843e+06
1.221186227474077952e-06,1.211732633880647831e+06
1.187486584228894743e-07,7.816925764514687471e+06
3.291424392932607540e-07,3.426679906259123236e+07
4.039763207366827521e-07,1.803119825529339490e+06
5.767594088021033097e-07,1.544774382273045368e+06
6.565656636981343485e-07,1.422227673184935702e+06
5.033330133087331518e-07,2.202884908753192052e+06
6.476262969383148757e-07,1.763159044974141754e+06
6.760664564129132623e-07,1.755548715883482946e+06
5.890081031063773382e-07,2.276829511561904568e+06
7.815214548644967084e-07,1.801945691653652815e+06
7.715490779210529170e-07,1.926666099810153246e+06
1.223934591090662019e-06,1.208692646923468448e+06
1.187486584228894743e-07,7.816925764514687471e+06
3.976463080537858691e-07,2.124047778921709862e+06
5.953425196395107370e-07,1.438767243813193170e+06
3.477317652022933329e-07,2.659549663806966972e+06
4.370523715635944256e-07,2.055059721385869430e+06
4.387868180044380012e-07,2.170726330884255003e+06
4.779943929906134007e-07,2.032380038380418206e+06
3.823558094375224626e-07,2.547655678096371237e+06
6.107079113600793569e-07,1.755213152385721449e+06
6.535045530983063998e-07,1.694674796928681899e+06
4.562968460521465479e-07,3.394087847887495998e+06
4.615351508525339214e-07,1.399400308012400987e+06
4.387868180044380012e-07,2.170726330884255003e+06
8.373412777660713469e-07,1.167780462376909330e+06
4.779943929906134007e-07,2.032380038380418206e+06
7.189795294365179880e-07,1.407155800942175323e+06
7.131182435621995914e-07,1.424510538337518694e+06
6.580131542391522950e-07,1.560786650490907487e+06
8.147220271655728918e-07,1.305028964431740809e+06
6.749685826899889687e-07,1.562878718691446586e+06
6.360416258622905930e-07,1.692967768366159173e+06
5.863973817249875025e-07,1.916968531962578418e+06
9.134973352452489550e-07,1.231111771803061711e+06
7.831995151861749959e-07,9.739153820393753704e+05
4.862370777495870242e-07,1.919194808872092050e+06
9.025190022410464562e-07,1.052910347000233131e+06
1.009276238313069737e-06,9.697948828799357871e+05
9.881790721376155574e-07,1.037029248183590127e+06
8.103710617073043347e-07,1.261675734703081194e+06
9.929325268507098007e-07,1.022135797027636087e+06
6.580131542391522950e-07,1.560786650490907487e+06
8.428141214132189695e-07,1.204369667162747355e+06
7.189795294365179880e-07,1.407155800942175323e+06
6.222425677730346531e-07,1.684207381356124766e+06
1.321080470075400152e-07,8.009944702342199162e+06
1.291187752749902099e-07,6.320005304240553081e+07
4.636968057153124753e-08,2.011904987499789596e+08
1.122858950023250459e-07,1.298211234794593602e+07
2.070179314828241017e-07,4.571889479084509425e+06
1.274858791435149548e-07,7.088958740003457293e+06
2.379382487015198032e-07,4.030654468848461285e+06
2.314739073453829836e-07,4.347098914931105450e+06
2.161821752249869022e-07,5.510303288367014378e+06
2.534215098416378471e-07,4.890141291098611429e+06
4.031062273480116783e-07,4.127039529250581749e+06
1.656905702887279881e-07,2.524728108587937430e+06
1.226634311028313546e-07,7.627093086473043263e+07
3.596968210017080757e-07,2.031659490259360755e+06
2.696768358578111474e-07,3.521885506775674410e+06
3.301404317233825402e-07,3.457525671647740528e+06
7.403423157477330555e-07,1.561081430048843380e+06
4.912774558393282514e-07,2.352965067910996266e+06
9.356859483954411977e-07,1.314745547795015154e+06
6.906847000731065574e-07,1.931896340593611356e+06
1.497640966656035719e-06,1.047475484441609588e+06
2.235893826644233249e-07,1.023417222977134585e+07
3.566499491681150042e-07,2.130917402508646250e+06
4.386320650107865716e-07,1.956251077927441336e+06
5.836470580242802362e-07,1.460280472153333249e+06
9.381084543142943587e-07,9.887902473178746877e+05
1.431337120507719317e-06,6.678176862801290117e+05
1.158285368932029167e-06,8.005872159273519646e+05
1.428032394125211493e-06,7.234296854472598061e+05
8.721259904244566012e-07,1.269069776620256528e+07
1.175340712447501141e-06,8.678208558129112935e+05
1.410016566691276088e-06,7.851887148310741177e+05
2.131331863197082434e-06,5.943487672453765990e+05
2.173704583449623555e-06,6.122271323950806400e+05
1.974699543297837276e-07,1.444436899187264964e+07
5.733133819992645927e-07,7.924723505130056292e+05
1.074832621622641348e-06,8.595042353955445578e+05
5.106496476702782675e-07,1.761145625103317434e+06
1.246445700439426519e-06,7.495731038108472712e+05
1.610812747358228095e-06,6.076538630349129671e+05
1.812575750386743316e-06,5.845591547647485277e+05
1.379122751982472143e-06,7.794666486446274212e+05
1.138161877016344826e-06,1.050520223369798856e+06
2.206373986480502769e-06,7.110440783315160079e+05
1.974699543297837276e-07,1.444436899187264964e+07
7.911360439939262694e-08,6.295354172296630591e+07
5.159174693636005995e-07,3.995041143746351823e+06
5.224252544355352254e-07,1.707723379262759583e+06
5.170796648307946051e-07,1.914689367153020808e+06
5.918670219850244730e-07,1.703831819857567549e+06
4.664425446586200007e-07,2.200109140603773762e+06
4.949162097118159427e-07,2.232239136837640312e+06
5.035725469199140705e-07,2.786446368119140156e+06
1.666709507384800012e-06,1.005960591940196231e+06
1.327396620381208669e-06,1.273281267251814483e+06
1.949160806380148629e-06,9.626967471888060682e+05
5.643108434159259891e-07,1.285497846127313795e+06
7.911360439939262694e-08,6.295354172296630591e+07
1.188947500260260931e-06,7.719218216523687588e+05
2.455793547633914215e-06,4.188196012564803241e+05
1.625349202594763979e-06,6.447131364080510102e+05
2.323361607309668707e-06,4.848962446013876470e+05
1.822762720186769512e-06,6.295213150466363877e+05
1.517928509779429215e-06,8.141693725192713318e+05
1.795723490646323722e-06,7.021250465953829698e+05
2.682730899710875492e-06,5.230792610230496502e+05
3.152003788130879968e-06,5.418379230546315666e+05
3.682678719594093561e-06,4.264402494210019358e+05
7.766214260687259371e-07,7.647003566594220465e+05
8.573373904471885378e-07,9.115350135406717891e+05
2.327275259253669718e-06,3.779227130755849066e+05
1.321261942974860136e-06,6.837908219268809771e+05
2.691717790521352533e-06,3.494749995454968303e+05
1.159231364825284009e-06,8.238082520470235031e+05
1.390947895506527276e-06,7.251502160528488457e+05
2.360960691727020401e-06,4.557134576923772693e+05
1.664577727240768169e-06,6.736411267382218502e+05
1.822762720186769512e-06,6.295213150466363877e+05
2.673702531335042495e-06,5.251483445322328480e+05
3.738471179612998624e-06,3.964266938209513319e+05
7.766214260687259371e-07,7.647003566594220465e+05
7.705810157153629840e-07,7.846307727698859526e+05
1.199729947415998662e-06,7.633750360213572858e+05
1.511837877754066997e-06,6.154903047757439781e+05
1.285550960259961408e-06,7.330989291462256806e+05
1.077513609147245435e-06,9.087752794041981688e+05
1.067043907529277473e-06,9.252014020602439996e+05
1.083636498736895513e-06,9.321868703506191960e+05
8.571856471913413019e-07,1.194805607542680111e+06
9.574234146111242685e-07,1.119800978682142217e+06
1.048220041199654283e-06,1.056218711059144465e+06
6.239158130687115739e-07,1.081714218563002069e+06
9.308038270089308598e-07,1.012243931418399210e+06
3.149458847146948979e-07,2.495675313418732490e+06
8.411571694826277766e-07,1.093757127410213696e+06
4.128342887486450034e-07,2.332450580255363602e+06
8.869425427562326923e-07,1.103619536863813875e+06
7.786782841936132599e-07,1.202364279703427572e+06
5.152581845757370819e-07,2.173138295626761857e+06
9.122196974326557585e-07,1.294625825101410272e+06
9.371988475068632990e-07,1.309478991053840611e+06
7.552860968891627333e-07,1.831060808651506668e+06
1.524717068201669719e-06,1.027700879107730463e+06
3.772043628726239403e-07,2.786691429315414652e+07
7.430754739455309116e-07,7.642612169341568369e+05
6.239158130687115739e-07,1.081714218563002069e+06
1.720887182649614761e-06,4.535254779332859907e+05
2.230615576507499835e-06,4.244202399608369451e+05
1.842080415953945775e-06,6.137684341461010044e+05
2.948207522527601541e-06,3.910767256034323946e+05
1.730759044885790522e-06,7.169033510176250711e+05
1.331086769742326780e-06,9.776657356345863082e+05
3.100184137698233752e-06,5.057335871731251245e+05
1.985610027663800394e-07,1.115574366714366339e+07
4.209531937028072803e-07,5.388614093372837640e+06
9.626258886104426665e-07,7.372569946806284133e+05
1.650470890388645802e-06,5.193783845148038818e+05
2.300465120741242699e-06,3.948274810548689566e+05
2.365707590422642619e-06,3.834792881582709961e+05
1.814254178667077990e-06,5.146169509909984190e+05
1.562875943889845993e-06,6.340533509972646134e+05
1.661933907699810989e-06,6.117684089198743459e+05
1.842080415953945775e-06,6.137684341461010044e+05
1.730759044885790522e-06,7.169033510176250711e+05
3.100184137698233752e-06,5.057335871731251245e+05
1.043170779433813122e-07,4.231189490642436780e+06
2.080607648935185293e-07,3.336409660045951605e+06
5.029461439042575123e-07,2.849724275884487666e+06
2.586728156313662028e-07,2.755137484527306166e+06
5.290144284663021912e-07,1.797254278649609070e+06
1.180972200081943826e-06,3.389819968274178449e+06
7.269199094240002231e-07,1.608339153199893190e+06
1.017007792258742159e-06,1.310089222304522060e+06
2.199905362549194637e-06,8.067283156831949018e+05
2.373055451895964411e-06,7.456127265330842929e+05
6.626374687398231499e-08,1.516134720759447515e+08
1.215975882869405792e-07,4.959949704890965484e+06
1.264146888322198933e-07,6.161455419668273069e+06
1.040444851994624692e-07,6.307654419612195343e+06
3.014477064398965880e-07,3.680338112073143478e+06
2.216000212847645318e-07,5.432113542532952502e+06
3.789364341385800018e-07,3.187938351557536982e+06
3.071506868017731656e-07,3.890079364496545866e+06
3.564822453612437404e-07,3.421626786196170375e+06
5.766037026158076670e-07,2.153501999984186608e+06
2.044242649129099118e-07,6.209757755724254064e+06
3.965626956162619782e-07,1.488034623798271641e+06
8.592227431890963845e-07,1.269745843727365835e+06
6.339358230964702891e-07,1.771166286664323648e+06
7.069455360284345458e-07,1.631696692779643461e+06
7.556397576204224383e-07,1.571620147523736348e+06
8.000305776763666343e-07,1.551659413009265903e+06
8.595150389790459004e-07,1.443091353736096062e+06
7.036094434777574756e-07,1.759908500233804109e+06
3.864342136236112087e-08,3.409705978495926410e+07
1.390017650117745521e-06,1.127617488607000560e+06
1.525568666859557706e-06,1.027510120983965229e+06
1.676727450770109883e-07,6.106982758415492252e+06
4.754840217603770775e-07,1.043583603182980441e+06
1.043183137384848095e-06,8.450416559572312981e+05
1.096369293248670973e-06,8.579511267024708213e+05
7.499041592933538311e-07,1.393124472393901553e+06
7.397649821514698410e-07,1.592700117490127916e+06
8.429135756282772853e-07,1.400153438188587548e+06
7.138019771813420488e-07,1.749610740580309648e+06
5.913666751085099925e-07,2.122846589546781965e+06
2.680211113636720547e-07,4.484600388570251875e+06
1.205012362507719020e-06,1.228977172719066730e+06
1.382017462520173192e-06,1.134838452026951127e+06
3.952249689479169900e-07,6.420182259073654190e+06
1.676727450770109883e-07,6.106982758415492252e+06
4.754840217603770775e-07,1.043583603182980441e+06
9.346951282374628618e-07,7.812756550374567742e+05
1.287765797110024812e-06,7.815140141074415296e+05
1.566600139624800659e-06,6.714933610375942662e+05
1.605441269272375308e-06,8.622149746318961261e+05
1.620603164282487641e-06,8.544061960537018022e+05
3.194407689550878580e-06,5.546164234643304953e+05
3.095433838546546921e-06,6.078066481696283445e+05
8.221337811329706944e-07,2.550491955974957906e+06
4.220337237861393054e-07,1.853114434772344539e+06
9.181750604740903828e-07,7.982843845754951471e+05
1.110785910169405050e-06,8.354472161338418955e+05
1.287765797110024812e-06,7.815140141074415296e+05
2.034028896228183610e-06,5.116073786246917443e+05
1.566600139624800659e-06,6.714933610375942662e+05
1.929401266262798581e-06,6.142544532119325595e+05
1.838645721287704699e-06,6.785309330158134690e+05
1.438798696378320940e-06,8.580708186804307625e+05
1.827485901081285379e-06,7.153650996693361085e+05
2.490888063395405303e-06,5.336600859997577500e+05
3.542542745976666166e-06,3.957968770969687612e+05
3.456273886045536683e-06,4.280393113689064048e+05
6.549626011318664549e-07,6.868773908144715242e+05
9.403549904079755586e-07,7.555022308898109477e+05
9.933680679096028308e-07,7.477781023412747309e+05
8.375858562390107547e-07,9.559826561626957264e+05
8.376241312283276924e-07,1.052706104111950612e+06
1.110785910169405050e-06,8.354472161338418955e+05
1.438798696378320940e-06,8.580708186804307625e+05
1.651622123848274155e-06,7.594620803830244113e+05
2.490888063395405303e-06,5.336600859997577500e+05
2.971908918696307491e-06,4.504665695759674418e+05
3.395165078876781029e-06,4.628484191020680009e+05
2.665712830091744052e-07,2.711114585667669773e+06
3.696735312783342834e-07,1.868052519108804641e+06
5.620255532477834209e-07,1.533883001378840534e+06
3.982197950336183398e-07,2.296523998057939112e+06
6.090647856878427091e-07,1.497400094131459249e+06
6.721363361445257167e-07,1.519987993025294039e+06
4.494644477064447884e-07,2.147842059058805928e+06
6.933609976350648313e-07,1.569139712774621556e+06
5.096978364611266983e-07,2.106531901519863401e+06
6.715192168775705848e-07,1.703099491493166424e+06
1.358203886297549850e-06,1.093222433794532903e+06
1.230368627725830071e-06,1.274732964032896329e+06
3.399730429861233968e-07,2.193188265135629568e+06
2.740854345178278698e-07,2.493701618079241831e+06
3.982197950336183398e-07,2.296523998057939112e+06
2.220937576651998769e-07,4.319346654649769887e+06
5.390193183829834386e-07,1.749740122970265336e+06
2.994031249156194260e-07,3.091973710953110363e+06
5.185308881887958256e-07,1.889121087423017947e+06
4.494644477064447884e-07,2.147842059058805928e+06
5.473460898728876106e-07,1.793447617820044747e+06
4.739147728823674948e-07,2.092907867063098820e+06
6.525628288001585704e-08,2.102431956862553582e+07
2.286566771429686268e-07,2.602482063665768132e+06
5.701394692522344223e-07,1.522402078195030568e+06
7.228146946749326401e-08,1.128703767598803900e+07
2.220937576651998769e-07,4.319346654649769887e+06
2.910183251464608706e-07,3.210533465229393449e+06
3.121513663666810704e-07,3.082422047448928934e+06
2.745594358450995483e-07,3.719059694042378105e+06
3.421093257228349124e-07,3.022025430223531555e+06
3.784460059189206511e-07,2.798118353714168072e+06
3.313352194385382545e-07,3.837053513262466993e+06
4.242247067934311614e-07,2.921983377903653309e+06
7.058668867686419939e-07,2.219379865506470669e+06
2.026763558362735892e-07,5.674423950382398441e+06
2.910183251464608706e-07,3.210533465229393449e+06
2.745594358450995483e-07,3.719059694042378105e+06
3.906898619160777115e-07,2.583439499375819229e+06
3.006485178489376093e-07,3.583686090420150664e+06
3.278345023428324202e-07,3.304651032503055874e+06
3.579580410670745255e-07,3.053507000319446903e+06
5.601788322213310085e-07,2.092332969145744108e+06
4.666371513689958116e-07,2.660652418879720382e+06
4.132651298321897601e-07,3.182269165727880318e+06
8.615373203438208278e-07,1.720036736664831406e+06
8.328318878350433445e-07,1.775804318918929202e+06
6.679313808005335410e-08,2.492962151172348857e+07
3.503273839456114066e-07,1.489403828924354166e+06
6.163548854080994902e-07,1.528595958530321019e+06
5.988437882721741429e-07,1.564330000711360713e+06
5.553103416761428130e-07,1.777948834259184776e+06
6.445935080130995731e-07,1.510952139401318971e+06
5.423902907223603066e-07,1.884745343740735902e+06
5.071461293909140947e-07,2.019823236667979043e+06
5.524404984661366789e-07,1.929328567938951310e+06
5.496862083561021302e-07,1.917696610519573092e+06
7.174763805870866758e-07,1.567786080719949910e+06
1.172268321062243712e-07,9.894766902868673205e+06
1.012116269780835051e-06,1.249763751081421040e+06
5.102087977264968147e-07,1.300956742283724062e+07
4.450161934010978455e-07,1.787263276704166783e+06
1.096007260075992373e-07,7.649507532105547376e+06
5.851861134220693669e-07,1.515275465092828497e+06
7.750828338935466854e-07,1.321847592933056876e+06
5.708561427458987474e-07,1.782658995554902125e+06
5.071461293909140947e-07,2.019823236667979043e+06
7.982965900858609371e-07,1.331595018672341248e+06
5.496862083561021302e-07,1.917696610519573092e+06
6.905858795527889729e-07,1.714765620149254566e+06
5.701476533124253659e-07,2.198264615469819400e+06
1.172774800667347911e-06,1.262988465533405310e+06
4.329759444437222402e-07,1.794017290246506920e+06
6.352391021278505583e-07,1.330954864955190569e+06
7.850649377142886757e-07,1.167859003089962294e+06
5.851861134220693669e-07,1.515275465092828497e+06
1.107397368157067104e-07,7.824329262851334177e+06
8.801442602026394903e-07,1.106208868807060411e+06
8.131699147439888753e-07,1.190886360148472479e+06
8.468415817234359601e-07,1.262524899595891591e+06
8.724397650031935692e-07,1.363584217718036147e+06
8.304439569762185153e-07,1.503629598739999579e+06
1.209298078512841629e-06,1.048417383665906731e+06
1.557643673299494386e-06,1.005630972044665483e+06
2.436551052838758171e-07,8.760898017590515316e+06
4.547398861544238117e-07,1.456900342479689978e+06
3.916420668046376861e-07,2.802413523301298544e+07
6.216387057662549230e-07,1.821842385799157992e+07
4.217758400255072388e-07,2.226692248751430772e+06
5.360941342511383262e-07,1.839325996610508999e+06
5.797947090162839053e-07,1.643433065033915685e+06
6.662180407026252414e-07,1.521627938247720245e+06
8.785162624393074449e-07,1.162940460033100331e+06
9.671737676266615011e-07,1.118485405472553568e+06
1.188417956864440580e-06,1.123688557387066307e+06
1.525302562716634987e-06,9.197631649984003743e+05
1.076906889839629579e-06,1.298630972453690832e+06
9.373181452732033031e-08,3.929360780895435810e+07
3.078968451900876278e-07,2.749247338399801869e+06
3.766916734934833546e-07,3.024261499212012812e+07
5.987669256242750050e-07,1.525426004972555442e+06
4.036653086454305700e-07,2.299762503169131931e+06
5.956846039808383375e-07,1.646973123627982335e+06
3.620986935219326132e-07,2.775198308343387675e+06
4.585180534669559069e-07,2.277966608905110043e+06
4.245570101661136342e-07,2.626390816602240317e+06
4.718246702910413135e-07,2.473728433835004456e+06
5.781670996251809431e-07,2.085205706408375409e+06
9.373181452732033031e-08,3.929360780895435810e+07
2.807532986200134748e-07,3.250097870605236385e+06
1.023379224780064868e-06,8.361246413954229793e+05
3.915970838518895091e-07,2.356596854852380231e+06
4.396700896191196456e-07,2.059703125072987517e+06
4.419244464998272174e-07,2.021641955503916834e+06
8.313442533254647874e-07,1.271581616566717392e+06
9.746773779709472543e-07,1.214204110225484241e+06
4.485966173585303494e-07,2.685908435700739734e+06
8.925411079640364298e-07,1.399220013775426429e+06
1.078512753007028171e-06,1.306324112017425708e+06
1.626349906374017964e-06,1.021568557180163218e+06
3.953089897719054091e-07,5.262991513158096001e+06
7.124139145045368906e-07,1.230713062928553438e+06
9.023588723220365525e-07,1.049401297760135029e+06
5.439512649328468374e-07,1.800977517788773170e+06
5.555294965294127150e-07,1.759833455447656102e+06
9.527844868017312493e-07,1.017421551146264421e+06
6.390468475842746903e-07,1.585862512728137430e+06
6.094045300448566006e-07,1.680893830918201711e+06
8.031482615209917879e-07,1.379941708600332029e+06
9.436272771367782537e-07,1.258800477058537770e+06
8.723845702499452761e-07,1.500814235972756986e+06
1.103755397863629086e-06,1.274927837313409429e+06
1.643350843185442719e-06,9.535172111655034823e+05
4.186712627179739267e-07,1.839655498078693869e+06
7.708193789417371433e-07,1.163494729646996129e+06
7.286258822874515076e-07,1.286941587601886131e+06
6.720013879192190382e-07,1.414368766244041733e+06
5.439512649328468374e-07,1.800977517788773170e+06
7.384550859466845947e-07,1.314266925250768894e+06
5.555294965294127150e-07,1.759833455447656102e+06
6.390468475842746903e-07,1.585862512728137430e+06
6.094045300448566006e-07,1.680893830918201711e+06
6.243438993906196195e-07,1.748807385889066383e+06
8.083544342518189242e-07,1.337373000552527839e+06
1.010688930713011784e-06,1.185599010684628971e+06
4.234962821994085624e-07,1.703199028555679368e+06
1.775733754416542896e-06,4.935253046042707865e+05
1.830675951246000187e-06,4.958716255971783539e+05
7.708193789417371433e-07,1.163494729646996129e+06
7.286258822874515076e-07,1.286941587601886131e+06
8.043731655995607726e-07,1.136454477418713737e+06
7.145275247348617485e-07,1.403885973044337472e+06
1.672435413941277958e-06,5.871617517670302186e+05
6.940853798505614312e-07,1.531561198616299080e+06
1.151930114144975945e-06,9.890867266595090041e+05
1.222612389887702067e-06,9.667095736644240096e+05
2.143894236884820969e-06,6.905006909128114348e+05
7.015664844114963936e-07,8.204828504506964236e+05
1.112352802139012325e-06,1.221652314375414746e+06
5.421051009329793040e-07,1.321383150772198802e+06
1.615172283998864185e-06,5.156124700359699200e+05
1.605192196137017705e-06,5.689446516103449976e+05
1.722799146478447322e-06,5.461570638922704384e+05
1.132375726941048933e-06,8.741570401579767931e+05
1.259270667974187161e-06,8.058196974243569421e+05
1.528848406709062209e-06,7.385372352626315551e+05
1.333452126994749566e-06,8.931194345982808154e+05
2.564841631631245292e-06,5.772480596960327821e+05
7.015664844114963936e-07,8.204828504506964236e+05
4.960986600169671403e-07,1.219080858538565924e+06
5.125787251479446624e-07,1.748752641678890912e+06
6.743231317512162573e-07,1.423820599605731899e+06
1.132375726941048933e-06,8.741570401579767931e+05
1.259270667974187161e-06,8.058196974243569421e+05
7.960674191147786440e-07,1.292825024062821874e+06
7.271551573926716257e-07,1.449981672942891251e+06
8.793915761648726747e-07,1.204690552555304952e+06
6.742396912879393463e-07,1.658319262323415605e+06
1.016022055532567682e-06,1.371995152286748867e+06
2.218571484315257752e-06,7.513019185416927794e+05
4.963070603843818618e-07,2.265156552286525723e+06
5.530065575108613508e-07,1.606887947590710595e+06
4.345746292442020500e-07,2.095271469120752765e+06
5.793597460057645882e-07,1.913047166696366156e+06
4.657437142102014560e-07,2.083585446555777919e+06
6.013938771026483186e-07,1.689458551738681272e+06
6.580888634454015189e-07,1.525985190483857412e+06
7.960674191147786440e-07,1.292825024062821874e+06
7.271551573926716257e-07,1.449981672942891251e+06
5.872599359458620068e-07,1.793127477882147534e+06
4.971810191560355917e-07,2.166513964459056500e+06
8.793915761648726747e-07,1.204690552555304952e+06
3.004138751222795316e-07,1.939542607566174585e+06
2.246986335666303511e-07,3.476939548682268243e+06
2.878515445556273182e-07,2.748572065514398273e+06
4.509014316727660270e-07,2.094796174554999219e+06
4.727772912030996500e-07,2.095967811514280038e+06
4.657437142102014560e-07,2.083585446555777919e+06
6.013938771026483186e-07,1.689458551738681272e+06
5.117326811698456450e-07,2.064425947105121799e+06
5.872599359458620068e-07,1.793127477882147534e+06
5.779857418233497588e-07,1.848192778547718655e+06
4.971810191560355917e-07,2.166513964459056500e+06
1.606533445337211045e-07,4.227569311411660165e+06
2.305336375617551077e-07,3.276108792197003495e+06
2.466014625338807977e-07,3.509204653868563008e+06
2.834175806155325320e-07,2.898407091159507632e+06
2.748442973770035797e-07,3.190361674684015568e+06
2.889334686742370754e-07,3.074522233289075550e+06
3.049773917017000738e-07,2.895600902880196925e+06
4.553074582173578218e-07,2.276198302577684168e+06
2.044659260156669817e-07,5.475489595250097103e+06
4.523855662199196631e-07,2.648946967039478011e+06
6.250573212646410809e-07,2.024916196537694195e+06
1.588007543918514188e-07,4.007295115591484122e+06
4.571106374398595272e-07,1.467107728799542179e+06
2.889334686742370754e-07,3.074522233289075550e+06
3.049773917017000738e-07,2.895600902880196925e+06
3.793553659075817724e-07,2.395722516682321206e+06
5.662915197917541230e-07,1.678310922734889202e+06
5.819491839060387388e-07,1.683826785891062114e+06
5.787800531891316895e-07,1.698652067735218909e+06
6.064059665336748749e-07,1.614874761103204219e+06
2.540951922933040656e-07,4.041196045990670100e+06
1.632313947415036411e-07,8.940528768280539662e+06
3.544643846694684050e-07,2.120371379514165688e+06
1.829988107348045050e-07,4.572837466785868630e+06
2.757297882579875679e-07,3.107156683759510983e+06
2.745629838928077322e-07,3.331613086325411499e+07
2.927028575385171389e-07,2.789973934383927379e+06
4.150739564095588802e-07,2.320981591492410749e+06
5.012376294088318694e-07,2.166348618510014843e+06
4.713163324391761506e-07,2.629809805729459040e+06
4.123930600659291650e-07,3.351960978230592795e+06
4.356342668345936403e-07,3.164790283850837965e+06
8.258790122372147503e-07,1.790169517464115284e+06
8.312897147078001555e-07,1.999107725424849894e+06
2.256996301318910740e-07,7.619508127060942352e+06
3.144776505213322549e-07,2.189756315081985202e+06
1.829988107348045050e-07,4.572837466785868630e+06
2.927028575385171389e-07,2.789973934383927379e+06
3.175951998840637851e-07,2.880305344393366482e+06
3.308291378302505226e-07,3.073929239135815296e+06
3.536384960090700611e-07,4.361809228182887658e+06
1.537738225711228973e-07,7.939047974119469523e+06
3.261547117895374974e-07,3.598195808809896465e+06
3.681478389809522081e-07,3.137125598958959337e+06
3.957989464678113986e-07,3.079774011622053105e+06
4.025403991380792031e-07,3.188331057341736741e+06
4.728749948765293168e-07,2.760756555376582313e+06
7.924924413037305946e-07,2.095810992711836006e+06
5.179387078213742670e-07,1.106335788388752611e+06
4.321320492662260158e-07,1.404379997745147673e+06
3.144776505213322549e-07,2.189756315081985202e+06
5.683492894375965886e-07,1.617754630306440871e+06
6.327947808540776331e-07,1.432601090084012132e+06
4.138381126488603106e-07,2.193229368704322260e+06
6.015714001538974186e-07,1.651133990697202273e+06
5.381302572543478419e-07,1.918270507207984570e+06
5.883949282191407369e-07,1.729045437490241136e+06
6.503742004732726268e-07,1.633018329212054610e+06
2.945248693635564935e-07,5.533569714836523868e+06
5.179387078213742670e-07,1.106335788388752611e+06
4.586982749583416365e-07,1.295119244413706008e+06
6.148123596494843947e-07,1.538291689113379456e+06
6.015714001538974186e-07,1.651133990697202273e+06
7.586353721605954511e-07,1.300096288565745810e+06
6.414733014659247096e-07,1.589100152038183529e+06
6.503742004732726268e-07,1.633018329212054610e+06
6.095020155187701481e-07,1.755039694630549755e+06
6.929721632588241539e-07,1.537439791390300263e+06
6.304061828639103026e-07,1.883497049417449161e+06
6.212375186123233130e-07,2.099007729799296241e+06
1.130555232045724158e-06,1.308937310219220584e+06
4.783713965382534884e-07,2.336499844923277199e+07
7.343459003727807465e-07,1.289307248446731130e+06
5.010749876172454663e-07,1.884796930815683911e+06
7.747597502244578847e-07,1.260722719904269092e+06
7.323583736118857506e-07,1.410435340295236092e+06
6.414733014659247096e-07,1.589100152038183529e+06
6.095020155187701481e-07,1.755039694630549755e+06
6.933129459921721965e-07,1.556444311182379024e+06
6.663604216827957845e-07,1.595610242518485524e+06
5.606238472087304965e-07,1.884959514327106532e+06
6.631604368957492105e-07,1.606195211158073740e+06
1.116899405224249552e-06,1.132780558859316865e+06
1.111393767086948151e-06,1.196176416194666410e+06
4.883444241793927354e-07,1.466580530256464612e+06
6.109603543976467373e-07,1.248399019282467896e+06
8.528948195130818105e-07,9.848101154720996274e+05
7.343459003727807465e-07,1.289307248446731130e+06
7.747597502244578847e-07,1.260722719904269092e+06
5.931635214739820743e-07,1.624682678898807848e+06
4.373840136518628598e-07,2.403713101840341929e+06
6.663604216827957845e-07,1.595610242518485524e+06
6.631604368957492105e-07,1.606195211158073740e+06
1.039822158768049556e-06,1.080243570328378584e+06
7.286446786041524642e-07,1.664860493582854280e+06
1.592948522026738572e-06,9.853918052618461661e+05
2.255019948814735265e-07,2.349859095249566250e+06
6.307951924461447336e-07,1.487810228517879266e+06
4.778237373635265595e-07,2.018300571915119886e+06
3.863316308365566610e-07,2.559021244198491331e+06
5.538289852891098158e-07,1.739085223048828077e+06
8.167791555229780908e-07,1.180221408516791649e+06
9.746072680190682529e-07,1.166674591989165870e+06
7.755662739799190583e-07,1.492169372219071724e+06
9.429423244783362455e-07,1.315295444736040430e+06
9.693736097572515508e-07,1.281821239037829917e+06
6.891169832020370320e-07,1.848684303030549549e+06
1.632674710852290911e-06,9.062530928168221144e+05
1.733387100756505032e-06,9.039715280732627725e+05
3.120166611035454584e-07,1.897353291749631986e+06
2.484219636813568736e-07,2.404598682505453005e+06
5.101971887259873527e-07,1.820581423001328250e+06
6.307951924461447336e-07,1.487810228517879266e+06
6.368575196885463592e-07,1.575862453058394836e+06
8.167791555229780908e-07,1.180221408516791649e+06
7.632178290267003187e-07,1.324604536383893806e+06
9.746072680190682529e-07,1.166674591989165870e+06
6.233703623127166156e-07,1.792783996779188281e+06
9.693736097572515508e-07,1.281821239037829917e+06
1.008732586986305934e-06,1.255302634856198449e+06
1.733387100756505032e-06,9.039715280732627725e+05
6.382612641005027671e-07,1.149520363775972044e+06
3.443634105378774917e-07,2.000726000624851556e+06
7.828403276088205041e-07,1.025440843549817218e+06
6.108516592661229587e-07,1.339696609165384667e+06
9.483926560948543862e-07,9.177263700851971516e+05
8.584177002066548116e-07,1.034781093292782549e+06
6.368575196885463592e-07,1.575862453058394836e+06
6.185395946581183832e-07,1.642391773091995390e+06
7.632178290267003187e-07,1.324604536383893806e+06
7.668073716241086601e-07,1.462236067842368968e+06
1.245269643786574550e-06,1.126377311853020918e+06
2.743140540378757279e-07,2.202941429366501514e+06
2.284733849413623748e-07,2.975738051418581605e+07
4.111983798980866130e-07,1.968664952851014445e+06
5.584198044045787200e-08,1.265857297899790481e+07
5.774939585827512323e-07,1.601780993376555853e+06
5.885515281569048034e-07,1.800254143184310291e+06
7.971523606252347750e-07,1.356448133982599946e+06
7.980415177068236513e-07,1.341682494222344831e+06
6.669424639638851685e-07,1.714664787945523392e+06
1.236230500107784321e-06,1.135253517976386007e+06
1.188332029245242457e-06,1.287758555346347857e+06
4.262748024566757160e-07,1.630279567925086012e+06
1.389114643746182700e-06,6.196346695790939266e+05
2.209684956370472150e-06,3.952109350996899302e+05
2.076422499700834763e-06,4.397955233966946253e+05
1.617332995639526289e-06,5.747943494377898751e+05
1.396719326293683600e-06,7.125125918264354113e+05
1.618075923419106425e-06,6.240870474955313839e+05
1.812323575692445904e-06,6.235645316932634450e+05
1.599808134338747730e-06,7.805829986007664120e+05
3.017862419909678325e-06,5.194684011894064606e+05
5.836336656437423393e-07,1.249414172628593398e+06
1.295134366552130843e-06,6.276898739084263798e+05
6.400369223451413727e-07,1.329386365689998027e+06
6.062607851198562928e-07,1.409782798539334908e+06
4.692239622338105688e-07,1.728548119990454055e+06
1.617332995639526289e-06,5.747943494377898751e+05
1.937001018042977956e-06,5.334502285358909285e+05
6.324650143675606470e-07,1.701118835077728145e+06
1.812323575692445904e-06,6.235645316932634450e+05
1.516942754199760770e-06,8.259982384899734752e+05
3.039875377108463673e-06,4.609441725401123404e+05
3.021934308376341574e-06,5.193946587682378013e+05
3.216442562790414456e-07,1.511449986301658209e+06
3.038642461352783807e-07,2.790676054023671895e+06
5.248071027703701872e-07,1.675162922930932604e+06
4.121876763643982068e-07,2.113752628475664649e+06
2.409994992776742711e-07,3.905435177269753534e+06
5.341846800505225697e-07,1.909934208310856251e+06
4.933185557906622418e-07,2.095311123572326498e+06
5.225577977606201196e-07,2.082584090048587183e+06
4.836878216806326852e-07,2.367167644004545640e+06
7.136601912216687910e-07,1.877893316683706129e+06
5.429616166809687747e-07,2.484539634226998780e+06
9.276494777502178561e-07,1.596531598695912398e+06
3.317757522938192845e-07,1.619859876351607265e+06
3.038642461352783807e-07,2.790676054023671895e+06
8.049518150166009303e-07,1.179823614948794246e+06
2.297995431127349928e-07,4.852589016803685576e+07
2.842118198643620860e-07,3.346174289840939455e+06
2.819366855644675611e-07,3.625110704143236391e+06
3.253286558482305528e-07,3.079894080059792381e+06
2.619783969984094599e-07,3.829408562435717788e+06
4.933185557906622418e-07,2.095311123572326498e+06
5.579917955765044763e-07,1.901575047209200449e+06
4.561820194996382304e-07,2.679518146254918538e+06
6.275915235807805175e-07,2.367022662387053948e+06
3.479628210890438253e-07,1.667476576135837939e+06
2.737136286066444796e-07,2.247583209809037391e+06
3.443623287015243026e-07,3.342579660669109225e+07
5.174900833438277665e-07,2.152447247679423541e+07
5.246975169428119611e-07,1.910847660344318952e+06
7.773979294921352128e-07,1.335845777500113938e+06
3.985835846741293200e-07,2.732827351527985185e+06
7.175056544653564949e-07,1.509774404415573459e+06
6.570616774181525620e-07,1.624043296203767881e+06
9.167168689944267783e-07,1.455285152456037002e+06
1.234575754009396703e-06,1.077485436403994914e+06
1.154096747383501204e-06,1.214088324881276814e+06
3.709242084916014651e-07,2.193119534733622335e+06
6.110958061294331915e-07,1.410580234597628471e+06
4.054831963074516797e-07,2.121966954783135559e+06
3.221800944727950114e-07,2.659933133760185912e+06
4.832093351462754632e-07,1.796239074989371933e+06
8.667134239747614783e-07,1.054471308463895228e+06
8.914364127635049122e-07,1.055756541522890795e+06
7.213829178949236194e-07,1.293794018163563684e+06
3.319688321419602592e-07,3.051318145389809273e+06
8.538496502783451779e-07,1.191184991436616750e+06
5.869754183527129178e-07,1.947601128720016452e+06
3.709242084916014651e-07,2.193119534733622335e+06
3.221800944727950114e-07,2.659933133760185912e+06
3.748085323624569136e-07,2.392556270399051253e+06
4.941561800263399047e-07,1.794785524244824192e+06
4.521723214299778068e-07,2.061738353807006031e+06
5.849899434577282974e-07,1.649610088232801063e+06
3.490684115454175855e-07,2.887266617168818135e+06
6.757007272824487866e-07,1.506094963849880733e+06
6.537328066819616635e-07,1.563906974298873916e+06
5.551330389093257396e-07,2.098574405440763105e+06
7.409278816702641534e-07,1.711292603040716145e+06
6.418946452080162579e-07,1.964988916858438868e+06
1.630626707527107230e-07,3.261880358363050967e+06
4.941561800263399047e-07,1.794785524244824192e+06
5.849899434577282974e-07,1.649610088232801063e+06
6.757007272824487866e-07,1.506094963849880733e+06
6.537328066819616635e-07,1.563906974298873916e+06
5.704185840480294618e-07,1.796612391954780789e+06
3.926476714605334885e-07,2.657455380030286033e+06
5.975052357181839179e-07,1.769968874161888612e+06
4.434469689471336896e-07,2.495477316802655812e+06
3.681251403546882051e-08,3.074115083213250339e+07
1.774145269017627158e-07,1.114125312039305642e+07
9.344380368504176025e-08,5.114444542910297215e+07
6.982407579150661346e-08,1.010199978595011234e+08
2.638293224912650040e-07,3.281817881335100625e+06
2.795978213620992520e-07,3.071705107101477217e+06
3.392005316375686747e-07,3.115348346839839127e+06
3.574652828573320959e-07,2.956328877505110577e+06
3.752929132581662188e-07,2.911805281004425604e+06
3.238556673532790670e-07,3.466405182892820798e+06
3.663082833209385283e-07,3.149940950450990815e+06
2.155767512233466488e-07,4.875668443824382871e+07
5.785584570802658232e-07,2.557048226248117164e+06
9.842046687573144277e-08,2.305285200984168425e+07
1.920025348600606903e-07,2.435594351240359712e+06
3.626933031517634139e-07,2.344700129611301702e+06
3.817717301897063550e-07,2.238719951457019895e+06
4.246293213048294063e-07,2.194181527051233221e+06
4.568419892506029249e-07,2.138959855681092013e+06
4.139089733030837001e-07,2.496008449321317486e+06
3.392005316375686747e-07,3.115348346839839127e+06
3.574652828573320959e-07,2.956328877505110577e+06
4.335937139509809654e-07,2.570602222454008646e+06
3.238556673532790670e-07,3.466405182892820798e+06
3.663082833209385283e-07,3.149940950450990815e+06
1.804421826193486850e-07,1.021850537260591239e+07
3.690848924036878339e-07,2.165033899555089418e+06
3.851269985470875403e-07,2.241326021945041139e+06
3.866004516351661602e-07,2.185979509808131028e+06
4.684749307601640560e-07,1.916299796109508257e+06
4.025709264386356494e-07,2.287220713849008549e+06
2.631913971947725808e-07,4.353720982891757041e+06
3.605862152368835727e-07,3.237334338096019812e+06
4.154048889223529934e-07,2.823082774625662249e+06
5.336252219962137364e-07,2.383086473329816479e+06
1.131487144041708874e-07,1.261378932113867998e+07
5.588777412991285176e-07,2.509281110270259902e+06
1.768760597586623480e-07,5.298191928812377900e+07
1.851129937878188318e-07,9.918557147178718820e+06
3.161041696871318281e-07,3.105138505328516476e+06
4.784307167670508883e-07,1.800739665538897738e+06
4.025709264386356494e-07,2.287220713849008549e+06
3.833730231898391204e-07,2.470348509573176969e+06
4.020045661165811873e-07,2.785088615557967220e+06
4.436242100897706924e-07,2.735186242181868758e+06
4.690996477247142181e-07,2.977978360564068425e+06
5.764186407048698615e-07,2.500242553475149442e+06
5.402221788835830696e-07,2.870631390509773511e+06
9.696291032951632514e-07,1.711591669499401003e+06
3.075954769275677037e-07,1.764946646218451671e+06
4.531209234021233695e-07,1.234905407658215379e+06
3.459471309150606671e-07,2.385344925113512203e+06
5.192576228991445932e-07,1.558444516955342377e+06
9.202183251866651797e-07,1.018967807825755794e+06
8.703871893435894598e-07,1.133732854830344440e+06
9.071530900615789304e-07,1.078167459961652057e+06
8.531777995729059577e-07,1.157296277204379207e+06
6.312377832205404178e-07,1.710931790195612237e+06
7.322138903986727252e-07,1.508806751551853726e+06
2.415049681848261963e-07,6.777561274688052014e+06
4.624546575911583434e-07,2.471369812635997310e+07
3.317486469100105893e-07,2.357476587819791865e+06
6.389557999114754319e-07,1.236792091157249874e+06
5.192576228991445932e-07,1.558444516955342377e+06
8.985506205142024497e-07,1.051381971807632130e+06
8.781505048630568390e-07,1.164624803830689518e+06
5.423811387608353431e-07,1.854738928841759218e+06
7.530240276250514982e-07,1.503025121434875997e+06
1.266440042313820039e-06,1.106174504277683096e+06
2.137043995856651394e-07,1.153548733104981109e+07
3.474545156055944354e-07,2.270532099159147590e+06
5.665977845139706056e-07,1.621069485573218204e+06
5.757630382142071390e-07,1.689839125276050996e+06
5.400980949060403264e-07,1.820831569236695301e+06
5.587500354623999099e-07,1.849272882300750818e+06
4.787250766246350019e-07,2.141050923669435550e+06
6.180355284497067038e-07,1.718021735917262267e+06
5.663184122751093809e-07,1.897694121994289570e+06
6.120064945378286253e-07,1.732261659078582656e+06
5.061028312198185078e-07,2.179782546734247357e+06
1.639940983060335505e-07,5.960525985276123136e+07
1.054693638925350505e-07,9.711357088375063241e+07
3.474545156055944354e-07,2.270532099159147590e+06
4.744577346804658377e-07,1.761290235992752016e+06
6.866375642256210069e-07,1.232224939583063591e+06
4.787250766246350019e-07,2.141050923669435550e+06
6.180355284497067038e-07,1.718021735917262267e+06
5.663184122751093809e-07,1.897694121994289570e+06
5.061028312198185078e-07,2.179782546734247357e+06
5.032381441400520165e-07,2.583917180433124304e+06
8.896687352192125657e-07,1.662812282162418356e+06
1.639940983060335505e-07,5.960525985276123136e+07
1.054693638925350505e-07,9.711357088375063241e+07
4.697256161862116076e-07,1.728172231043370673e+06
4.744577346804658377e-07,1.761290235992752016e+06
6.728688904175247342e-07,1.422077380490549607e+06
6.453051582796965900e-07,1.508619372394443722e+06
7.173815603205492724e-07,1.364655221947576385e+06
6.139214944600689106e-07,1.601070488064114237e+06
5.881500900680480243e-07,2.128633068018260412e+06
6.418316477933228689e-07,2.021678555608151015e+06
1.095369761476570409e-06,1.430433031185144791e+06
1.270014953845593728e-07,4.708652616480455734e+06
2.245886177825820653e-07,2.354637555535124149e+06
1.544784642283989974e-07,4.332554395444829017e+06
3.275404239110020725e-07,2.497215792590236757e+06
4.403084118722710977e-07,2.170987193746158388e+06
5.343142717525597690e-07,2.243456372827054467e+06
5.769609213365839522e-07,2.151779660184923559e+06
6.760491441469944555e-07,1.822432397008702159e+06
5.527493168365743966e-07,2.384685134212694131e+06
4.631682127580123356e-07,2.828034675174828153e+06
1.090447681576872456e-06,1.437435459262161516e+06
1.003200523008336367e-06,1.655388478502406273e+06
2.089003618653616918e-07,7.944530071023039520e+06
1.436947417309281071e-07,7.495127030686500669e+07
1.543251975060131950e-07,4.943108430078998208e+06
2.786816557927799835e-07,3.426919373633048031e+06
2.334791900251310408e-07,3.838304669695357326e+06
1.812338126718957562e-07,5.456407854482122697e+06
2.209920061173838042e-07,4.275289556660129689e+06
1.388903227958804936e-07,7.029681103382533416e+06
4.666566778453443745e-07,2.774252288146303501e+06
5.122340016487291238e-07,2.712248541459462140e+06
7.768751345852250519e-07,2.017499527400735067e+06
2.659379895950361673e-07,4.312888565008539706e+06
2.135664487078827770e-07,2.009689804237776203e+06
6.417333248608148125e-07,1.453994330440522172e+06
6.276109857431546987e-07,1.499025907279210398e+06
6.053856738931594734e-07,1.531535925738222897e+06
6.838927220973346658e-07,1.585488143940255977e+06
7.099130775877390894e-07,1.619295456411240390e+06
6.276178897206368081e-07,1.814813086573913461e+06
9.753346970844843145e-07,1.241605452830805210e+06
1.442573251451370960e-06,1.025605983520594425e+06
1.167208771611254943e-06,1.268926584425987909e+06
4.190193402284519764e-07,2.463148183658873290e+07
9.224794897630183813e-07,9.890002146076225908e+05
9.216513835945823329e-07,9.882149202960538678e+05
6.130985178671398397e-07,1.436449392536560073e+06
6.276109857431546987e-07,1.499025907279210398e+06
6.417333248608148125e-07,1.453994330440522172e+06
6.885071255586658371e-07,1.512870617968798615e+06
8.242248205151326351e-07,1.376966481163715944e+06
7.099130775877390894e-07,1.619295456411240390e+06
9.753346970844843145e-07,1.241605452830805210e+06
1.171464061352993037e-06,1.079540238197793020e+06
1.442573251451370960e-06,1.025605983520594425e+06
4.112400431351201969e-07,2.373235995423422381e+07
8.076733944933483666e-07,6.369440167262112955e+05
9.489754599994794587e-07,9.229681490765264025e+05
6.020212476075277216e-07,1.527286430050551193e+06
1.526360991554426857e-06,6.107484001412378857e+05
8.930995282763420160e-07,1.062796570072899340e+06
1.370618773126333769e-06,6.950935560581239406e+05
8.242248205151326351e-07,1.376966481163715944e+06
1.391517961374295784e-06,8.904710306672668085e+05
1.620894416501743443e-06,8.361603941432691645e+05
2.441513038826399554e-06,6.420627767518282635e+05
7.519221466177739791e-07,6.281854412473065313e+05
7.934273676452333390e-07,9.633124489986828994e+05
7.590021144818686785e-07,1.124400576228691731e+06
9.698511487057923749e-07,8.805350455713523552e+05
1.334353270765927621e-06,6.641108267489793943e+05
1.525312434124181627e-06,6.132778935881379293e+05
1.526360991554426857e-06,6.107484001412378857e+05
1.370618773126333769e-06,6.950935560581239406e+05
1.463511821403371749e-06,8.055688828306120122e+05
1.203723174134197978e-06,1.044823003414484905e+06
2.456182978385820296e-06,6.024987684848941863e+05
1.001148463322235868e-06,5.305454409555447055e+05
7.154506472405563862e-07,8.021429805283542955e+05
1.334696019959112312e-06,6.544368737952131778e+05
7.590021144818686785e-07,1.124400576228691731e+06
9.698511487057923749e-07,8.805350455713523552e+05
1.334353270765927621e-06,6.641108267489793943e+05
1.819567032591293544e-06,5.432145745340170106e+05
1.337378064385508140e-06,8.838685767335462151e+05
2.573000845203289779e-06,4.698047406694109668e+05
1.132418611277365824e-06,1.110591289170102216e+06
2.308890101188558448e-06,6.408637209521417972e+05
1.001148463322235868e-06,5.305454409555447055e+05
5.051001005290951951e-07,2.236472609021291509e+07
1.562872374615323538e-06,5.853369221026380546e+05
1.632107120931741751e-06,5.764961162150535965e+05
1.166323791627132360e-06,8.348967566932218615e+05
1.684538837225501225e-06,6.410219617136508459e+05
1.202497809147683497e-06,9.074537740793185076e+05
1.291465986931140891e-06,9.169146235370249487e+05
1.367440447465372714e-06,8.727376314255906036e+05
1.436475565985681350e-06,8.440971505834824638e+05
2.337407667000251805e-06,5.688559564468221506e+05
2.717347838144290272e-06,5.451948220277401851e+05
2.771354991984093516e-07,7.631003384483119473e+06
2.083862915616669327e-07,1.880738572282888228e+06
2.659100887124823245e-07,1.899070445285339607e+06
5.535182891942040446e-07,1.460584741035469342e+06
6.524343192731709544e-07,1.380885584814858157e+06
8.069725956791852913e-07,1.306764490393231390e+06
1.011779707990731842e-06,1.157233313490042929e+06
1.224407500187600831e-06,1.015936376591551234e+06
8.824293971969472610e-07,1.580086827906471211e+06
1.584730624574323454e-06,9.350786819148560753e+05
8.661822373654398776e-07,1.906064804251191206e+06
2.010358764111072463e-06,8.310668487361242296e+05
2.232809028322092922e-06,7.452911581885628402e+05
2.732414902028645848e-07,2.454818655061016325e+06
2.918851298357253362e-07,2.799580113795023877e+06
3.904096651602115330e-07,2.123391866069708951e+06
1.839387244467506617e-07,5.144292855523644947e+06
2.681693796588059962e-07,4.205360404335156083e+07
2.518429760198390001e-07,3.694795130307056475e+06
4.557575188042559263e-07,2.151305401071595959e+06
4.816574959155489712e-07,1.983978504229882266e+06
3.942992191440114857e-07,3.314471634952177294e+06
4.395716852205244281e-07,2.256432368551600259e+06
8.939502750061291033e-07,1.567697858848170610e+06
5.086552265070367778e-07,7.782028962880099425e+05
4.021526419038851991e-07,2.820361858632960543e+07
4.160201348882059999e-07,1.721618962256265571e+06
3.994465048686371222e-07,2.496586320952584967e+06
1.620378899565168108e-06,7.278822546882035676e+05
1.106154910584144002e-06,1.107483663515761495e+06
1.257052486833528292e-06,1.040351270076830639e+06
1.268286464253315600e-06,1.040636839083974599e+06
1.587619794044978791e-06,7.991112011460765498e+05
2.657359477292534716e-06,5.569430027658914914e+05
1.982565198879762349e-06,7.970454927520737983e+05
2.343562572328430317e-06,7.096862689396218630e+05
9.088856604995283243e-07,7.526003478650086327e+05
3.023647622253213303e-07,2.500552102879531216e+06
6.831731459197808705e-07,1.200089540269972291e+06
1.009817015901827770e-06,8.964930019340409199e+05
1.075159271613641757e-06,8.569428519251319813e+05
1.310851873243642708e-06,7.343139461289141327e+05
1.403924416906111661e-06,7.433144312610869529e+05
1.433259970091127783e-06,8.323513853004751727e+05
1.540630285581906103e-06,8.047391737016364932e+05
1.176802472182296919e-06,1.173167116392264608e+06
2.394151826306415692e-06,6.185064307935828110e+05
2.657927815530105187e-06,5.895656138408858096e+05
4.533184891693048497e-07,4.737396250966845080e+06
3.630746741327030064e-07,3.355320190571918339e+07
8.792016211626792836e-07,7.069213735503737116e+05
1.154857689506534901e-06,5.859843700122028822e+05
1.424968878143893203e-06,7.823816805851971731e+06
1.907353749086125023e-06,5.789797433891938999e+05
2.583011276354603477e-06,4.162019920125339995e+05
1.472959355265372635e-06,7.790604838585900143e+05
2.131263572251611377e-06,5.555970899565356085e+05
3.805290907111309405e-06,3.498367835393142886e+05
2.701588544792281213e-06,5.470273438009277452e+05
3.765532824895125622e-06,4.164114586614202708e+05
6.571171038527598663e-07,2.690332343771556392e+06
7.412549580664650697e-07,9.946486057174144080e+05
6.854574399597410827e-07,1.150555659803393763e+06
3.556256140147798650e-07,2.472439904980843887e+06
1.636798258421058569e-06,5.380189550743938889e+05
2.863583277527589081e-06,3.287859653670083499e+05
2.760283610183124405e-06,3.569170113994849380e+05
1.362696380653137885e-06,7.350320052834639791e+05
2.087888811099739524e-06,5.464980470209399937e+05
1.861416255912097434e-06,5.971361794589876663e+05
2.131263572251611377e-06,5.555970899565356085e+05
2.315399422739669101e-06,5.231681426964349812e+05
3.765532824895125622e-06,4.164114586614202708e+05
7.068300184753148639e-07,1.077559813670959789e+06
7.214417513948070653e-07,1.058729070857523009e+06
2.856102955718173174e-07,3.193017378235459328e+06
3.406111915951579163e-07,2.659038768089026678e+06
1.259474385785619365e-06,7.007004205427503912e+05
8.033027104458242347e-07,1.201623103286823025e+06
9.693682630323839254e-07,1.063327939921702025e+06
1.097191152568301446e-06,9.627748608194675762e+05
8.494020528470080671e-07,1.317694822644318687e+06
1.532783110589756745e-06,8.291746769113570917e+05
1.061581685907213452e-06,1.222684619792247657e+06
1.885936071434065951e-06,7.466598169179937104e+05
5.339039213024697667e-07,1.100380046403863933e+06
1.085340745402141073e-06,8.754012594490823103e+05
8.211920305171062709e-07,1.126274277309937170e+06
1.216522256996724390e-06,7.966070756748090498e+05
9.693682630323839254e-07,1.063327939921702025e+06
1.097191152568301446e-06,9.627748608194675762e+05
1.231579160479821709e-06,8.643098549994188361e+05
1.228410929163050568e-06,8.664371330131967552e+05
1.099609981494140514e-06,1.012764907517308951e+06
1.123000442180186777e-06,9.881120481289564632e+05
8.055815785293517031e-07,1.476709189709091792e+06
1.493904046729620697e-06,8.889220181408377830e+05
1.126182812694287946e-06,7.135785855582305230e+05
5.864621395448520396e-07,1.398880292643394321e+06
6.905028490272348164e-07,1.199310362690786365e+06
8.764954905769225498e-07,1.012860989218903705e+06
9.616494984455037720e-07,1.057752535466230242e+06
1.231579160479821709e-06,8.643098549994188361e+05
1.228410929163050568e-06,8.664371330131967552e+05
8.905128990322804048e-07,1.215454549447107827e+06
5.101479371372303816e-07,2.512474887705131900e+06
8.385976116522861177e-07,1.483070146443184931e+06
9.530952968781243643e-07,1.364297497797206743e+06
8.689449136553915628e-07,1.664299207436346449e+06
1.614328723034704055e-06,9.174746828797679627e+05
5.557710993741555452e-07,2.127947247678224370e+07
7.463944031610069732e-07,9.001882702235355973e+05
7.859010476634743986e-07,1.430335324272195250e+07
9.905820492587659066e-07,7.397350640642758226e+05
1.147106682964864641e-06,7.272372821422287961e+05
1.474573037796182760e-06,6.651987022860627621e+05
1.532129087882488971e-06,6.648887408733658958e+05
1.558721850190351237e-06,6.973543908147750190e+05
1.317153595218177876e-06,9.988170743931045290e+05
9.755238519653554392e-07,1.584383278919667704e+06
2.672373656811115965e-06,5.539836016624891199e+05
1.754157632496407595e-06,4.679540103158586426e+05
1.157227821794377915e-06,6.653031848162910901e+05
1.657183494559809411e-06,5.112628626478630467e+05
1.827304020026834462e-06,4.609664627798507572e+05
1.590316916278172395e-06,5.545716830442886567e+05
1.474573037796182760e-06,6.651987022860627621e+05
1.170016812806024079e-06,8.703969546971858945e+05
1.532129087882488971e-06,6.648887408733658958e+05
1.405231482044838715e-06,8.501478547969636275e+05
1.393666916277220061e-06,8.309906337692965753e+05
1.481757916232209807e-06,8.022813278817040846e+05
2.692400502094409197e-06,5.494995203340202570e+05
5.332032053021527618e-07,8.057307107130849035e+05
7.444801048071727018e-07,7.138327982174779754e+05
2.542526600370141796e-07,2.292251465819590725e+06
9.933291853462640743e-07,9.036757830042095156e+05
1.604174093846693044e-06,5.740161709359124070e+05
1.238128141808512393e-06,7.527599096744385315e+05
1.374699414576611048e-06,7.572471604870853480e+05
1.272401048842452274e-06,8.946008990123366239e+05
2.479251580779837224e-06,4.863412485112248105e+05
2.331565640377454953e-06,6.726083441725206794e+05
2.839857762510984379e-07,3.299176696810441557e+06
3.958716994857234529e-07,2.304973115704899654e+06
6.106677273398284157e-07,1.576323142001437955e+06
6.362003010287273069e-07,1.548068548933163052e+06
5.269327060024746496e-07,1.854564949579198845e+06
6.669028945650474591e-07,1.525084789872730849e+06
6.366811838996807143e-07,1.599277863116001245e+06
6.257569920314363113e-07,1.626183806550925830e+06
5.475438177092997459e-07,1.930485109502947191e+06
5.475672674162329544e-07,2.390238768668694422e+06
6.555739180506960451e-07,2.072879754523508716e+06
1.037201573672504229e-06,1.426007901450315490e+06
7.035462700660769796e-07,1.254533651641504141e+06
4.777464410692658084e-07,2.187455290114644449e+06
6.938324243644572253e-07,1.367229937563571613e+06
6.982690493125212859e-07,1.354619702416394837e+06
5.269327060024746496e-07,1.854564949579198845e+06
7.190582231863118788e-07,1.365701003478500294e+06
5.405740871353997833e-07,1.841501822018416133e+06
7.063169632313561795e-07,1.414013020589739550e+06
6.366811838996807143e-07,1.599277863116001245e+06
6.257569920314363113e-07,1.626183806550925830e+06
7.013258075802019823e-07,1.599530167471410241e+06
7.658309098774152096e-07,1.442914058026816230e+06
6.038693265676185465e-07,1.407807268460063962e+06
9.083027812004665236e-07,9.919151823179033818e+05
8.262500168078228215e-07,1.110525101931129582e+06
6.938324243644572253e-07,1.367229937563571613e+06
5.405740871353997833e-07,1.841501822018416133e+06
8.728768072426128706e-07,1.119272167090688366e+06
8.074671229919972952e-07,1.219269725257814629e+06
7.063169632313561795e-07,1.414013020589739550e+06
9.367350223301964753e-07,1.140063309642514447e+06
7.658309098774152096e-07,1.442914058026816230e+06
9.407276775745228318e-07,1.182240043477536179e+06
7.013258075802019823e-07,1.599530167471410241e+06
2.855424303794651239e-07,2.578800263790893555e+07
3.520057432888332617e-07,1.792597384179711575e+06
4.859770483524001698e-07,2.326224390119656920e+07
8.254014004072554153e-07,1.241938859471760457e+06
6.310289370305181887e-07,1.599586717108418001e+06
5.515477657059408473e-07,1.865086208642268553e+06
9.367350223301964753e-07,1.140063309642514447e+06
7.557503097659125856e-07,1.422631215986585710e+06
9.407276775745228318e-07,1.182240043477536179e+06
1.186635865023187711e-06,1.123656315951120807e+06
1.128517990775159777e-06,1.244129773915777681e+06
3.520057432888332617e-07,1.792597384179711575e+06
2.319687159483534693e-07,2.878121036792895757e+06
3.298628707098173143e-07,2.931403677886659745e+06
3.143383515990808816e-07,3.244787405576089863e+06
3.772669870777043327e-07,2.842220235630776267e+06
3.959751639559932070e-07,2.694712456562761217e+06
2.757419577440361873e-07,3.835607410704365466e+06
2.766010680280500634e-07,3.821419217584149446e+06
3.505260981559184200e-07,3.222170830932767130e+06
4.507495413380219563e-07,2.693972921335010789e+06
4.828311113121036325e-07,2.581939935312638991e+06
4.284287675992781457e-07,3.058327736318819690e+06
8.254007726390120454e-07,2.014034854225218995e+06
4.561688992495699109e-07,1.869294176173394546e+06
3.995163090688641738e-07,2.338742653657426592e+06
3.298628707098173143e-07,2.931403677886659745e+06
3.765380159618518181e-07,2.597666726761301979e+06
3.440108916564368467e-07,2.872866477014839649e+06
3.914260208690473008e-07,2.613474228816975839e+06
3.580933552539918751e-07,2.899254847560427152e+06
3.143383515990808816e-07,3.244787405576089863e+06
3.959751639559932070e-07,2.694712456562761217e+06
3.505260981559184200e-07,3.222170830932767130e+06
2.362445867382542656e-07,5.053245809042050503e+06
5.242901163480034224e-07,2.542858600588207133e+06
1.971958067701690471e-07,7.721083776379168034e+06
3.965973754883280977e-07,1.713118409380856901e+06
3.236001258756517977e-07,3.053298897453448735e+06
4.561688992495699109e-07,1.869294176173394546e+06
5.204798951493709273e-07,1.648855624783325009e+06
3.995163090688641738e-07,2.338742653657426592e+06
3.310770922436587782e-07,3.117828971878990997e+06
5.835549567191687570e-07,1.818536970351456897e+06
4.952385382668524064e-07,2.140924558553177398e+06
5.149432543875826119e-07,2.091314548371079378e+06
4.795559124160550477e-07,2.463779415364936460e+06
4.261555144919907545e-07,3.072509488056051545e+06
8.169151542848133289e-07,1.811195932189004729e+06
5.161029016437857611e-07,1.402316656605546828e+06
5.204798951493709273e-07,1.648855624783325009e+06
5.812266414091979262e-07,1.622653327174628619e+06
5.785806665005572078e-07,1.630882363459920976e+06
6.762102584375834949e-07,1.504673591986162821e+06
5.729225619021199965e-07,1.765992081485647010e+06
5.835549567191687570e-07,1.818536970351456897e+06
4.952385382668524064e-07,2.140924558553177398e+06
5.162425006258823180e-07,2.082895604366193758e+06
5.149432543875826119e-07,2.091314548371079378e+06
5.994413545611589184e-07,1.803915654017331544e+06
4.616379786426521760e-07,2.429624058367167134e+06
4.692409750064935943e-07,1.786158885857450310e+06
4.790451929581393384e-07,1.746235297548642149e+06
5.380692697502307350e-07,1.705953608865188202e+06
7.837997850590443159e-07,1.264343242084009107e+06
8.717989047418766715e-07,1.115150185301953228e+06
5.844322450268312944e-07,1.728819925004423829e+06
5.729225619021199965e-07,1.765992081485647010e+06
6.238693910936722107e-07,1.654500515889673959e+06
6.540631384371487503e-07,1.630283502088665031e+06
5.162425006258823180e-07,2.082895604366193758e+06
1.048914287179334742e-06,1.026344076255250489e+06
4.616379786426521760e-07,2.429624058367167134e+06
4.996761927532825883e-07,2.211431729160957038e+07
8.780359688555493653e-07,8.972311338801891543e+05
5.380692697502307350e-07,1.705953608865188202e+06
1.172792166604165921e-06,8.350444358053007163e+05
1.127834135617992988e-06,8.728786990038914373e+05
7.837997850590443159e-07,1.264343242084009107e+06
8.717989047418766715e-07,1.115150185301953228e+06
4.178893860944826487e-07,2.353972669860068709e+06
5.844322450268312944e-07,1.728819925004423829e+06
8.553855966104435666e-07,1.396388235128794797e+06
8.050118914237232132e-07,1.631466133741346188e+06
1.590212790553028082e-06,9.300364102486175252e+05
2.194333953082508873e-07,2.325585617497442756e+06
7.010884754927529072e-07,8.746455352862670552e+05
7.186362953350660525e-07,1.390086339428402018e+06
8.754661650893382611e-07,1.147472797862893902e+06
8.507852580467645443e-07,1.309278306671300204e+06
1.321152729656748790e-06,8.566981957357118372e+05
1.274914747451363622e-06,9.291665715411525453e+05
1.201297950772136195e-06,9.785258077704599127e+05
1.017116123290523946e-06,1.217606518892996013e+06
9.860337456045268603e-07,1.273766710700999713e+06
1.968387038912486850e-06,7.519832999259106582e+05
1.793353806167705738e-06,8.249385582000428112e+05
2.257541508942467509e-06,6.946485286069005961e+05
4.982820680721177184e-08,3.127293842537111416e+07
7.845874337840979415e-08,6.751516658435108140e+06
1.699614697181376967e-07,6.060123331796119362e+07
5.762243352125652041e-07,1.764180098805229412e+06
1.337664562503600163e-06,8.442992219780852320e+05
1.071509503923985561e-06,1.098794789676571265e+06
8.432237259833826092e-07,1.433118063094311859e+06
1.322599844461939491e-06,9.361135472113533178e+05
7.215718444986495013e-07,1.765443602366397856e+06
1.781309571607765290e-06,8.310364363681548275e+05
2.260624797465849129e-06,6.935441767871477641e+05
8.677206580617896193e-08,2.761753041181221977e+07
1.865437120296111272e-07,4.155719380256991088e+07
6.469517687810366537e-08,1.174608728489446640e+07
2.384801637886006021e-07,3.334922806210303213e+06
9.663012784056728982e-08,9.578140840359734371e+06
3.204104958300086876e-07,2.919848949572448153e+06
1.053568288356777623e-07,9.845715638014692813e+06
4.518370809141426235e-07,3.366447843442587648e+06
3.933478592528590027e-07,3.916945244747310877e+06
7.155173358795805703e-07,2.620249864608589560e+06
2.100813501640502304e-07,1.013876443943302892e+07
1.317512496799342873e-07,4.395672641783662140e+06
5.732896555971058569e-07,1.034523171589804813e+06
2.318630155422678901e-07,3.558166292601399124e+06
3.247638346189129346e-07,2.764109330970286857e+06
8.880050165596187813e-07,1.194299054352832492e+06
8.718554363406461457e-07,1.223568155316293472e+06
5.904759102447239822e-07,1.898320282139777672e+06
6.334909880457953399e-07,1.747634642083975254e+06
1.003727366711014679e-06,1.112785213024468394e+06
9.161932603525951666e-07,1.288746203356364276e+06
8.166792292844287804e-07,1.775458901425193995e+06
1.508142917778688556e-06,1.101473152693131473e+06
5.992611183467945715e-07,9.056582066739670699e+05
7.387690897770173308e-07,8.895823926237447886e+05
7.587806983801209771e-07,9.321226760109325405e+05
1.077468446338473678e-06,9.102402808883156395e+05
1.080056885784494626e-06,9.407549848654795205e+05
1.057852898622748248e-06,9.666710934727124404e+05
8.324775505465634216e-07,1.233120154263823992e+06
1.102100326698275665e-06,9.628273479532217607e+05
8.880050165596187813e-07,1.194299054352832492e+06
8.120846526965476350e-07,1.318998177627797471e+06
8.459957091200269282e-07,1.253976149482839974e+06
5.992611183467945715e-07,9.056582066739670699e+05
6.867025555529462631e-07,8.127845923047383549e+05
1.123043509860299865e-06,8.341046869139790069e+05
1.142998135038275317e-06,8.209172069283141755e+05
1.102831152324159912e-06,8.562809413285440532e+05
9.513249478023659055e-07,1.027867934084348730e+06
8.459957091200269282e-07,1.253976149482839974e+06
9.885119742599825383e-07,1.082168515125670936e+06
8.120846526965476350e-07,1.318998177627797471e+06
1.022497333083008717e-06,1.040679802328536171e+06
1.126224735829223609e-06,9.830167524649533443e+05
3.643718486599042645e-07,1.531726507915848168e+06
5.246117653918759093e-07,1.110092646830726182e+06
8.558738628361420959e-07,1.231191976792314323e+06
6.787201146023507205e-07,1.337230070255856728e+06
6.114032327422856304e-07,1.570774937647599494e+06
1.142998135038275317e-06,8.209172069283141755e+05
1.102831152324159912e-06,8.562809413285440532e+05
1.022497333083008717e-06,1.040679802328536171e+06
8.165620467300802607e-07,1.440983237799699418e+06
6.534736845780362580e-07,1.833142909918160876e+06
1.325103150014232925e-06,1.117597387320668437e+06
3.372620713817797049e-07,2.688483295650013257e+06
2.957940610638434585e-07,3.206420332477597520e+06
5.762075129494572536e-07,1.640799888631670270e+06
3.388957557832553937e-07,2.924348427694358397e+06
5.901826331138902273e-07,1.652905500677881064e+06
4.804983991713917274e-07,2.077140962145275204e+06
4.123817091199438850e-07,2.405631964131078683e+06
3.957800202043952780e-07,2.536181050330805127e+06
4.785887887876288824e-07,2.516889063279270194e+06
5.107471701900001263e-07,2.392162235747806728e+06
5.537789996172386740e-07,2.252639588797550648e+06
3.575788499907198678e-07,3.602250631756275427e+06
9.647006755599494099e-07,1.624559927914373344e+06
2.348934625112129903e-07,9.021652542498575523e+06
3.886078259148698922e-07,1.213093162323920755e+06
3.833814696779695824e-07,2.373177708380976226e+06
5.762075129494572536e-07,1.640799888631670270e+06
2.957940610638434585e-07,3.206420332477597520e+06
9.044908065385428931e-07,1.041093645546317217e+06
7.524944593724268465e-07,1.336750606729458319e+06
5.986679504299263706e-07,1.739345165351339849e+06
9.029316873775980015e-07,1.132115457088136813e+06
6.148675966182139986e-07,1.650560751668359851e+06
6.789755407515744287e-07,1.833921915464701597e+06
7.006574053047900743e-07,1.948687269129689084e+06
1.212699902449373969e-06,1.291663406456688652e+06
7.197320413178240653e-07,7.795568200775437290e+05
1.103420574788483258e-06,1.088358079239333281e+06
6.190631670245691829e-07,1.435759689802533248e+06
4.908673057590185134e-07,1.964877890313590411e+06
8.316664288153871559e-07,1.143587300389801152e+06
5.485507270987336695e-07,1.798968892398525961e+06
9.044908065385428931e-07,1.041093645546317217e+06
8.492221100446872426e-07,1.154944652860744391e+06
1.166640194760941880e-06,8.476565117923191283e+05
9.029316873775980015e-07,1.132115457088136813e+06
7.524944593724268465e-07,1.336750606729458319e+06
5.642148462558606987e-07,7.163011306611984037e+05
7.197320413178240653e-07,7.795568200775437290e+05
9.652166821719553557e-07,7.037593572017223341e+05
1.783306649692459406e-06,5.305244282818358624e+05
1.024281047811406580e-06,9.546419453116994118e+05
1.758052569390784101e-06,5.389536715202162741e+05
1.122748222072254108e-06,9.208399377841388341e+05
1.319905060252203628e-06,7.982116392664912855e+05
1.377444845744207678e-06,8.131338941977247596e+05
2.133258477027409999e-06,6.588069781248481013e+05
1.287132064185757695e-06,6.108563153840199811e+05
1.688246436233712995e-06,4.904775913217115449e+05
1.539795836540615384e-06,5.687599690497488482e+05
7.371063665808306227e-07,1.210435252272949554e+06
1.589338987457307630e-06,5.675611492921330500e+05
1.724538788313687065e-06,5.728974045033021830e+05
1.693166480256219529e-06,5.794918233236877713e+05
1.149698153368655157e-06,8.495788857210447313e+05
1.612423335119622290e-06,6.118083804130775388e+05
2.148616698375436202e-06,5.140230126002688776e+05
1.593100773699644122e-06,7.270127128140896093e+05
4.649156345256314319e-07,4.559803902743674815e+06
4.094393229290925673e-07,1.246312200013141613e+06
1.356367563622449165e-06,5.286412897177314153e+05
1.539795836540615384e-06,5.687599690497488482e+05
8.023676922532329368e-07,1.107362512140167179e+06
1.589338987457307630e-06,5.675611492921330500e+05
1.290376016962443931e-06,7.375355026928522857e+05
9.352112554690290570e-07,9.933375530815817183e+05
1.612423335119622290e-06,6.118083804130775388e+05
1.693166480256219529e-06,5.794918233236877713e+05
1.394208481297960446e-06,6.974048437762592221e+05
5.298148394868502204e-07,1.026649932360466919e+06
4.024680079128687948e-07,1.449955461681804620e+06
8.863491253451171106e-07,1.063658857204675209e+06
8.023676922532329368e-07,1.107362512140167179e+06
8.635476860038611438e-07,1.030145712764830911e+06
1.062828189116770153e-06,8.517253970413882053e+05
9.352112554690290570e-07,9.933375530815817183e+05
9.830756389663240829e-07,9.522597888147134800e+05
1.199290184859730256e-06,8.644902463778353995e+05
1.794710480178905060e-06,6.697513686833961401e+05
3.366762320596065137e-07,1.885959521928793285e+06
4.085411952676942524e-07,1.632231574078508886e+06
5.456793438400170253e-07,1.277922779467659304e+06
7.171528276067492586e-07,1.190558487226861762e+06
8.635476860038611438e-07,1.030145712764830911e+06
7.922684186321283190e-07,1.133684989404358435e+06
9.830756389663240829e-07,9.522597888147134800e+05
8.844280238302474683e-07,1.277396756618545391e+06
2.808330919022280990e-07,4.289634645371350460e+06
7.993437048559363744e-07,1.560978548091438599e+06
1.473519211973955830e-06,1.064405370821457123e+06
3.416497349104696071e-07,1.805568515159823000e+06
4.050288347571876596e-07,1.699418333848007722e+06
5.467304744978124846e-07,1.500394109872610774e+06
4.111586660957386670e-07,2.013401966181325028e+06
5.537217396927344275e-07,1.524106791181881446e+06
6.951789722520140982e-07,1.276795475182953989e+06
4.902576664481658217e-07,1.757651650715813041e+06
9.494128833408043468e-07,1.107889490559552563e+06
4.741088015557933672e-07,2.801458585775106214e+06
7.867835210994960591e-07,1.713459526989432517e+06
1.076473631868794646e-06,1.376577465782396263e+06
5.422055620397870739e-07,1.156145661985569401e+06
5.467304744978124846e-07,1.500394109872610774e+06
5.537217396927344275e-07,1.524106791181881446e+06
6.380392567732350583e-07,1.436441526022524340e+06
7.307180537977816864e-07,1.238357958954673726e+06
8.200496603141281227e-07,1.136092651676272042e+06
6.862195330832600695e-07,1.406418274798450060e+06
7.265550593575482628e-07,1.408390011655711103e+06
8.522029577538098782e-07,1.313881953708885005e+06
9.017282580995532604e-07,1.233037092960597249e+06
7.333566417901740491e-07,1.511941386730614584e+06
8.523825335103391939e-07,9.854404579652807442e+05
8.719193580243188342e-07,9.961014962892396143e+05
7.307180537977816864e-07,1.238357958954673726e+06
1.058027576618022926e-06,8.663740649543516338e+05
7.055309015105539046e-07,1.341038781761909602e+06
1.120588302440863324e-06,8.394197617915919982e+05
7.853138891553754966e-07,1.281691034785771742e+06
7.590067302618156754e-07,1.392137192131350283e+06
7.007522548573133286e-07,1.529619987520901253e+06
8.522029577538098782e-07,1.313881953708885005e+06
9.902109171961274765e-07,1.126182306051598396e+06
1.288448755204283340e-06,9.390699493747403612e+05
3.868253264377288553e-07,1.114392733836469706e+06
5.157914204833641202e-07,1.687312148739430821e+06
4.150545736072140635e-07,2.087366211186533794e+06
8.719193580243188342e-07,9.961014962892396143e+05
9.388509621687438011e-07,9.839803073863271857e+05
9.418813524321098826e-07,9.924118142805983080e+05
6.267557000102469822e-07,1.486106589901362080e+06
1.060311401874468341e-06,9.578758966875970364e+05
9.009501474386901505e-07,1.209527366956690326e+06
7.616782709124866767e-07,1.817485927976200590e+06
1.581151818849412604e-06,9.357464853560505435e+05
2.347936523742905314e-07,3.552862339924234897e+06
2.540445658548488972e-07,3.504022385621602647e+06
3.542582401494208655e-07,2.558349660430798307e+06
3.803391370400322289e-07,2.455282779729087371e+06
3.806227202681948209e-07,2.588099564029247500e+06
3.982847242227514281e-07,2.406431572627527174e+06
3.901032693465139051e-07,2.610729190630207304e+06
5.769702761749885427e-07,1.803442849000548478e+06
5.727326456017322918e-07,1.856982067967828130e+06
7.792548386661612044e-07,1.711542100581073668e+06
2.814531547034137219e-07,4.989990526404373348e+06
4.853339312100489488e-08,2.662839615119671449e+07
3.459582322708622912e-07,5.408660434584483504e+06
3.730160285009151999e-07,6.941410637524980120e+06
4.573793386364518389e-07,1.630556570612502750e+06
3.479945724893931868e-07,2.549591560773108155e+06
2.523838591747505303e-07,3.765852436956069898e+06
4.054195486882091228e-07,2.260525076997317839e+06
4.580043963834895711e-07,2.018230942542607198e+06
5.943278722304701066e-07,1.918998459903098177e+06
6.800653845343719754e-07,1.644254556911121588e+06
3.447227458732658593e-07,3.412533335073465481e+06
4.227217571188297065e-07,2.996281640962656587e+06
6.245670865711715261e-07,2.085453983912821626e+06
1.007051022723266249e-06,1.395755924869927345e+06
4.279550952586995025e-07,1.687249836153308861e+06
5.663384626305567969e-07,2.050448935118611436e+06
3.478835236815198344e-07,3.251198252895855531e+07
8.246585936564452985e-07,1.130306555817886256e+06
5.791332117852990416e-07,1.687465497519223718e+06
7.327546100451940656e-07,1.389494177177884849e+06
8.231909452835945600e-07,1.261094707681003027e+06
6.333653448354305127e-07,1.687337499073774088e+06
4.583147008079390235e-07,2.396299054136351217e+06
1.254487054335089052e-06,9.603265963315425906e+05
9.768428225873400807e-07,1.364042108954742784e+06
9.499762315868976679e-07,1.408334946051408071e+06
3.256474288697034616e-07,1.514118559348520357e+06
2.118799694772221299e-07,3.518979249239987228e+06
6.466773439024546979e-07,1.200966776074712630e+06
7.364800621853393332e-07,1.175177203658354236e+06
3.613736816534702733e-07,2.700935219527693931e+06
5.269064044251057488e-07,2.182870719437434338e+06
7.122571279163550310e-07,1.675375602242952446e+06
7.542538289844814437e-07,1.574616900650002295e+06
5.507556095505972466e-07,2.210138219681854360e+06
5.897333980823928720e-07,2.102593418816056103e+06
1.060210248837748978e-06,1.395151160571259214e+06
1.321041639313266340e-06,1.186205113191828597e+06
2.265564601675735125e-07,2.315113489797908347e+06
2.961150005066707055e-07,2.739594467896195594e+06
2.260261414010084230e-07,4.068575555186387151e+06
3.769530486991335725e-07,2.442408229393908754e+06
3.957272313621512904e-07,2.352467213451543823e+06
4.154040145611698391e-07,2.264901838509261142e+06
3.547175652261577413e-07,2.810429138420482166e+06
6.519724367190312636e-07,1.723404382826666581e+06
3.196439572097884911e-07,3.676824665165379178e+06
4.960418998446690305e-07,2.432062089995519724e+06
1.040691027879734563e-06,1.507234996254032012e+06
3.983320350552402240e-07,4.650632561013953760e+06
2.961150005066707055e-07,2.739594467896195594e+06
3.769530486991335725e-07,2.442408229393908754e+06
4.143744062132578746e-07,2.265429075307231396e+06
3.957272313621512904e-07,2.352467213451543823e+06
4.154040145611698391e-07,2.264901838509261142e+06
7.233434190451972333e-07,1.345355870266623097e+06
6.163697882511247597e-07,1.673497326340549160e+06
6.592603338552310405e-07,1.564216647463228088e+06
5.446168702297584717e-07,1.866995167712838855e+06
7.163802434224844115e-07,1.412538626103902934e+06
5.066858043370737094e-07,2.084944935768952593e+06
1.647734274006379314e-07,9.265553286097554490e+06
3.131503568287467129e-07,1.610116149254278746e+06
2.203908273006217991e-07,2.548081208749526180e+06
3.202355681510331520e-07,1.980187266105245333e+06
5.638694318511390255e-07,1.501074295503751608e+06
4.990094752415029313e-07,1.992353472276358400e+06
6.837248712469817031e-07,1.442326904196710093e+06
5.446168702297584717e-07,1.866995167712838855e+06
7.163802434224844115e-07,1.412538626103902934e+06
7.005020050173117386e-07,1.453564408675343264e+06
6.163697882511247597e-07,1.673497326340549160e+06
2.203908273006217991e-07,2.548081208749526180e+06
3.666044266548707401e-07,2.341251560407740064e+06
3.212619876339225953e-07,2.880689685809386894e+06
4.401076016936674888e-07,2.110132337396766059e+06
3.544662618714372499e-07,2.759450032641394064e+06
4.990094752415029313e-07,1.992353472276358400e+06
2.583082269867464379e-07,3.993268725053472910e+06
3.274379841094881853e-07,3.208128385894487146e+06
2.963786452938198666e-07,3.561809845942988060e+06
2.597307255342091677e-07,4.190543728680316359e+06
4.365474479533302137e-07,3.016793446580408141e+06
8.544654251579904663e-07,1.727933139031746425e+06
2.950505931479836096e-07,4.700366123181061819e+06
3.666044266548707401e-07,2.341251560407740064e+06
3.324233086888798693e-07,2.675890040708853863e+06
6.017594584792788785e-07,1.562765669279750204e+06
4.401076016936674888e-07,2.110132337396766059e+06
6.265825155176571521e-07,1.491896064397065900e+06
6.210561546661587515e-07,1.654778035019677598e+06
5.639511402239033362e-07,1.828909146128513617e+06
6.313312487024332563e-07,1.614373875214517815e+06
6.294006985621188591e-07,1.681059949878383661e+06
5.414396462645977892e-07,2.266344611272938550e+06
7.959302281307415875e-07,1.762417384758939501e+06
1.994610638029621195e-07,1.831945473698130343e+06
2.161312412636887603e-07,2.620651366939098574e+06
2.827361996658020213e-07,2.959271124898284674e+06
4.668736455861465728e-07,1.933852479791224003e+06
6.313312487024332563e-07,1.614373875214517815e+06
6.210561546661587515e-07,1.654778035019677598e+06
6.278269635258102330e-07,1.609132743695538957e+06
4.698543253878559175e-07,2.639253809741026256e+06
4.957170735781075747e-07,2.492406751848046668e+06
8.587371779787588547e-07,1.724580242651691427e+06
4.407069893321576871e-07,3.475953713078200351e+06
1.510506323477902547e-07,5.767402979998639785e+06
1.860787142574984954e-07,4.491759362632886507e+06
2.569183253471182434e-07,4.422516743482854217e+07
1.942284964519016427e-07,4.757284627313936129e+06
2.300988141834723539e-07,3.944439987441186793e+06
3.320987104420623079e-07,2.704229973043749109e+06
2.005650473779347271e-07,5.250685186155865900e+06
3.898771214900804849e-07,2.732156115663024597e+06
2.327814465708600005e-07,4.652349025720035657e+06
4.189040697138810246e-07,2.620729568113892805e+06
3.868508921329023873e-07,3.632043743260427378e+06
3.808106906398756295e-07,4.073133922415080015e+06
2.100313353127893960e-07,5.898173568637609482e+06
4.306952285970856605e-07,1.206241421933335485e+06
3.184698582180588715e-07,1.738116024733996950e+06
6.440015039609241989e-07,1.537974777590384241e+06
7.274239330479517109e-07,1.384895677002609475e+06
6.673729818110016351e-07,1.730692975155742839e+06
8.801791665722504594e-07,1.340878312590474496e+06
8.716975340667309547e-07,1.345879495089363772e+06
7.465781782073139746e-07,1.756206857443846064e+06
1.402142170882501781e-06,1.056084006848346442e+06
1.445960606532908489e-06,1.084454545693812426e+06
1.815020072452333281e-07,1.218412198009504378e+07
3.956994132815197292e-07,1.789880165995679796e+06
8.264024139230138209e-07,8.452583419413837837e+05
6.328967342870695448e-07,1.255560816614131909e+06
6.956705326197959303e-07,1.202275020398240304e+06
4.419613143914956341e-07,1.928965834143791813e+06
4.956031183148319280e-07,1.749115990341897821e+06
1.023041773658175100e-06,9.239584815845978446e+05
1.033169062118287216e-06,9.479649447089582682e+05
7.062313448337537966e-07,1.563271677386407508e+06
8.305905904704176385e-07,1.485093182546651922e+06
1.410260873377156157e-06,1.049544511581378290e+06
2.189527453412820318e-07,3.089008853857961018e+06
3.567176981310134395e-07,3.180709106605014950e+07
3.017164534332770216e-07,2.515409899709235411e+06
3.113522964893671007e-07,3.656278466952818912e+06
3.458136201114332724e-07,2.543605094013227616e+06
3.272428630010187889e-07,2.803345811307213269e+06
3.844055388328181457e-07,2.421209885912517086e+06
3.858256862449418403e-07,2.589950392979636788e+06
8.079747461438236655e-07,1.364713684260764392e+06
6.636476997065254357e-07,1.902650675164663466e+06
8.646324885878680296e-07,1.545465873070823727e+06
3.290223585722069613e-07,1.610077771883313544e+06
3.345948100439917795e-07,1.770398932072821073e+06
2.778013383768018083e-07,2.848203805645322427e+07
1.822295052936757086e-07,4.530404662513246760e+06
3.162371045091955584e-07,3.023073691995864268e+06
3.735213904295902676e-07,2.596455877116465010e+06
4.586976670984456156e-07,2.268845013923254330e+06
3.616563676478319479e-07,2.805323830600278452e+06
5.311799130842639737e-07,1.982472013962462544e+06
5.130738348687870420e-07,2.829971191401826683e+06
9.752913841520026941e-07,1.605204038958715508e+06
3.345948100439917795e-07,1.770398932072821073e+06
3.622085634057477216e-07,1.832725877256384352e+06
4.341050074233071050e-07,2.218052373332187533e+06
5.329283533661810808e-07,1.749478758735844633e+06
2.389494801849461751e-07,4.004703496860457119e+06
4.586976670984456156e-07,2.268845013923254330e+06
7.192122903402019306e-07,1.413917047800215427e+06
6.483031591796503143e-07,1.588446265000194311e+06
5.311799130842639737e-07,1.982472013962462544e+06
5.253780204639929763e-07,2.148946910135999322e+06
4.800542669369070379e-07,2.721000069232484326e+06
8.755006513841067342e-07,1.791403119949948741e+06
1.959624119082816615e-07,2.469998291295498610e+06
1.173222108773970443e-07,5.164536996669724584e+06
2.212779617750944609e-07,2.289159629220317118e+06
2.604694979014015875e-07,2.682686521714841016e+06
5.253780204639929763e-07,2.148946910135999322e+06
3.420534759022809111e-07,3.501139338844108861e+06
4.263455147787398394e-07,2.899690087121331133e+06
5.344753300547109227e-07,2.337848358542322181e+06
4.800542669369070379e-07,2.721000069232484326e+06
6.921287128131042790e-07,2.265226937653011177e+06
8.755006513841067342e-07,1.791403119949948741e+06
9.894023825728202353e-08,7.017881433461856097e+06
9.033061435926720417e-08,9.108688813255300745e+06
1.319358497294876499e-07,6.193244564665131271e+06
1.822504371664020356e-07,5.150272742901613936e+06
1.697351959086552792e-07,5.813574781584076583e+06
1.548456838933677908e-07,6.365847669958843850e+06
1.439950953807988424e-07,7.191167731560352258e+06
2.012312258770132344e-07,5.200190421207029372e+06
1.940828734580651153e-07,5.627408911129077896e+06
2.187337043120728947e-07,5.108747047829460353e+06
2.453499870891093641e-07,5.506435001884299330e+06
1.611176714936423295e-07,8.799943807155456394e+06
1.167466251496249251e-07,6.627999765681346506e+07
1.602953153781477725e-07,3.991458504500555806e+06
1.760285448919560884e-07,4.250425853196921758e+06
1.278019532855253403e-07,5.943321258708810434e+06
4.069409023927832656e-07,2.030110095055076061e+06
7.011816989300482655e-07,1.369192289587129839e+06
5.544666115860404468e-07,1.805557495390664088e+06
6.075902946673413240e-07,2.052050139973025303e+06
5.716733327373651561e-07,2.426867149212528020e+06
1.112665059487743323e-06,1.407581719454818871e+06
4.203696324080241219e-07,1.502251952613922767e+06
2.793217575697418988e-07,2.871335288905824535e+06
4.239989651086714577e-07,2.641554018855008110e+07
8.630281098205219167e-07,1.106106655442875111e+06
9.408800390744912282e-07,1.037611919547094614e+06
3.100848378106273170e-07,3.334894453405898064e+06
5.881802833452488137e-07,1.741435852101983968e+06
6.191915845908270831e-07,1.703263164109651698e+06
7.584513944294432621e-07,1.541280335316771176e+06
9.123414067901929011e-08,1.326075698476459086e+07
7.146475093510717312e-07,1.763070606660447083e+06
1.056298086782268167e-06,1.405235988393373089e+06
6.485733594407045180e-07,2.388046613922397140e+06
4.068122825423333791e-07,2.092450611958824843e+07
4.203696324080241219e-07,1.502251952613922767e+06
7.053813680056947282e-07,1.266434955688280519e+06
8.342420207548359055e-07,1.125255117176990956e+06
8.630281098205219167e-07,1.106106655442875111e+06
9.408800390744912282e-07,1.037611919547094614e+06
7.743991655342380673e-07,1.547566718598393491e+06
9.092533849516753041e-07,1.306553492270110874e+06
1.002527820825732025e-06,1.232471979658031603e+06
8.856494723616912575e-07,1.401203711305888370e+06
1.560816346129815584e-06,9.479611823962613707e+05
1.689533663536340112e-06,8.763143268687590025e+05
8.929957096613425343e-07,1.026524752245472977e+06
8.342420207548359055e-07,1.125255117176990956e+06
8.044610575066058144e-07,1.189625684588686330e+06
7.851879818912578479e-07,1.205237560456507141e+06
9.039940183713266980e-07,1.077655745081846137e+06
7.151599571938292582e-07,1.371308519379734527e+06
9.817121667753190513e-07,9.911555230197163764e+05
8.334576368785621614e-07,1.220269881546821911e+06
1.098714039940037545e-06,1.019141768564802944e+06
7.743991655342380673e-07,1.547566718598393491e+06
8.856494723616912575e-07,1.401203711305888370e+06
1.643847167948685093e-06,7.704700611377744935e+05
1.560816346129815584e-06,9.479611823962613707e+05
2.154823897417107580e-07,4.491564339553850889e+07
2.486235381191425774e-07,2.539237595298940316e+06
4.502374339270497072e-07,1.809903909733552951e+06
6.877145838245969076e-07,1.292221327984742122e+06
8.929957096613425343e-07,1.026524752245472977e+06
4.283761119637545137e-07,2.089448684357760474e+06
7.373703913508768141e-07,1.274829050953672966e+06
9.039940183713266980e-07,1.077655745081846137e+06
9.817121667753190513e-07,9.911555230197163764e+05
9.044054579922448556e-07,1.183697599069786258e+06
2.154823897417107580e-07,4.491564339553850889e+07
2.486235381191425774e-07,2.539237595298940316e+06
4.502374339270497072e-07,1.809903909733552951e+06
5.226912974019842315e-07,1.680068553879953688e+06
4.064247759841228135e-07,2.400086438197880052e+06
3.980984631879123876e-07,2.463996272669646423e+06
4.766165402240528517e-07,2.062703952969803708e+06
4.929694711079607944e-07,2.065864350479499903e+06
3.985807084476969220e-07,2.989609907773115207e+06
4.165826895833890742e-07,3.288874136915647425e+06
7.277588894697625598e-07,2.154573397229805123e+06
1.132642658008707859e-07,2.041851843772665411e+07
4.858960892832628299e-07,1.151313225034293486e+06
4.948127668743525623e-07,1.915690304184449371e+06
7.136440537237661099e-07,1.375183106225329218e+06
4.766165402240528517e-07,2.062703952969803708e+06
5.413528314158063688e-07,1.868574274161604699e+06
4.929694711079607944e-07,2.065864350479499903e+06
7.407673594402052829e-07,1.428007508480899967e+06
5.162275414975242680e-07,2.045519224015993997e+06
3.714253298850817546e-07,2.885929090705445036e+06
4.795995818144736314e-07,2.326914103905130178e+06
6.524574940947543688e-07,2.136563490345233120e+06
1.206942997938446912e-06,1.167801539203597698e+06
1.365497672166938459e-06,1.220024845277243061e+06
4.983948679138998235e-07,1.321160575689317891e+06
7.711003523629831805e-07,6.266103075384412659e+05
1.337484344297643637e-06,7.348859886364251142e+05
1.390530720097229763e-06,7.031687694253791124e+05
9.455589209128843106e-07,1.043014260023630224e+06
1.108097752567100338e-06,8.707081738281322177e+05
1.517209257571780773e-06,7.022864350552785909e+05
1.182036581113397278e-06,1.056762550994291436e+06
1.250998793817283808e-06,9.936437168454031926e+05
1.842485911422818697e-06,6.567198974133826559e+05
2.218407254892945166e-06,7.062080114476722665e+05
4.178049697693194956e-07,1.081290866565916222e+06
1.041048315105728132e-07,5.025296746353859082e+06
9.241487523803916963e-07,1.076617236766891088e+06
1.507985799774500722e-06,6.796821153689471539e+05
1.568930881038499368e-06,6.485311812763889320e+05
1.074572756831475822e-06,9.354040431810548762e+05
1.250148961801710276e-06,9.508050938661546679e+05
1.130813626745972940e-06,1.046954725037141936e+06
1.178481672675850585e-06,1.111239861133711180e+06
1.005263114248173622e-06,1.369767942200957099e+06
2.218511267952482535e-06,7.061539693570641102e+05
1.924374323054076573e-06,8.143601836105845869e+05
2.823159672552964030e-07,8.159742308037171140e+06
1.624293739581200556e-07,6.284274131289959699e+07
2.504055112462223121e-07,2.424759639755209908e+06
5.216758379851219062e-07,1.524691613790266216e+06
5.589502117835699401e-07,5.065149652781133540e+06
5.849293368414168119e-07,1.700480360068853479e+06
6.955918096040692701e-07,1.491789170256825862e+06
6.386628106739941798e-07,1.593182132335995790e+06
8.098885204855804168e-07,1.407352611756204860e+06
6.622555240478846964e-07,5.151918580708039925e+06
1.193359137295439778e-06,1.175000846095335670e+06
1.420115501490717711e-06,1.103034437857148703e+06
1.512930502266488109e-07,5.961661235216993839e+07
3.784274629969300248e-07,2.113310995646316092e+06
6.639386888532779691e-07,1.306460943837140454e+06
3.747754807400056095e-07,2.337047508407761343e+06
4.238998968321162973e-07,2.176234129424899351e+06
4.627633991466938154e-07,2.033190665899673011e+06
6.114029402693081497e-07,1.816336242589548230e+07
7.737797310281992766e-07,1.463767156885021366e+06
1.283490523713773600e-06,9.945792233322053216e+05
1.267634638267992349e-06,1.104610009273101809e+06
1.539819531612103780e-06,9.634444743194477633e+05
2.714091033942467158e-07,2.738081242583059240e+06
5.537664696211622061e-07,1.560222010681726504e+06
6.639386888532779691e-07,1.306460943837140454e+06
4.347861283683937143e-07,2.162012848166951444e+06
1.140910231367301340e-06,8.257402244513834594e+05
8.176577830494751768e-07,1.186433879118235549e+06
1.128230554586310207e-06,8.718666361686075106e+05
8.776519010092412233e-07,1.124301447718844283e+06
9.108918685858868389e-07,1.120437850156108383e+06
1.006600890145046636e-06,1.169567060698991874e+06
8.647177967820447966e-07,1.446200447819148656e+06
1.633571666505237621e-06,9.598563512878912734e+05
2.566215145282588909e-07,2.255349058604458813e+06
6.852035138918122500e-07,9.707621698022072669e+05
5.537664696211622061e-07,1.560222010681726504e+06
9.170153466143032804e-07,9.866077709256977541e+05
8.468831288544786729e-07,1.088669360625176458e+06
9.248199241627957962e-07,1.017561927757782396e+06
8.888185546845840285e-07,1.059286535158754792e+06
8.176577830494751768e-07,1.186433879118235549e+06
9.141889337988181937e-07,1.301619123801929876e+06
9.580636118748634989e-07,1.291649961483084597e+06
1.639151903598517112e-06,9.562809760881344555e+05
2.177106388858834305e-07,1.075658129911419190e+07
4.863082919542569550e-07,1.238053813872027211e+06
1.420553634097833998e-07,5.374764269124722481e+07
2.783649530404771963e-07,2.305823018872402143e+06
4.028121340980854661e-07,1.665930322081840131e+06
6.001762128917650634e-07,1.759742719129749341e+06
5.566627378413048194e-07,2.007908450957213528e+06
6.825631744142762621e-07,1.680181490732816514e+06
7.312020142063878193e-07,1.618865881341514643e+06
6.902985490791453934e-07,1.799153506007327698e+06
7.262883597862235556e-07,1.708434093340916093e+06
1.275206564813235246e-06,1.160802426890031202e+06
1.275077885559922035e-06,1.228906446848422755e+06
9.251721202584658367e-08,2.537781497358321026e+07
2.153164360040335582e-07,1.574671118685240485e+07
3.788094056575805299e-07,2.044711283509452362e+06
4.863082919542569550e-07,1.238053813872027211e+06
2.783649530404771963e-07,2.305823018872402143e+06
4.374637979855046862e-07,1.943700890414070105e+06
6.434710620546937828e-07,1.369838954497728730e+06
6.798086224158220013e-07,1.380272696147191105e+06
5.112524993617412370e-07,2.224455578009887133e+06
5.419599925724758874e-07,2.188079470557454973e+06
9.613873724620600238e-07,1.539910755061677424e+06
2.795747762015516173e-07,2.030231493239653530e+06
4.573804628467662560e-07,1.381939344527486712e+06
3.277823316752199632e-07,2.643812558931038249e+06
4.627794623212858696e-07,1.993525527916046558e+06
3.256822843781134054e-07,2.867587894540313631e+06
5.538554011606405437e-07,1.747941640305093955e+06
5.112524993617412370e-07,2.224455578009887133e+06
4.797296140415518342e-07,2.490442410759949591e+06
5.419599925724758874e-07,2.188079470557454973e+06
5.631017456916806827e-07,2.093176667282775976e+06
9.423533357708252792e-07,1.570738893007905222e+06
9.613873724620600238e-07,1.539910755061677424e+06
1.591085141622782872e-07,3.497839861457982101e+06
1.043959617667738174e-07,7.193310736406114884e+06
4.457792452275337751e-07,1.844077266328050755e+06
3.277823316752199632e-07,2.643812558931038249e+06
2.848727163254055355e-07,2.932338625110075343e+06
4.627794623212858696e-07,1.993525527916046558e+06
3.256822843781134054e-07,2.867587894540313631e+06
5.538554011606405437e-07,1.747941640305093955e+06
7.974700051900562187e-07,1.491160506295661908e+06
1.365645320115391265e-06,1.082882688498772914e+06
8.836316331586099896e-08,1.891362936282081902e+07
4.456005145534028135e-07,1.446817627292630961e+06
6.085527245160722018e-07,1.853897008739976957e+07
9.053329456522172853e-07,1.053082126283040503e+06
9.748236059029182134e-07,1.077776681536321528e+06
1.008509417901237258e-06,1.049713680407839594e+06
1.187998643508809037e-06,9.361273050320053007e+05
9.783180875528049197e-07,1.280565581083651632e+06
1.099632182309894291e-06,1.127388317053514766e+06
1.601330805416500356e-06,9.279103489307608688e+05
1.849651514729461315e-06,8.981096773705200758e+05
4.588997010732267796e-07,9.954247272997213295e+05
1.961078162395441393e-07,3.609997578714408446e+06
2.830641372136668337e-07,2.218839022414002102e+06
9.030320041075859135e-07,6.414592106360732578e+06
4.345389422146233247e-07,2.627985199869859032e+06
9.053562322469147548e-07,1.318638889251634479e+06
6.720399084630134198e-07,1.719684207600846887e+06
1.038220045834562339e-06,1.258116498541621026e+06
1.034992870996769963e-06,1.252642061985078733e+06
9.322970771502092643e-07,1.432989694640345406e+06
1.873776019080751779e-06,8.358640570252520265e+05
1.677839694957416001e-06,9.904747787795324111e+05
1.782532180366983888e-07,2.795279294828547630e+06
2.295441106335245907e-07,2.239865671861802228e+06
2.474226499203374569e-07,2.263122364391629118e+06
2.830641372136668337e-07,2.218839022414002102e+06
2.115078995439565596e-07,3.160837403031763155e+06
1.966898724177187799e-07,4.941302226283621043e+06
4.572455217598045413e-07,2.388812511327273678e+06
3.469155050436693514e-07,3.418327857834424358e+06
3.555222048444761760e-07,3.657216692399085965e+06
6.019257863915053556e-07,2.761127255146714859e+06
1.782532180366983888e-07,2.795279294828547630e+06
2.295441106335245907e-07,2.239865671861802228e+06
1.961164725023223533e-07,3.099671170817047823e+06
2.644380673787806205e-07,2.326134987949346192e+06
2.691671359306894192e-07,2.649351816178394016e+06
4.663621828789285312e-07,2.026878694634741638e+06
2.875783200660984067e-07,3.293686109879848082e+06
3.347573376679113558e-07,2.768086485907045193e+06
7.675044599593331435e-07,1.492820112368566450e+06
2.450924190623841021e-07,3.220739438509198837e+06
2.578865216787351979e-07,4.370188006371593475e+07
3.036351530630600458e-07,2.736938775538970251e+06
3.629493349061456002e-07,2.078126349379363703e+06
8.076995454560327485e-07,1.172957183251752518e+06
2.434845280235089970e-07,4.370814238066103309e+06
8.153227053925191339e-07,1.254699910189833026e+06
5.930777655651179425e-07,1.869363149574275129e+06
5.637398194008226836e-07,2.293860012687411625e+06
8.861597352088121838e-07,1.498274854190639686e+06
7.483607481604312423e-07,1.788265946438754210e+06
3.517440802718287302e-07,2.079376372771121329e+06
4.346805661681167836e-07,1.830911405759679154e+06
5.372218028333427915e-07,1.584960523889930919e+06
4.622160411483988002e-07,2.427536379232160002e+07
6.662135151281875046e-07,1.432205062363438774e+06
8.076995454560327485e-07,1.172957183251752518e+06
7.399906418662910288e-07,1.267790072667167522e+06
8.153227053925191339e-07,1.254699910189833026e+06
6.883442161863614648e-07,1.466541709096673410e+06
6.696923837669624184e-07,1.766088135462204693e+06
1.106913399975413018e-06,1.264902667897184845e+06
1.723081711241663431e-07,1.329912490716372803e+07
2.383915045654642490e-07,1.840219432247455465e+06
5.609956244820233840e-07,1.302888888865616173e+06
2.676188158928574294e-07,2.949613876194903161e+06
3.308177085265306529e-07,2.572327186615501996e+06
5.314392085283954961e-07,1.738421652478402015e+06
7.399906418662910288e-07,1.267790072667167522e+06
6.662135151281875046e-07,1.432205062363438774e+06
7.892859666112506592e-07,1.243806429579271004e+06
6.056837928780461576e-07,1.669740615221597720e+06
7.757694863667641073e-07,1.322680545761750080e+06
9.384710208118731981e-08,8.638261848162652552e+07
6.024598771123232524e-08,1.709469892466372550e+08
1.496896805491459548e-07,5.831380171161111444e+06
2.397187809095145444e-07,4.122056396644967608e+06
2.958720893154519268e-07,3.569543682976181619e+06
2.391630429710326439e-07,4.474446637552164495e+06
4.470768195858033332e-07,2.457545799180608243e+06
2.032359412547538197e-07,5.323717741473988630e+06
3.902978186857148543e-07,3.611011642746597994e+06
8.239386484584889526e-07,1.794546786489541875e+06
6.676965909605209576e-08,8.472958379256859422e+06
4.368493690019641088e-08,1.480320974639267102e+07
8.289283579670049941e-08,9.919411745263732970e+06
1.313384019942329864e-07,7.083834627845632844e+06
9.250848374241604231e-08,1.078677809671066888e+07
1.015975514389488250e-07,1.025871197747806646e+07
1.159719129691129997e-07,8.505533836100675166e+06
1.592027232319608203e-07,7.193915253285079263e+06
1.324549855578150586e-07,9.361197424655791372e+06
2.159012614441510061e-07,6.537976194542063400e+06
2.164651335450398728e-07,7.089091564962640405e+06
2.460493116611385952e-07,5.999908673516849987e+06
1.691064147633551698e-07,3.775242188400932588e+06
2.054023807068554305e-07,3.380694830095848069e+06
1.441164338234347423e-07,5.459229724874564447e+06
7.218375056266724415e-08,1.206262351711483672e+07
3.548031222414847224e-07,2.608292684465867467e+06
1.649331004138320059e-07,5.987942861027811654e+06
4.027604910919239022e-07,2.615724953718755394e+06
4.227782302480472619e-07,2.622956895431726705e+06
4.346533621487352374e-07,2.545652221840092447e+06
3.947495501704713825e-07,3.099425257752214558e+06
4.450642098655285581e-07,3.011485156043008436e+06
4.316716089707026790e-07,1.367349960558335762e+06
2.690278885876716534e-07,3.377949839016847312e+06
3.417660242660264191e-07,2.823273069114707410e+06
3.923962315937886574e-07,2.522463228385522030e+06
4.033121158806051234e-07,2.523076673990946729e+06
4.457657260551391530e-07,2.271277955706501380e+06
4.150136025477935698e-07,2.423241028846873902e+06
3.395130349323753764e-07,2.983753918405592907e+06
4.346533621487352374e-07,2.545652221840092447e+06
4.227782302480472619e-07,2.622956895431726705e+06
3.921228419594483301e-07,2.835408970400844235e+06
1.587129789918949830e-07,7.251851173114303499e+06
1.335266281869932192e-07,9.031937108072906733e+06
2.412079592780687754e-07,2.131244301772294100e+06
3.512842953179272214e-07,2.745664964779941831e+06
3.745313632803202868e-07,2.725356106905764900e+06
3.041432015746414322e-07,3.255372352931526490e+06
3.395130349323753764e-07,2.983753918405592907e+06
3.489562277016049020e-07,2.976693293272173498e+06
3.892354452852310432e-07,2.741648335904847831e+06
2.928622571222867535e-07,4.471613580200158991e+06
3.638729024142458904e-07,3.569021980683304835e+06
5.864752261586646647e-07,2.673250673615767155e+06
1.387347308099938950e-07,1.134096525938305072e+07
2.412079592780687754e-07,2.131244301772294100e+06
3.489562277016049020e-07,2.976693293272173498e+06
3.684723007549633199e-07,2.776277403853073716e+06
3.835648298943605647e-07,2.732549772222869098e+06
3.060819852186008330e-07,3.541535279323822353e+06
4.170176132109517900e-07,2.522188577293318696e+06
3.999651377895852561e-07,2.651867986155913677e+06
4.081868992684149787e-07,2.730862299547545146e+06
4.048879466615434603e-07,2.881881249383483082e+06
2.304048593139264995e-07,5.286247424613744020e+06
6.749479820868639739e-08,1.343253009325162508e+07
2.255124851762897913e-07,2.389248406410863623e+06
2.369647738700863536e-07,2.352949183599425945e+06
3.193958176390409180e-07,3.240676267987605184e+06
3.725725832634663754e-07,2.952361285519699100e+06
4.278805744257708600e-07,2.586413286550091114e+06
4.081868992684149787e-07,2.730862299547545146e+06
4.046964358886867480e-07,2.725991523161550984e+06
3.109481885832128956e-07,3.710145102504817303e+06
4.048879466615434603e-07,2.881881249383483082e+06
2.884862042043161049e-07,4.234896444216519594e+06
6.749479820868639739e-08,1.343253009325162508e+07
2.369647738700863536e-07,2.352949183599425945e+06
3.225389692668967404e-07,1.793745626843222417e+06
3.779396899267128518e-07,2.835075805166324135e+06
3.838207311810061861e-07,2.782948620037025306e+06
1.914987208904436007e-07,5.749475611623221077e+06
3.989643179469198999e-07,2.822281300161573570e+06
3.811072909210252116e-07,3.091519535087285098e+06
3.411790643111227003e-07,3.639921829391980078e+06
6.714319464582804951e-07,2.211247592034359928e+06
6.481665866243494844e-07,2.285106212774262764e+06
7.081479130087640362e-07,2.098203156499639153e+06
4.069696541385899025e-07,1.221795103471018607e+06
3.733483045217470235e-07,1.942293236227936111e+06
5.193945416100500187e-07,1.573589859635485569e+06
5.635315174124294094e-07,1.471846248395670904e+06
4.761383149671522769e-07,1.887177369583666325e+06
4.527107658675420544e-07,2.015432820827019168e+06
5.512243140641037850e-07,1.686983511040661251e+06
5.236605648809959507e-07,1.797475379173359834e+06
5.208549403855474625e-07,2.285776206648364663e+06
5.502247765115461991e-07,2.258457970910686068e+06
9.573857011430772533e-07,1.636826844081130577e+06
3.425574292618149815e-07,2.801298662582429871e+07
3.423928982083253857e-07,1.721617670797264902e+06
6.292304846621533811e-07,1.323617935975137865e+06
5.512243140641037850e-07,1.686983511040661251e+06
5.236605648809959507e-07,1.797475379173359834e+06
3.288995895744612703e-07,3.401086576080101728e+07
6.418006748312456820e-07,1.657384254040518776e+06
6.331025883562366357e-07,1.696706848955455003e+06
5.163542384951585822e-07,2.129188934822584968e+06
6.550606982863095586e-07,1.689319657309294678e+06
9.141773139429852015e-07,1.458180778029362205e+06
3.425574292618149815e-07,2.801298662582429871e+07
4.227829691409275962e-07,1.399288379710693145e+06
4.488987670368442162e-07,5.344819685428068973e+06
6.081101318925231255e-07,1.598482548652651720e+06
6.418006748312456820e-07,1.657384254040518776e+06
6.550606982863095586e-07,1.689319657309294678e+06
5.163542384951585822e-07,2.129188934822584968e+06
5.063950747458065342e-07,2.211676604393269867e+06
4.989890746616968174e-07,2.201887558281643316e+06
5.451175242581335207e-07,2.115998589204258751e+06
4.336022069666373081e-07,2.696903864503116347e+06
9.647018819979822091e-08,2.391077255039590597e+07
1.497979846599175961e-07,4.818730917799149640e+06
2.422981483842970989e-07,2.577371870400011539e+06
4.227829691409275962e-07,1.399288379710693145e+06
3.841890619823890600e-07,2.172696952372897882e+06
5.291832249162573235e-07,1.920692375170313986e+06
5.154262100124675507e-07,1.985173569377961103e+06
5.749029235252506445e-07,1.860036006821782561e+06
5.688553492679501803e-07,1.875540149807241745e+06
4.520415411711104969e-07,2.461528891929747537e+06
4.829036898316225635e-07,2.391176919930372853e+06
3.236926175043395890e-07,5.063144531047440134e+06
2.385836396728979303e-07,2.709391739208301529e+06
1.287185673906522507e-07,5.955680218377342448e+06
3.868213701310987953e-07,1.919097952821500134e+06
2.801951531669987671e-07,2.914545098211699631e+06
5.010026664048701905e-07,2.247125011641634628e+07
8.319161417053876822e-07,1.235449229777545203e+06
5.188283586323296501e-07,2.132009555276380386e+06
4.691523091953201335e-07,2.501802347705504391e+06
7.143376389089696218e-07,1.860677149434606079e+06
6.709249538707049728e-07,2.052030506113291252e+06
1.219758124681012249e-06,1.151647579824459739e+06
9.677985154320862074e-07,1.527738380302671576e+06
4.597669233261165277e-07,2.440198059110156447e+07
2.767534005097910527e-07,3.056346359037557151e+06
6.649114094640609418e-07,1.282153239358044229e+06
6.221085745912190632e-07,1.491000792224826291e+06
8.914174055689328476e-07,1.057082231442988617e+06
9.012764979330625165e-07,1.048724480124848196e+06
8.469953956635349311e-07,1.159273092578819953e+06
8.273410800331963286e-07,1.234977838568925392e+06
6.816166178158539773e-07,1.494805107051789295e+06
7.549267327982300337e-07,1.642759951324406080e+06
7.538319620498831379e-07,1.724152945043073036e+06
1.337029595534059318e-06,1.106694422259979881e+06
4.682629567008035763e-07,1.130589801345106214e+06
4.207028905089557373e-07,1.287864028899839846e+06
3.488735590530576337e-07,1.615995637765744235e+06
6.041924501158607723e-07,1.678232085526632145e+06
4.917984509262847235e-07,2.095109982249637367e+06
5.712199499983335483e-07,1.875416184305266012e+06
7.948484198787426672e-07,1.552461872102939524e+06
6.835749095911629740e-07,1.820106759911177680e+06
6.632089013627976096e-07,1.823355748874779325e+06
6.081384251795527693e-07,2.273210760062065441e+06
1.339186495181516044e-06,1.046334693089683889e+06
1.195263484135430519e-06,1.310458112445340026e+06
4.569837544673525118e-07,1.116148218068332877e+06
3.488735590530576337e-07,1.615995637765744235e+06
3.793893872180247563e-07,2.309074010122918058e+06
4.837226747433170502e-07,1.983853697694299277e+06
4.537128222608134325e-07,2.088084892335759709e+06
5.506014386689426774e-07,1.776961568557987222e+06
4.039660298278817755e-07,2.675210146196679678e+06
3.937804207877034885e-07,2.708982739518792834e+06
7.229902873837436442e-07,1.609719445181812858e+06
3.787702994336730031e-07,3.086260706589112524e+06
1.589188585317433810e-06,1.049806996129774721e+06
1.601148763409404455e-06,1.106041662767879665e+06
3.642002756051046513e-07,1.365239306842124788e+06
4.546120581885444717e-07,1.154783142054180615e+06
7.185624081973138867e-07,1.518710313070194423e+07
1.085025275994432014e-06,7.452065778179944027e+05
1.318352926329365661e-06,7.056694981777475914e+05
1.294711643483790553e-06,8.359392871867949143e+05
1.053338761771587762e-06,1.068138769308057614e+06
1.074617722980377075e-06,1.162960668254622491e+06
1.694538320990491873e-06,7.853349843620102620e+05
2.192092782045132474e-06,6.395642505966386525e+05
4.895634068455539928e-07,1.027934520897066919e+06
6.162853336639524728e-07,8.839068723226925358e+05
5.920520291747791731e-07,1.498892130351765081e+06
6.146624667803662909e-07,1.440294670684414217e+06
8.545568995812426619e-07,1.298252335749966465e+07
2.274957937131887495e-07,3.622676024872924201e+06
8.795005807311450695e-07,1.358797512108530151e+06
1.004203452234244507e-06,1.176041594605593709e+06
1.112455999565042645e-06,1.121657630665166071e+06
1.712471418601217411e-06,8.644512121495455503e+05
1.889400888526021128e-06,8.351778832640495384e+05
2.107128436100305152e-06,7.898402513049027184e+05
4.129689525061282139e-07,1.841152976822937140e+06
6.717616377448610112e-07,6.213626967657855712e+05
7.064152342087861221e-07,1.182565958005951485e+06
1.217147423415973366e-06,7.452507748748203740e+05
2.001288227700678753e-06,4.957325215674244682e+05
2.154073265311187785e-06,4.717325578968071495e+05
2.311862871669936929e-06,5.115635158010883606e+05
4.783117402085841512e-07,2.483874156358859036e+06
3.126438664374427427e-06,4.528976306420727051e+05
3.725692023734153245e-06,5.038256444097334752e+05
1.039076901090558508e-06,4.197794058046105201e+05
1.847976396317401097e-06,4.482030826788703562e+05
2.059451771416117218e-06,4.213946981921663391e+05
2.805168635523540149e-06,3.364816803714261623e+05
2.812188384740617815e-06,3.350511546388331335e+05
1.232361340908552522e-06,7.621076305467888014e+05
2.001288227700678753e-06,4.957325215674244682e+05
2.154073265311187785e-06,4.717325578968071495e+05
2.084924709528047850e-06,5.461527223946893355e+05
2.202903403513831225e-06,5.366243806549641304e+05
3.859816640217734150e-06,3.834974352751653641e+05
2.784101133179085141e-07,1.622807322049324168e+06
4.664397057291005782e-07,9.959278897880523000e+05
1.298514466150185823e-06,6.662488023732274305e+05
1.084717626058526753e-06,8.225845340203206288e+05
1.479253056574428452e-06,7.092824013641264755e+05
1.599925109496422770e-06,7.376253492875806987e+05
1.968638691315115256e-06,6.647410220397693338e+05
2.819771249224037549e-06,4.971311814132698346e+05
1.395013098525725674e-06,1.112156720621515298e+06
3.310351694678464494e-06,5.050218722779608215e+05
3.723273745947348270e-06,4.469132800306825666e+05
7.579635921687735903e-07,2.927364134003899992e+06
1.734606597825790880e-07,2.792386294587634504e+06
1.587908656154488147e-07,3.324981429155758768e+07
5.250029691155035563e-07,1.750593290055738762e+06
4.304996075739521727e-07,2.027708271571087418e+06
3.688784766416929262e-07,2.557118351397558581e+06
3.887968061299273317e-07,2.447748656052310485e+06
4.481023649966353190e-07,2.171585574200322852e+06
5.671667779695419933e-07,1.727432124999520369e+06
5.259760859719098384e-07,1.974516482100049499e+06
7.307159318320357305e-07,1.733710082541965181e+06
1.598726213594655401e-06,1.043310053044422297e+06
1.028106286918323118e-07,2.427730336511261389e+07
8.304012588583866117e-08,3.161790822715446725e+07
1.803062707217817884e-07,3.589167641820090823e+06
2.314436758298707396e-07,3.526164594116807450e+06
4.022342835003804202e-07,2.269953535095054656e+06
4.162441602672035606e-07,2.270806749930289108e+06
4.353461594713211409e-07,2.337764099526551552e+06
4.005919434094162567e-07,2.987577409846127033e+06
5.288525348573712040e-07,2.698073137656388339e+06
7.838168350077640037e-07,1.998701792843979783e+06
1.028106286918323118e-07,2.427730336511261389e+07
1.803062707217817884e-07,3.589167641820090823e+06
8.103858624825798068e-08,9.113149275297135115e+06
6.829689449423582085e-07,1.439449284374200040e+06
7.211227482698891588e-07,1.407599764204721898e+06
4.411457589704985548e-07,2.380551982402908616e+06
3.553092152216150347e-07,3.202615996572347358e+06
4.816496915199692990e-07,2.581322292546228506e+06
4.934017199759727491e-07,2.502551653170714155e+06
4.183251536876682059e-07,3.293449081403676886e+06
8.264317690676150212e-07,1.790923883755066199e+06
8.253908652943079195e-07,1.897695101236540126e+06
1.322370209412474836e-07,1.234307108830127306e+07
3.634542752892019678e-07,2.564474395409570634e+07
3.309895695320623689e-07,2.642928890065015294e+06
4.248642026723848684e-07,2.632885008666551486e+07
6.732732367667996361e-07,1.657834868054125924e+06
5.189560394500888642e-07,2.261184077577346005e+06
4.816496915199692990e-07,2.581322292546228506e+06
2.684459402741069965e-07,4.680307771017514169e+06
3.742214437631602397e-07,3.459956396854201797e+06
9.251615150345966344e-07,1.605252734145205235e+06
8.283701817234136968e-07,1.784834136994908564e+06
8.145097693986590890e-07,1.926224927393501159e+06
1.322370209412474836e-07,1.234307108830127306e+07
3.140987199360341389e-07,7.537497483936429955e+06
4.462073757257444238e-07,1.930254944627981633e+06
3.522891753495660091e-07,2.683696443143201992e+06
3.012280560612284586e-07,3.312773174497940578e+06
3.511595116024874965e-07,2.789761872693209909e+06
3.394036547178114556e-07,3.402887162322569638e+06
3.764750024833102981e-07,3.302939538907603361e+06
3.774485340848270782e-07,3.353887624319547787e+06
3.984968492546268717e-07,3.129788803216488101e+06
6.996025275549985386e-07,2.239317727094882168e+06
1.756537619303441159e-07,1.837580651401627436e+07
2.179984799353935266e-07,3.072573360017162282e+06
3.554812288963815750e-07,2.586512456862523686e+06
4.254794697202906150e-07,2.200654470356806181e+06
3.845714837844841051e-07,2.461756253576086834e+06
2.585910585115547103e-07,4.336553078884420544e+07
5.118535673909268177e-07,1.873254792572904378e+06
4.362742469984678519e-07,2.471431826890042517e+06
5.062673752748472096e-07,2.372006454662591219e+06
7.404056515397611551e-07,1.624746472585476469e+06
6.872647342458534783e-07,2.038342182426779298e+06
1.371786788302442615e-07,6.606587200095120072e+07
3.801400115176874806e-07,1.902394787639674265e+06
5.302628069999614629e-07,1.735754553261038614e+06
5.804263678432789171e-07,1.617378796545280609e+06
4.381546000542309137e-07,2.245354876415310893e+06
4.848964733749811929e-07,2.145010037792462390e+06
4.470521778498930916e-07,2.481142386023325846e+06
4.590608954598953740e-07,2.417672786606913432e+06
2.026157672752476653e-07,5.771398302306335419e+06
4.155464697310485022e-07,3.014343853814966977e+06
7.198212039872572590e-07,1.851783996009574970e+06
8.020594571475226585e-07,1.955899537117139436e+06
1.676415568800005720e-07,3.393955328784943558e+06
1.304926389853332705e-07,4.864804692529529333e+06
4.094148239889944882e-07,3.400559548840821721e+06
5.595287506831232841e-07,1.569980607008273480e+06
5.631855295271938193e-07,1.619709159702353412e+06
3.294653741640119947e-07,2.883151766678870190e+06
3.759354190603058033e-07,2.600051241904219612e+06
4.076716813814133842e-07,2.626267373615787830e+06
4.470521778498930916e-07,2.481142386023325846e+06
4.593508816150495358e-07,2.505887378548745066e+06
7.194656924477520049e-07,1.762917438010590849e+06
1.676415568800005720e-07,3.393955328784943558e+06
1.304926389853332705e-07,4.864804692529529333e+06
3.512907401553424034e-07,2.495406852136746980e+06
3.465207065271119668e-07,2.643910665371856652e+06
3.759354190603058033e-07,2.600051241904219612e+06
3.392588265061800715e-07,2.987856799975680187e+06
6.397192571587722678e-07,1.581301573560154065e+06
4.542664306154954563e-07,2.348603198093505111e+06
4.986834073913597546e-07,2.416635972676540259e+06
6.303920654141515139e-07,1.953800235527490266e+06
6.846888503822896688e-07,2.051130590274889255e+06
1.009515813919995844e-06,1.552800597005635267e+06
1.036270101546540700e-07,9.236124672287996113e+07
1.238493788670222970e-07,7.954397919562199712e+07
2.472595641159128707e-07,8.222952146371857263e+06
3.705077791894631555e-07,2.078686206443948438e+06
4.383381950856623047e-07,2.488945606489904970e+07
6.117722289740309929e-07,1.639251659927310422e+06
4.702205503691296208e-07,2.168659432714201976e+06
5.028583575465911153e-07,2.262634350726521108e+06
6.755684095888866395e-07,1.876342028140243143e+06
9.840688551752176845e-07,1.351493543052907335e+06
8.844591285190808815e-07,1.672890932967116358e+06
1.063919740600288435e-07,9.145243374283750355e+07
1.278485992961187711e-07,5.689101326090971008e+06
1.122558088404925703e-07,7.017773798405127600e+06
1.798349140358644877e-07,4.873631766143163666e+06
8.283748838969088713e-08,1.004055366985950805e+07
2.523559276489613996e-07,3.995866828066276852e+06
2.117821742320461906e-07,4.838074768446094356e+06
2.327822895050496572e-07,4.591378342209785245e+06
3.386027966015236825e-07,3.082488169702723622e+06
3.639619805901016167e-07,4.037283983011513948e+06
7.974547823961628875e-07,2.223895487388676498e+06
4.948490060872483722e-08,1.624386562900063768e+07
1.278485992961187711e-07,5.689101326090971008e+06
1.155675416774387091e-07,6.567874165329360403e+06
1.798349140358644877e-07,4.873631766143163666e+06
1.889803657780505999e-07,4.943982879926639609e+06
2.189358123401338642e-07,4.470644595674716868e+06
1.653436935599085506e-07,6.417711339129532687e+06
2.159512486396392319e-07,5.093484663134314120e+06
2.416066168858187555e-07,4.832034013885254040e+06
2.542700868297351125e-07,4.553085932348182425e+06
1.600311300419259410e-07,9.653804736173836514e+06
6.671006598187458779e-08,3.823776395572070032e+07
1.689140137850943186e-08,3.678163175130490214e+07
2.452207654153336495e-07,2.780404845257184468e+06
5.383583666364388115e-07,1.917373132413811516e+06
5.616971736519969103e-07,1.901576631097897189e+06
8.832898822109370506e-07,1.295778172588691814e+06
8.805663674031301439e-07,1.286643097037254833e+06
6.398575772785305443e-07,1.862548346535378369e+06
7.389530186318034358e-07,1.668190072033553384e+06
1.202832170149655649e-06,1.303550708426829660e+06
1.567841369258428143e-06,1.000487181202726439e+06
7.098806063519521712e-07,7.420599271005291957e+05
6.467030130869776955e-07,8.905223069964182796e+05
7.961856344206953004e-07,1.416301250278682634e+07
1.037907269618680542e-06,9.210765353689085459e+05
9.190347837687436811e-07,1.014683504403139348e+06
1.140159959563666357e-06,8.227215029810018605e+05
7.967049718406572907e-07,1.197289169256498804e+06
9.633641628643587698e-07,1.074164733521755785e+06
1.077844090159766437e-06,1.045481730489463196e+06
1.567217112457980583e-06,8.479385805904512526e+05
1.794160858316552527e-06,7.406861882616549265e+05
3.522566734726936786e-07,1.371575608568173368e+06
3.442883228924173124e-07,1.704335565308437450e+06
3.925414727061767539e-07,2.006740907697217306e+06
3.405296797773296990e-07,2.599806789276232012e+06
6.158144533395135825e-07,1.671681218195030000e+06
6.451267026290106450e-07,1.572950419919162523e+06
9.880788380887817693e-07,1.136766389933117200e+06
9.750095960031074038e-07,1.273611827757109422e+06
1.819928832664504458e-06,7.293861649043044308e+05
6.861939644150393797e-07,2.028341634346048580e+06
9.653709651283705178e-07,1.418706592361212242e+06
1.534611128767173216e-06,9.653588637401973829e+05
3.442883228924173124e-07,1.704335565308437450e+06
3.082910914605400754e-07,2.497664884216997772e+06
3.170190627172525721e-07,2.462215041985533666e+06
2.791580385721954220e-07,2.893057587170866318e+06
3.687052565324583778e-07,2.219738583981542848e+06
3.925414727061767539e-07,2.006740907697217306e+06
3.505245106103618235e-07,2.489056101548218168e+06
3.229899953113553792e-07,3.020137266237603966e+06
3.421400662687828702e-07,3.078321611524363980e+06
3.697902687687707001e-07,3.326033918161464389e+06
6.530679956291906748e-08,3.098491887699726224e+07
3.134379532278544756e-07,2.742848144107704517e+06
3.232051218511157819e-07,2.328224418100319803e+06
3.687052565324583778e-07,2.219738583981542848e+06
2.714039457387969318e-07,3.079959776708828751e+06
1.003495380773451806e-06,9.767413830287215533e+05
4.447265561363433333e-07,2.396015999987002928e+06
1.024995508544171384e-06,9.922220167167239124e+05
8.656982149773828568e-07,1.232073459908016725e+06
8.572143516280430524e-07,1.296853728073803242e+06
6.212078719995707117e-07,1.756574293818421662e+06
7.305431593574783970e-07,1.784290016355211381e+06
1.319023922240038709e-06,1.188415495848567924e+06
5.261988986631261725e-07,1.009812506039439584e+06
2.481616662944818849e-07,2.551689701599206310e+06
8.787490790346118820e-07,1.041059145200462663e+06
9.767023569923524351e-07,9.551228493997571059e+05
7.889180046295225745e-07,1.245105697346861474e+06
6.624886506145569445e-07,1.425926994903895073e+06
1.003495380773451806e-06,9.767413830287215533e+05
1.024995508544171384e-06,9.922220167167239124e+05
7.935436945068996710e-07,1.286787974548989208e+06
8.656982149773828568e-07,1.232073459908016725e+06
8.572143516280430524e-07,1.296853728073803242e+06
3.750088184127764877e-07,1.732746329282764811e+06
2.729012737267935770e-07,2.646966074738217052e+06
5.095828335388708673e-07,1.900075768749434268e+06
7.889180046295225745e-07,1.245105697346861474e+06
7.935436945068996710e-07,1.286787974548989208e+06
4.771767336196538838e-07,2.138259848070880398e+06
4.634387161892016704e-07,2.198418064072967507e+06
5.360414990822828045e-07,1.947331082482259953e+06
4.827819395132331233e-07,2.251283534251446370e+06
7.492848198478383243e-07,1.450091515265118331e+06
4.651765324866740097e-07,2.401292863130834885e+06
4.222729577245066817e-07,2.676715089867665432e+06
3.949930735271679967e-07,1.792446779080188368e+06
2.803747637307898859e-07,3.303149752618592232e+07
3.242411536943014163e-07,2.937031359968486242e+06
5.438488719549480386e-07,1.747537887144106440e+06
5.095828335388708673e-07,1.900075768749434268e+06
4.068542058913759432e-07,2.484850865915243514e+06
6.017831561776918352e-07,1.684696417935193283e+06
4.771767336196538838e-07,2.138259848070880398e+06
4.634387161892016704e-07,2.198418064072967507e+06
5.758066161180432782e-07,1.852796002840288449e+06
4.651765324866740097e-07,2.401292863130834885e+06
7.877414308811818589e-07,1.695089710683978861e+06
2.675616715885429184e-07,2.907539024425916839e+06
3.280361218247564329e-07,2.521948073408057913e+06
4.733625255294743123e-07,1.797388895759557607e+06
6.466174896046445163e-07,1.377193843379382044e+06
4.333895928670089957e-07,2.075190780950667337e+06
4.650086593538595137e-07,2.041143247396822786e+06
4.652065450288851819e-07,2.036847035183937754e+06
4.168009108142790754e-07,2.329586622308105230e+06
3.506289897631574112e-07,2.964610698726492468e+06
5.282830360320129399e-07,2.225766517907685135e+06
4.070525985207023702e-07,3.088687743046180811e+06
8.335841534656959160e-07,1.881934328065907117e+06
4.333895928670089957e-07,2.075190780950667337e+06
4.652065450288851819e-07,2.036847035183937754e+06
4.650086593538595137e-07,2.041143247396822786e+06
4.168009108142790754e-07,2.329586622308105230e+06
4.317109128457862392e-07,2.352930270500183571e+06
5.329492003338537754e-07,1.941862715798511636e+06
4.696420867108218555e-07,2.254342731083866209e+06
4.330366815674457374e-07,2.490228040844199713e+06
4.861889245046173926e-07,2.270883275808974635e+06
5.075745211588866785e-07,2.230554036539514083e+06
4.050740230628542342e-07,2.739799252626382746e+06
4.408073610029797531e-07,2.655302318226300180e+06
1.826312964254988262e-07,7.845720235352839343e+06
4.815942318005704457e-07,1.042776892971627414e+06
5.993513336435397352e-07,9.083894371084679151e+05
3.936604091374884761e-07,2.836059191344964132e+07
7.108319143644645934e-07,1.563276682077172771e+07
8.845972496721677002e-07,9.683377751522044418e+05
8.365371336309666755e-07,1.055725004758182354e+07
5.145973872804817915e-07,1.946119016755187884e+06
1.069573949675321521e-06,1.106073193038439145e+06
1.097797567067478521e-06,1.117890530102037825e+06
1.794261319778221573e-06,8.732364051778026624e+05
1.564172954086297760e-06,1.004298751526674721e+06
3.966107735048563601e-07,1.259064832809630781e+06
7.578695060557500187e-07,1.162241265895087505e+06
9.229074525966282155e-07,1.010923523271100596e+06
1.107967397288257616e-06,9.681013739324188791e+05
1.229728029883104253e-06,8.593606371955223149e+05
7.837919938387108313e-07,1.419981554054970853e+06
9.002134118777449037e-07,1.286420649057189934e+06
8.355168919511106961e-07,1.495122609870684799e+06
9.149191654186826466e-07,1.351231964006069349e+06
1.013020935011008151e-06,1.289569780233394820e+06
9.526228803297424962e-07,1.376971347135738702e+06
1.595850350384829023e-06,9.271210158580908319e+05
1.809380973172021912e-06,8.657272248066239990e+05
5.833335679138284750e-08,3.239965424158745259e+07
2.610536374162357321e-07,1.419218124080226989e+06
3.881832061525422780e-07,1.234548095242025796e+06
9.048264355901225290e-07,9.717002033641360467e+05
9.229074525966282155e-07,1.010923523271100596e+06
8.260343378064306894e-07,1.199777065891048172e+06
1.189561405206077061e-06,8.461167625775622437e+05
9.714540164233042818e-07,1.114176031481852289e+06
1.226771049571237074e-06,1.027438463052235777e+06
1.571973191986136716e-06,8.456101328112874180e+05
2.518951779417024424e-06,6.225679842392434366e+05
2.911638237968398583e-07,1.299952285543360282e+06
9.048264355901225290e-07,9.717002033641360467e+05
1.512059270233639587e-06,5.894090016853507841e+05
2.020441138154965211e-06,4.671117739298006636e+05
1.649910096817379660e-06,5.790843149915391114e+05
1.884414186826890625e-06,4.967770184481332544e+05
2.005872313365419305e-06,4.712938876128706615e+05
1.723115139500613236e-06,5.639494822134209098e+05
1.189561405206077061e-06,8.461167625775622437e+05
8.369269597307941369e-07,1.264312926881187130e+06
3.800157956738657206e-07,1.065950990801352309e+06
4.079478263462289775e-08,6.383330079745610058e+07
7.151090561597713441e-07,1.052748859061213210e+06
9.539159421299356001e-07,8.972636669049309567e+05
1.132688362706094606e-06,9.756769108738716692e+06
1.289940100475328752e-06,8.148625661850968609e+05
1.569477136780023783e-06,7.504452110114472453e+05
1.375025021296945600e-06,1.006935126078922302e+06
2.327933263320461197e-06,6.014145183438839158e+05
2.468467947251486244e-06,6.773413137534486596e+05
2.771928296406119084e-06,6.004528940964341164e+05
1.846159555965016308e-07,2.528392748804142699e+06
1.687060259442828249e-07,2.933695388338375371e+06
1.811036315334744955e-07,3.029358460109996609e+06
2.760844981413336932e-08,3.154796171991418004e+08
3.184474128872451796e-07,2.639228173149454407e+06
4.114184186490105071e-07,2.248536649915247690e+06
1.674233496482330425e-07,5.951515169486363418e+06
3.708539526034682573e-07,3.795649203421328682e+06
1.038736092215643955e-06,1.833374134143158095e+06
9.133538515805681374e-07,1.949912353128767340e+06
1.687060259442828249e-07,2.933695388338375371e+06
2.856927066775583122e-07,2.157074008788503706e+06
1.507111606818289152e-07,7.394254751269569993e+07
2.132141316486513373e-07,3.183504988779922482e+06
4.846219215483565186e-07,2.059774970155547140e+06
1.836321994167032517e-07,5.405889873101308011e+06
5.617379182389423473e-07,1.874116724512339104e+06
5.616018713238185356e-07,2.071141929047797108e+06
6.024715930424576613e-07,2.054230792071581353e+06
5.004493080387596344e-07,2.763480255473443773e+06
9.805706891476451051e-07,1.693767328041460365e+06
2.833666196656802219e-07,2.546359415960232727e+06
4.791291893250434928e-07,1.829601659560785862e+06
7.066125015852571690e-07,1.295441392678725766e+06
6.540301071034800614e-07,1.409931729724076577e+06
2.942016039226209156e-07,3.466352442335791420e+06
4.846219215483565186e-07,2.059774970155547140e+06
7.132748555147526849e-07,1.431258629330835305e+06
6.820773380261340987e-07,1.506383850931231631e+06
8.238200996390983391e-07,1.283421839684642851e+06
5.617379182389423473e-07,1.874116724512339104e+06
5.262442952048112914e-07,2.111162704577597324e+06
7.020407170708223425e-07,1.909308244105107384e+06
5.598387269962527298e-07,1.309039571510147303e+06
3.950709284633150393e-07,2.018954127007323084e+06
6.193089115222362298e-07,1.318714712917369092e+06
7.066125015852571690e-07,1.295441392678725766e+06
8.638204585033676285e-07,1.096150789185013156e+06
6.904688310766205980e-07,1.612435884999106638e+07
7.628276416012836237e-07,1.279047107906593475e+06
9.227120990379520781e-07,1.053426221168363933e+06
9.635722744678569365e-07,1.167515783173735254e+06
1.110242501570727293e-06,1.102060244323888328e+06
1.499010662209102252e-06,9.351566814353567315e+05
1.548720997441463968e-06,9.565279838196709752e+05
3.032300374074478596e-07,1.817459571336439578e+06
8.010550125514956470e-07,1.134334238754162332e+06
6.904688310766205980e-07,1.612435884999106638e+07
9.227120990379520781e-07,1.053426221168363933e+06
5.447788467148645545e-07,1.910775667047876399e+06
9.169630264000623349e-07,1.123323012417381164e+06
7.001316880607552831e-07,1.495573804254488787e+06
1.014185264219083884e-06,1.042908747435689555e+06
9.677975113885158493e-07,1.218165175050782040e+06
9.203385016958672220e-07,1.281996250714724651e+06
1.517673889759703780e-06,8.745377529942279216e+05
1.571692398517705562e-06,8.913928480770247988e+05
2.080003438466090171e-07,4.504653650098111480e+07
1.795204259515333759e-07,5.180678799648229033e+07
3.482483939397322914e-07,2.548212349523834419e+06
3.684885345140766988e-07,2.467871616467239801e+06
5.942910731215978110e-07,1.736934081154880580e+06
4.130162669162986788e-07,2.579158173170740250e+06
6.803477677771118866e-07,1.615780145672303624e+06
4.454800701092467942e-07,2.492659235989959911e+06
7.146246945371885169e-07,1.782278268166786060e+06
7.086787852590562425e-07,1.860143846618443727e+06
1.362881220555772162e-06,1.218585421352599515e+06
1.529587563007418289e-07,4.010671811090692412e+06
2.306065791005329142e-07,3.312356658264100552e+06
7.439396138353080282e-08,9.935921809893397614e+06
2.949256913568811799e-07,6.245547979622466490e+06
3.320924952238055888e-07,2.912242783176424447e+06
2.361357663598520902e-07,4.433887891650164500e+06
2.943281244169222560e-07,3.498673112390593626e+06
2.860200422727716178e-07,3.790817271559325978e+06
1.115174148366540126e-07,1.104530339213683270e+07
2.970956533579951805e-07,4.411303299752621911e+06
3.250905639238742266e-07,4.226972952573793940e+06
5.757678375508638162e-07,2.719211532827185467e+06
2.133580630476768515e-07,3.832822480728915427e+06
7.316579441011423064e-08,1.040417581298187003e+07
2.612305415830618734e-07,3.745129592527478468e+06
4.594779367301507248e-07,2.217539750532823615e+06
3.457660607817785414e-07,2.868889811627403833e+06
4.312676924072977137e-07,2.377155743730051909e+06
3.895410821524118133e-07,2.586505572847044561e+06
3.687997587436024316e-07,2.774320255017895717e+06
2.224267744191974373e-07,4.738070885127982125e+06
2.646677624374368065e-07,4.199158864727972075e+06
2.435674606868650529e-07,4.617022384890295565e+06
1.920646222377353327e-07,6.094619753045520745e+06
2.177572264749908064e-07,2.378274047701450065e+06
2.214672650807649776e-07,3.826275322776626796e+06
2.441098967908809363e-07,3.902970008400804363e+06
1.814741225212211617e-07,5.447034299858396873e+06
3.895410821524118133e-07,2.586505572847044561e+06
3.687997587436024316e-07,2.774320255017895717e+06
2.567739494612066014e-07,3.958420095346734859e+06
2.435674606868650529e-07,4.617022384890295565e+06
2.646677624374368065e-07,4.199158864727972075e+06
4.276176970758004199e-07,2.616244363946762402e+06
2.327045779175629115e-07,4.836000989384082146e+06
5.835083359089769536e-07,2.284602409856452141e+06
2.246376049372630218e-07,2.074215423055444844e+06
2.312311052662679286e-07,2.158975178129546344e+06
2.618492881971766608e-07,1.913648189077875344e+06
5.562204562586357402e-07,1.772677948551804293e+06
3.102336377907772050e-07,3.199067351821695920e+06
7.764238063024327456e-07,1.266578133720257552e+06
2.146282583666588749e-07,4.686360457463045605e+06
6.076561332202856661e-07,1.665252214926079381e+06
3.692248563646076677e-07,2.835674439538126811e+06
1.031164543693728658e-06,1.718286234647708479e+06
3.593436098499131795e-07,1.341821390215710038e+06
8.368716812145052295e-07,1.051948059301144211e+06
8.870786815715916032e-07,1.019900166459814529e+06
8.060515623127971407e-07,1.214268041504943278e+06
7.764238063024327456e-07,1.266578133720257552e+06
6.248082654939879743e-07,1.547863515683038626e+06
5.362975330136770434e-07,1.920647134188455762e+06
6.279447831556541454e-07,1.799344270146821626e+06
6.082662381416511116e-07,1.858801765829283977e+06
6.321779371887143558e-07,1.880113463717146311e+06
2.100209213228834568e-07,6.430603622265971266e+06
1.109138539166530315e-06,1.264720700057647889e+06
3.133097701425296026e-07,1.684665319277168717e+06
5.322227548954988175e-07,2.120432651089452207e+07
5.486292449983665209e-07,2.041059409034322575e+07
6.319421875006452541e-07,1.537908721797412261e+06
7.108110552827715856e-07,1.388940742760087829e+06
7.282108361665855420e-07,1.424446306605616119e+06
5.532012086079507958e-07,1.874627199020363390e+06
2.304299547959182391e-07,4.309902320829599164e+06
7.507471385766049371e-07,1.436288137960401597e+06
1.146725343913777549e-06,1.160861884567810921e+06
1.083724696036130303e-06,1.229488384770815028e+06
1.214673805687044460e-06,1.094302125614110148e+06
2.765430306870811445e-07,1.823138773001201916e+06
3.133097701425296026e-07,1.684665319277168717e+06
2.190786423712601764e-07,2.872388595807117876e+06
6.319421875006452541e-07,1.537908721797412261e+06
3.967256531904625979e-07,2.554642351149011869e+06
5.532012086079507958e-07,1.874627199020363390e+06
5.284302514471212023e-07,1.992736210724436911e+06
5.033502159092339149e-07,2.233360248272757512e+06
4.769900965262622211e-07,2.317011738999594003e+06
6.496529122173731908e-07,1.916384958074674476e+06
1.186648773715871799e-06,1.246285402712543262e+06
2.282718718582780006e-07,1.361859318963059410e+07
3.889312603845543284e-07,2.276013124369911849e+06
4.516764834790859436e-07,1.974722546927301679e+06
2.650535334795595208e-07,3.383121223295726348e+06
4.210688104714951419e-07,2.223630296764041297e+06
3.967256531904625979e-07,2.554642351149011869e+06
4.958712285209523812e-07,2.171777671057963744e+06
5.284302514471212023e-07,1.992736210724436911e+06
5.364428649964652468e-07,1.978627533113428159e+06
4.769900965262622211e-07,2.317011738999594003e+06
4.793762244599258234e-07,2.314725722632084042e+06
5.286836352109098777e-07,2.186612763555345591e+06
3.889312603845543284e-07,2.276013124369911849e+06
4.702411574652175689e-07,1.969872735991533846e+06
4.748543122251004005e-07,2.060234283377459040e+06
4.733038381223506093e-07,2.192603481769250706e+06
4.827398689889569616e-07,2.102066443314371165e+06
4.487131816732889113e-07,2.285262915669139475e+06
5.023196525459988894e-07,2.043083640041542472e+06
5.239022412110850069e-07,1.943057914018297568e+06
4.964909495300804403e-07,2.130029153157601599e+06
5.364428649964652468e-07,1.978627533113428159e+06
4.660403899180022292e-07,2.386424439083303791e+06
4.671102128712705633e-07,2.385609164992766455e+06
6.575632158692373691e-08,3.557771045317655802e+07
6.477348415844265039e-08,3.601751726533660293e+07
1.272327644164046818e-07,3.537655891985705122e+06
1.282552507279085228e-07,4.125089316501886584e+06
4.478341965387762517e-07,1.964357705899654189e+06
4.411896266686432179e-07,2.265799828350886237e+06
4.748543122251004005e-07,2.060234283377459040e+06
4.827398689889569616e-07,2.102066443314371165e+06
4.313028775301657151e-07,2.490594726863364223e+06
3.006851051879534934e-07,3.989884082583526615e+06
3.982345190738189422e-07,3.277322715846075676e+06
3.930417568598795733e-07,3.500914086876412388e+06
7.282061161247792027e-07,2.149188721092097927e+06
5.703948673044595745e-08,3.541527152504408360e+07
1.201653599936887839e-07,3.434931684517765883e+06
1.346855006456097352e-07,4.258840713709361851e+06
4.030802387266579154e-07,2.482944178691764362e+06
2.093865637729701570e-07,3.914783026325081941e+06
2.560626904535183229e-07,3.353205854759918060e+06
3.999665696119523951e-07,2.612897496460726485e+06
3.484919349890745957e-07,2.987071588093437254e+06
4.847746693000241672e-07,2.269469732661968563e+06
4.536823504540526712e-07,2.693877288052720949e+06
4.866206862257074925e-07,2.469959885802445002e+06
1.107617269528372172e-07,4.735040567046097480e+06
9.617962129663786653e-08,5.891394455834137276e+06
2.017448103455552005e-07,5.618990960733656585e+07
1.083652379625871711e-07,8.049859328697729856e+06
2.609216281451340788e-07,3.978272286823189817e+06
3.070603888662411954e-07,3.576040611598191783e+06
3.210085002787021611e-07,3.740879934504449368e+06
4.291159496468432643e-07,2.998449516056247987e+06
2.277484159458822271e-07,5.617075907607829198e+06
3.440058848124807986e-07,3.821505453386445995e+06
4.089602483223331771e-07,3.335367791055426467e+06
6.051506854247849972e-07,2.451332027300016023e+06
6.411153707940696176e-07,2.756846736004363280e+06
1.107617269528372172e-07,4.735040567046097480e+06
9.617962129663786653e-08,5.891394455834137276e+06
3.261823309533896415e-07,1.942028510566931684e+06
9.963440813098301936e-08,6.748804342156911269e+06
2.546643885012884592e-07,3.960727139942338225e+06
3.186983595885042954e-07,3.275785645145352930e+06
4.621398361873703269e-07,4.334228912119291723e+06
3.672900967057525959e-07,3.595919242964401376e+06
7.926019081937005295e-07,1.674802530039269477e+06
5.745375201073120982e-07,2.645737324275525752e+06
1.613780253358573352e-06,1.096071644544248702e+06
9.784219389487414721e-07,1.805876961158815306e+06
3.708477780703323239e-07,1.515828314342099009e+06
3.087989940478395367e-07,1.610941922373683425e+06
1.254835890275718329e-06,7.494151750398681033e+05
8.399181353583092609e-07,1.091842087936214171e+06
1.135514705308432704e-06,8.379945287583285244e+05
1.139441136648114865e-06,8.161582366215883521e+05
1.249001747395729464e-06,7.854173763775206171e+05
1.341547581928611013e-06,7.291627998831603909e+05
1.308163514330647170e-06,7.491608319754862459e+05
1.188675717968826387e-06,8.592046021820476744e+05
7.173369062663817401e-07,7.022047112214214867e+05
3.705557806909923216e-07,1.436809970470402623e+06
4.586028142779555896e-07,1.379400176687729545e+06
1.034930616421661817e-06,9.510633888728225138e+05
1.249001747395729464e-06,7.854173763775206171e+05
1.308865049218509334e-06,7.457014382997096982e+05
1.076976754644837901e-06,9.436593275225355756e+05
1.101095325120173873e-06,1.018003141481000697e+06
1.059533996612866085e-06,1.170729965762770269e+06
9.239354895841713548e-07,1.424389410960568814e+06
1.859380153547734745e-06,7.955041458666441031e+05
4.051084916191579875e-07,1.272805346433192957e+06
4.281979055265818082e-07,1.210421120094000362e+06
3.705557806909923216e-07,1.436809970470402623e+06
6.303834673024050434e-07,1.610596629110927926e+06
6.187875196239812705e-07,1.646498144319018582e+06
7.252271471765923572e-07,1.450387207370863762e+06
5.905031309288401557e-07,1.815754795643366408e+06
9.603492779816862691e-07,1.121179541789937299e+06
5.815763501388281094e-07,1.839279810685247649e+06
6.206059430264910584e-07,1.738659292703296524e+06
4.567389910509972249e-08,5.150567670864383876e+07
1.537693580338795514e-07,3.912811277187514585e+06
1.062499437991907994e-07,6.321911528563452885e+06
1.950623341459504974e-07,5.708120441325667500e+07
1.842630658725670048e-07,4.721272324646129273e+06
4.991291481219085582e-07,2.254450448400186375e+06
6.303834673024050434e-07,1.610596629110927926e+06
6.187875196239812705e-07,1.646498144319018582e+06
3.119541360125235995e-07,3.200698754422126804e+06
5.905031309288401557e-07,1.815754795643366408e+06
3.512686712477404525e-07,3.078006103113119025e+06
4.085224382537452473e-07,2.689738799931538291e+06
1.327275431928767663e-07,5.977471360733298585e+06
1.062499437991907994e-07,6.321911528563452885e+06
1.667579910370458169e-07,4.543896848323749378e+06
2.213057435625759147e-07,3.682147468244444579e+06
1.757517181450789104e-07,6.029541825170566328e+06
1.620500209921770372e-07,6.390848308120757341e+06
2.509971152763928075e-07,4.281792619965222664e+06
1.924809198374409200e-07,5.664873169646056369e+06
3.588721989085894943e-07,3.086688277927096467e+06
4.927515440797245982e-07,2.429701439279158134e+06
2.487818401872200488e-07,4.707785673199868761e+06
4.800404032692777911e-07,3.097419282856937964e+06
2.456249509884320297e-07,2.266648367531753611e+06
2.663652583921922153e-07,2.981829188497080468e+06
2.042318595524871826e-07,3.538735419801220763e+06
1.276846261614951046e-07,6.424836029671960510e+06
4.030042195690698216e-07,2.281663369876778219e+06
5.871540589172811647e-07,1.688334901001619874e+06
5.376425190588981392e-07,1.935186002957807854e+06
1.930883809315673816e-07,6.082687606218541972e+06
8.549617984154401052e-07,1.397701549523771275e+06
5.495970373204790943e-07,2.209852486299605109e+06
7.004714296186436625e-07,1.911029124928827630e+06
2.405453886308893749e-07,2.256841755325580947e+06
3.227941343324969153e-07,2.903895751966076437e+06
6.148401294142976945e-07,1.418484562439038651e+06
6.563511271133885250e-07,1.324625418558108155e+06
1.308791674719911665e-06,7.516401713558605406e+05
1.337144443452216535e-06,7.630166150959886145e+05
1.047986616078669994e-06,9.613589896120161284e+05
9.152177752335665172e-07,1.125060893798282603e+06
7.664236101587308733e-07,1.458722370246853214e+06
8.549617984154401052e-07,1.397701549523771275e+06
9.858798434728023535e-07,1.314253402847459773e+06
1.630410971876032789e-06,9.615762395311750006e+05
8.546418715799085004e-07,6.030469623506545322e+05
1.364480105648497275e-06,5.762975676300617633e+05
1.308791674719911665e-06,7.516401713558605406e+05
8.498494936440378656e-07,1.189140709836824099e+06
1.047986616078669994e-06,9.613589896120161284e+05
1.337144443452216535e-06,7.630166150959886145e+05
9.152177752335665172e-07,1.125060893798282603e+06
1.028273976325681633e-06,1.020983583379955846e+06
7.320993687993990781e-07,1.474086269643937005e+06
8.447721601748731949e-07,1.337216480299070012e+06
1.087196869203458074e-06,1.085292656662672060e+06
1.713836586005181462e-06,8.175424237218343187e+05
8.435878924038239917e-07,5.812994030426675454e+05
1.002421159569246078e-06,5.151730369895361364e+05
8.917360276857154204e-07,6.155581541820544749e+06
1.231774473216798981e-06,8.297914729347713292e+05
8.323491290523915047e-07,1.270336769760058494e+06
1.257764156935781932e-06,8.434710522057153285e+05
1.403522367556831963e-06,7.793665230036277790e+05
1.485812288412316504e-06,7.529684433663977543e+05
1.327155202074257360e-06,8.902019511105281999e+05
1.188642258299517964e-06,1.100984276370947482e+06
2.218677425269825510e-06,6.680496339429822983e+05
2.252521503788263474e-06,6.958371130949645303e+05
2.088383316788316493e-07,2.716891780510788783e+06
7.723678963375037896e-07,9.800864334075275110e+05
1.289383205338274520e-06,1.290876278875123942e+06
8.991259399019897859e-07,9.124633306216200581e+05
1.117377028672707832e-06,7.954521410526166437e+05
1.664603760399732421e-06,5.405562670739563182e+05
1.235265700357076415e-06,7.799017423859538976e+05
1.116177823068126778e-06,1.076580390267169103e+06
1.516524676002103340e-06,8.266769101016952191e+05
1.358030304100904477e-06,9.085155736707245233e+05
2.264607963682046252e-06,6.535190292514858302e+05
2.101920452931199980e-07,2.768745758453663904e+06
8.400076979917314528e-07,9.891164552143019391e+05
6.327803481874362920e-07,1.415839463324161479e+06
1.264559333844939616e-06,7.290899236773223383e+05
2.010958783921504913e-06,5.176674033558763331e+05
1.431860592842213530e-06,7.467779905345106963e+05
2.001376818479898788e-06,5.645524742396918591e+05
1.899289529289435176e-06,5.933189898276724853e+05
1.606285703242621255e-06,7.433556711666280171e+05
1.471696238007605232e-06,9.193543034893758595e+05
2.234793700290663793e-06,6.285918971938028699e+05
3.135511965026426136e-06,4.723283220540485927e+05
3.351787647403301622e-06,4.959688342457354302e+05
7.637371664648007784e-07,9.299559799272113014e+05
5.957196135178668010e-07,1.150245472272793995e+06
9.452800256437576820e-07,7.694073735470465617e+05
5.271070702917985346e-07,1.683800975962728029e+06
1.032700042740084472e-06,9.166300391497932142e+05
1.431860592842213530e-06,7.467779905345106963e+05
1.899289529289435176e-06,5.933189898276724853e+05
2.001376818479898788e-06,5.645524742396918591e+05
1.831938762260195380e-06,6.219209166221853811e+05
2.237522323791309558e-06,5.956328835480597336e+05
3.142788263549292071e-06,4.462692366372181568e+05
3.421063008985865263e-06,4.328317825192100718e+05
1.816473614445730223e-07,1.987206051223416999e+07
1.693731366686770388e-07,3.055512916324089281e+06
4.452120961246994831e-07,1.790955904475219781e+06
3.761936268491284605e-07,2.517586537030823994e+06
4.857829019824245874e-07,1.956501106140833348e+06
5.173940686996693207e-07,2.035960202176210703e+06
6.764722914409604497e-07,1.740364102203448536e+06
7.418381015430010300e-07,1.629061093746900093e+06
1.090107061147323003e-06,1.365359523327516625e+06
1.154755507864202099e-06,1.361068890021319501e+06
3.870511713277449739e-07,4.578785759352532215e+06
2.384545835301903302e-08,5.359390144971593469e+07
1.913210359863260771e-07,2.908733868125501089e+06
1.011475760551811896e-07,6.635631551781714894e+06
2.064448679551486436e-07,4.020810658208272886e+06
2.232074235120238933e-07,3.836479670432120562e+06
2.605128109866167479e-07,3.811839237984057516e+06
2.337292234328965194e-07,5.060086567976865917e+06
2.157077218475958358e-07,5.425329450253414921e+06
2.761056934903173521e-07,4.522526945460721850e+06
4.247356229728381759e-07,3.694736717252173927e+06
4.743895954922170013e-07,3.304616000056712423e+06
2.864194874419046441e-07,1.996501190676413709e+06
2.379856632919575326e-07,2.978799456900316291e+06
2.967085545445474864e-07,2.859957703446747735e+06
3.327948556071779790e-07,2.676281560855318792e+06
2.802943365791416613e-07,3.356357420489442069e+06
3.531583153093211819e-07,2.656446801708844025e+06
5.208604555951945700e-07,1.915599825420080917e+06
2.999278944374172869e-07,3.527693295669576619e+06
4.700846502628707108e-07,2.269640826996340882e+06
2.786176717490144648e-07,3.987812019885167480e+06
4.464838840355886376e-07,2.511851410536018666e+06
4.903573638125036704e-07,1.049243530966663267e+06
3.282823875310424908e-07,1.753720047380525619e+06
2.864194874419046441e-07,1.996501190676413709e+06
5.789261582120990578e-07,1.523018355469008908e+06
6.227697137819736455e-07,1.453968640196267981e+06
7.169264486861527841e-07,1.346079032611663686e+06
8.303407930172321182e-07,1.224662326168461936e+06
8.144454316595614081e-07,1.303013984939276008e+06
8.023608995727280753e-07,1.329021835471870145e+06
8.721992197154963678e-07,1.209009963501694612e+06
6.661463640589731983e-07,1.208122039731980767e+06
5.915854431107691508e-07,1.418071806892060675e+06
9.025074616112293518e-07,1.079862233353578718e+06
6.873279935717701886e-07,1.465345118690556614e+06
8.085960400164586006e-07,1.218091674659811659e+06
8.363360771591523492e-07,1.217798126812595176e+06
8.165764229124259700e-07,1.245876296035256935e+06
8.475615467749453583e-07,1.205397237356521189e+06
8.968296849803120293e-07,1.121587502230878919e+06
8.144454316595614081e-07,1.303013984939276008e+06
8.024533841992963000e-07,1.327814317328582751e+06
8.023608995727280753e-07,1.329021835471870145e+06
2.033607164149224699e-07,4.312007021759098396e+06
2.967224668775024939e-07,2.786132803547573742e+06
4.748463243147833305e-07,1.865717742326993262e+06
5.769418068882916739e-07,1.581071467921819305e+06
9.025074616112293518e-07,1.079862233353578718e+06
8.475615467749453583e-07,1.205397237356521189e+06
7.881158498188046438e-07,1.352283001666203607e+06
4.970416057044479816e-07,2.405707524871312082e+06
6.029884359011761029e-07,2.186277035668601748e+06
6.677307108573145432e-07,1.951141451700410573e+06
9.565064626482101846e-07,1.463991053970206296e+06
1.176056613319120622e-06,1.331745914636193076e+06
1.799203428705485230e-07,5.436650319631753489e+06
2.967224668775024939e-07,2.786132803547573742e+06
4.748463243147833305e-07,1.865717742326993262e+06
6.357568105762518057e-07,1.679614935524684377e+06
6.295883525999368853e-07,1.790241130430820864e+06
6.072020567560635455e-07,1.958847661890404532e+06
6.052399230764825460e-07,1.961451308944759890e+06
5.674959425493419106e-07,2.074916780090286862e+06
5.292456562531182958e-07,2.352301031948084012e+06
4.682255217019844408e-07,2.683719994283929002e+06
9.468780238720533420e-07,1.563035099293168867e+06
1.032221196395870442e-06,1.434592188869311707e+06
1.087917545502523053e-06,1.440593939275979064e+06
4.108475768083243335e-07,1.481101942183532286e+06
4.052499852104901269e-07,1.656725860644466942e+06
5.259355131517870193e-07,2.143170575530094653e+07
6.676378216630963001e-07,1.503916052867783466e+06
7.256913530451737160e-07,1.307882975270742318e+06
6.374090411076825609e-07,1.541845130437094718e+06
6.357568105762518057e-07,1.679614935524684377e+06
6.295883525999368853e-07,1.790241130430820864e+06
6.391337891849592921e-07,1.773555904609735589e+06
5.292456562531182958e-07,2.352301031948084012e+06
1.089196895588158025e-06,1.220461577197850449e+06
1.032221196395870442e-06,1.434592188869311707e+06
4.108475768083243335e-07,1.481101942183532286e+06
3.763694297769826024e-07,1.658882219940473791e+06
4.052499852104901269e-07,1.656725860644466942e+06
5.314154508839436144e-07,2.103536890158878267e+07
6.374090411076825609e-07,1.541845130437094718e+06
5.974178878109467730e-07,1.783192475470353616e+06
6.198021185100275862e-07,1.704004776275317650e+06
7.951242398420039672e-07,1.412058821532301139e+06
6.154007023082614122e-07,1.844228603779039579e+06
4.366375451529382697e-07,2.555437955618793145e+06
1.057405618411383868e-06,1.323080335466638440e+06
1.210198909109684239e-06,1.224301181699053152e+06
4.803513709456402646e-07,1.135748474557102192e+06
3.763694297769826024e-07,1.658882219940473791e+06
8.870472856306311073e-07,1.103893067476264900e+06
6.393497105294630084e-07,1.576022868567659287e+06
6.027182864163213682e-07,1.714684079821389169e+06
9.969752956691829251e-07,1.107334766996829538e+06
8.975826213854985110e-07,1.243173958505725954e+06
7.099742957446363122e-07,1.547470061259516980e+06
7.309686442892098092e-07,1.533863897009785287e+06
5.751224795101568503e-07,1.942066571117019514e+06
9.792650945276425494e-07,1.130597902900272049e+06
8.135035628000917868e-07,1.488935273729413748e+06
8.274337078727676003e-07,6.758583135150717571e+05
4.910261979850195831e-07,2.270880296114785969e+07
7.870623148211629046e-07,1.110548321143473731e+06
7.399546610730378233e-07,3.612663521226783283e+06
7.584076941537849452e-07,1.474263122867461108e+07
9.930511332445686360e-07,1.011460467366133118e+06
1.158317956460961797e-06,9.284352506164681399e+05
9.505492444807158233e-07,1.113872870346190408e+06
8.975826213854985110e-07,1.243173958505725954e+06
1.138838248254816782e-06,1.032324637989556300e+06
1.728212978651798515e-06,8.119293723235330544e+05
1.734202844099496935e-06,8.538174827320054173e+05
9.842907402928541430e-07,5.538125102840140462e+05
9.065668839210779932e-07,7.379479658412997378e+05
3.002431842203257769e-06,3.001671177358054556e+05
1.223666435981378021e-06,8.030603476605968317e+05
1.289252443487269945e-06,7.580102327410231810e+05
1.246639203808578358e-06,7.883321969882787671e+05
1.236318881433447207e-06,8.284300013621242251e+05
1.652587673602915226e-06,6.270559511447020341e+05
1.900485733127588228e-06,5.792761570093407063e+05
2.260134445128861326e-06,5.525723632532197516e+05
2.241879296363699796e-06,5.557184365181033500e+05
4.136959852674488948e-06,3.786521377820326597e+05
8.118956151852191984e-07,4.579813014184244676e+05
2.056680388796320392e-06,3.500469017046169611e+05
9.964645478836285234e-07,9.299171688437765697e+05
1.652587673602915226e-06,6.270559511447020341e+05
1.823434483590067529e-06,6.129232629696900258e+05
1.900485733127588228e-06,5.792761570093407063e+05
2.433967974906611960e-06,4.834500304581552627e+05
2.150264033663898764e-06,5.536807571200702805e+05
2.389351389047919301e-06,4.970916433442650014e+05
2.108610279586537003e-06,6.223304634218226420e+05
4.046138509606840592e-06,3.659150095438584685e+05
4.120965533623705329e-06,3.802671977565567940e+05
4.352634817267778491e-07,8.781906887514051050e+05
3.312366188879395637e-07,3.294915818395387009e+07
6.352042461542837894e-07,1.060447778891477035e+06
6.518170413812046724e-07,1.256523402954972815e+06
9.354150105886908616e-07,8.756227145509992260e+05
1.487572592101208213e-06,7.073902587018085178e+05
1.744523785116818733e-06,6.726891316131238127e+05
1.655172020597159061e-06,8.854639224416302750e+05
2.794483586082378247e-06,5.614608791247352492e+05
3.658245976593781418e-06,4.561669494786999421e+05
7.154493289266302364e-08,1.796921511590671167e+07
2.900126707162893206e-07,3.876387653484305739e+07
3.483488423818681819e-07,2.400475258511100896e+06
2.518204009102256379e-07,3.298782027817611117e+06
4.624568727054936445e-07,1.851891952817945508e+06
3.198895432926163967e-07,3.202227084089989308e+06
3.906654765095188960e-07,2.743132274240817875e+06
4.646893543390888351e-07,2.340720659581813030e+06
3.705149791301231165e-07,3.115935129943159409e+06
6.093414356108379089e-07,2.077800081750601297e+06
4.549165907042836673e-07,3.036634045061640907e+06
7.950027114022223820e-07,1.765606395726013463e+06
4.182157453464538055e-07,1.013852050158539088e+06
3.634522367522863301e-07,1.474747743323157076e+06
7.154493289266302364e-08,1.796921511590671167e+07
8.163253721305368284e-07,9.833438935540681705e+05
6.601387603892203567e-07,1.283709533784254454e+06
6.973371221704316699e-07,1.247347030956189847e+06
7.432459602807400682e-07,1.508825214743361063e+07
1.629040020328626020e-06,7.845046962598129176e+05
1.306491199113262337e-06,1.073063690748510649e+06
2.010634593439932274e-06,6.985215012041402515e+05
3.284340009235053463e-07,1.651655326558120362e+07
7.757871439475698285e-07,7.759604195345473709e+05
8.163253721305368284e-07,9.833438935540681705e+05
1.057639813860083127e-06,8.043878158409696771e+05
8.041793934159509477e-07,1.256614553690237924e+06
1.077338737674157819e-06,9.695703770766602829e+05
1.349991618143186129e-06,8.799792701307962416e+05
1.213337578446603243e-06,1.022352882399950176e+06
1.122532487762331825e-06,1.113970484787402907e+06
1.161102355295713132e-06,1.130752663393759634e+06
2.099830922866024206e-06,7.462885683771078475e+05
2.259148779025750776e-06,7.354083863098958973e+05
3.683681175953439438e-07,2.646955907890849747e+06
8.492800340881994858e-07,1.007820602943658130e+06
9.336519119293798985e-07,9.671237214289095718e+05
1.115583761850383200e-06,8.143872030500456458e+05
8.395116196095491299e-07,1.152714955582546070e+06
1.070514064932846219e-06,8.854138196148662828e+05
1.047557883232424294e-06,1.046898596894658869e+06
1.305834609694944930e-06,9.096153013639239362e+05
6.755794902083729320e-07,1.739543287592808018e+06
1.199830644296598669e-06,1.097073320147442631e+06
2.272617264002740581e-06,7.306027377377169905e+05
2.382805849360567331e-07,9.622344896576188505e+06
3.150444498745141763e-07,2.876092912418120354e+07
2.643229995542429332e-07,4.302240663146828301e+06
5.590904711450519837e-07,1.492603541422806913e+06
1.115583761850383200e-06,8.143872030500456458e+05
1.070514064932846219e-06,8.854138196148662828e+05
6.646958258561960030e-07,1.649015964410500368e+06
7.077118757282490712e-07,1.581681362545267912e+06
7.385179923175296167e-07,1.604060079113618471e+06
4.046533259408129989e-07,3.155875607433581725e+06
1.301325157874174875e-06,1.137770352149930550e+06
1.064417310241829423e-06,1.475816574829326011e+06
2.346193782950015241e-07,5.677606659695071168e+06
2.144369046650606759e-07,2.727438462275374681e+06
7.655102611409768526e-07,9.789860463185993722e+05
6.224144721757978193e-07,1.309431226376666687e+06
1.207158717977247662e-06,8.891123465948114172e+05
1.112578267810126651e-06,1.013168703346544644e+06
7.305599915501290186e-07,1.569502478009144077e+06
9.048619010645223953e-07,1.299044710526714101e+06
9.973291380626336337e-07,1.196655795406371122e+06
1.839142165393915910e-06,7.234259120662716450e+05
1.454669757197256934e-06,1.018457030723795644e+06
1.900937696121257247e-06,7.788292912638677517e+05
4.441590791362392367e-07,9.831502854683951009e+05
8.852416804435082617e-07,9.703708704402738949e+05
1.325439362193758050e-06,6.618998372636254644e+05
1.042766535239981841e-06,8.760563942682563793e+05
1.338053543191489461e-06,6.769170900117245037e+05
1.245889554427598767e-06,7.355030313294889638e+05
1.375065060108626752e-06,6.570586525409658207e+05
1.081858031086387493e-06,8.642663018312354106e+05
9.914133380843497050e-07,9.808043271977225086e+05
8.699405978262229242e-08,1.164470241560782492e+07
7.809053347938873316e-08,8.051463674147127196e+06
2.353092810246171000e-07,3.116003766838447656e+06
1.984570210681372212e-07,4.060848938433727715e+06
2.304530239205958361e-07,3.354327373044700827e+06
3.643073669779972494e-07,2.425783874831381720e+06
3.808629774832568966e-07,2.317373549514570739e+06
4.603817107216489427e-07,2.005584694989372743e+06
8.633321991875207844e-07,1.354259736687157070e+06
6.222086700640432650e-07,1.937605779732742114e+06
7.130857718355788913e-07,2.074379707129972987e+06
1.318047464571413865e-06,1.123768982583325589e+06
1.355342233439171772e-07,1.732076322586784884e+07
2.164122495474645212e-07,3.512571985108761117e+06
3.174835745513760994e-07,1.906939405349648325e+06
2.879663334876845559e-07,2.312678105374006089e+06
3.564504167140014656e-07,2.593015503716487437e+06
1.677131153313179775e-07,6.127468577152508311e+06
4.552408771507006580e-07,2.255905933023021091e+06
4.967557119239615535e-07,2.117648462552622892e+06
3.599634260730035881e-07,3.342175990416628309e+06
4.383050196739035908e-07,2.936721596986305900e+06
7.054788568011499343e-07,2.225305232511312701e+06
3.342900036613225835e-07,3.467272071850104630e+07
3.084131639705685528e-07,1.892127907984983642e+06
2.879663334876845559e-07,2.312678105374006089e+06
6.587729151950141441e-07,1.385582697731718188e+06
5.430296850246397996e-07,1.777700597617449472e+06
5.117649518250407273e-07,1.962397890536489431e+06
4.376632507978867720e-07,2.458222169159639627e+06
6.554659533816484451e-07,1.694129318594323937e+06
5.165398150305701162e-07,2.327202307145555969e+06
9.083120161614983914e-07,1.398901794046244118e+06
1.143196028954491899e-06,1.229842757554002106e+06
9.807382115108688654e-07,1.521424355630665785e+06
2.647596137455090825e-07,2.134056910759480204e+06
2.852102937059952928e-07,2.480502017118820455e+06
4.465130934553851247e-07,1.690612519426808227e+06
6.172597225582414120e-07,1.606798993350571487e+06
6.358795394728030136e-07,1.581899504678053083e+06
4.302900709117162075e-07,2.486112852314808406e+06
4.237477429732606368e-07,2.606275140955105890e+06
5.878983529787487618e-07,2.001656301929575158e+06
6.382659150671220824e-07,1.860628506581150927e+06
9.458877451382322110e-07,1.409249819949490717e+06
9.643891087780424466e-07,1.454792584396631457e+06
1.178530809786458738e-06,1.189460235778770410e+06
2.757296661978013051e-07,2.442570513318100013e+06
2.600658684320677131e-07,2.551809836508009583e+06
2.653254488516688768e-07,3.029285446474433411e+06
3.237952875887515093e-07,3.102240316161981784e+06
3.892362490248983834e-07,2.598576989016960841e+06
1.797886075961344825e-07,5.963824454991633072e+06
3.002414198352067853e-07,3.497556985779317096e+06
3.816406086038775318e-07,3.058039628344959114e+06
3.601683203225983434e-07,3.044239459179549664e+07
2.240216682906256127e-07,5.063639277664705180e+06
3.023439743476054428e-07,4.798393317861016840e+06
8.817644166565206862e-07,1.685000180335903307e+06
8.989001703824246458e-07,1.752115901027598418e+06
2.757296661978013051e-07,2.442570513318100013e+06
2.600658684320677131e-07,2.551809836508009583e+06
3.114553897129165167e-07,3.062097950685193762e+06
3.237952875887515093e-07,3.102240316161981784e+06
3.892362490248983834e-07,2.598576989016960841e+06
4.212867968937679440e-07,2.403812027069335338e+06
3.786951617101974669e-07,2.823632021679271944e+06
2.978635385713745627e-07,3.834489082047022879e+06
2.598187058097607652e-07,4.298975351623825729e+06
3.671758063273658094e-07,3.345026793720007874e+06
1.508562192053552349e-07,8.517799995268372819e+06
4.697326895863282482e-07,2.993297342838114128e+06
5.839788113961728144e-07,2.537576539236855228e+06
3.563095253774728906e-07,2.200506054803235456e+06
4.534361002490863469e-07,1.749580351636864245e+06
3.348278762698202930e-07,2.445214228321098257e+06
6.940916724473655535e-07,1.192943887030517450e+06
3.996339251122063317e-07,2.300628532398194540e+06
3.828800360711528020e-07,2.306525583099116571e+06
4.511982819183327677e-07,2.056104970274381572e+06
5.532798529575564873e-07,1.847455301378797740e+06
5.707713988117455652e-07,1.789154203044923488e+06
5.214849393910597637e-07,1.941071868210215820e+06
4.704246597525029711e-07,2.669465561341026798e+06
4.761485071135367951e-07,2.356796141575929895e+07
3.817814735969536341e-07,2.507209613798593171e+06
6.446831850869818523e-07,1.428888563100756612e+06
5.361593259554346270e-07,1.802732473535694182e+06
6.955546445337808563e-07,1.470849297048841137e+06
5.707713988117455652e-07,1.789154203044923488e+06
5.532798529575564873e-07,1.847455301378797740e+06
6.111450187382452202e-07,1.675077681253687246e+06
6.566050831855803715e-07,1.606803467301476747e+06
6.796464114498734178e-07,1.574296172726087971e+06
7.217028178886064478e-07,1.469642578299891669e+06
7.262022395211256919e-07,1.524099788624254288e+06
3.661366996381922210e-07,2.196156814457219094e+06
3.217055022044409597e-07,2.623265213311308064e+06
3.366803735958824351e-07,2.746005374541448429e+06
3.992071401670933830e-07,2.326789040416837204e+06
5.952627623704553237e-07,1.778132382972387131e+06
6.796464114498734178e-07,1.574296172726087971e+06
7.217028178886064478e-07,1.469642578299891669e+06
4.351907274104022973e-07,2.483844817569753621e+06
5.372700467989683812e-07,2.086739681037532864e+06
5.065800643104834683e-07,2.176117085465839133e+06
7.588073890536809858e-07,1.461289507836821256e+06
7.262022395211256919e-07,1.524099788624254288e+06
8.665060723159810750e-08,2.576584294815839827e+07
3.299046857115279621e-07,2.471270275985531975e+06
4.189927080257233299e-07,2.031752277826965554e+06
3.589545631486539681e-07,2.328656835486769211e+06
3.366803735958824351e-07,2.746005374541448429e+06
4.605613970049714760e-07,1.946158645909725688e+06
4.974560182144984051e-07,1.814895410006644670e+06
3.992071401670933830e-07,2.326789040416837204e+06
4.316172436936780566e-07,2.230511928871471435e+06
4.239686637010447786e-07,2.681373958456007764e+06
4.847393336454791817e-07,2.401793612162135541e+06
3.954048145900178455e-07,3.311678231269048527e+06
7.675057652116555457e-07,1.926976782181770541e+06
2.691823206177294063e-07,2.484606878318601288e+06
1.636429556271427447e-07,7.041545124177893996e+07
5.303987897620134835e-07,1.406443793690392515e+06
4.490891635180293507e-07,2.078579601967524970e+06
5.158744478114142170e-07,1.965636346187453717e+06
3.492122306566658701e-07,2.889245297877678648e+06
5.026151184367875301e-07,2.118668974712031428e+06
4.077238235906596836e-07,2.587616433861202095e+06
4.019404132951130292e-07,2.966163866414487362e+06
4.195183590498315474e-07,2.966464840662561357e+06
5.681598753087483234e-07,2.495696206165640615e+06
7.683294664602260018e-07,1.924941465314615285e+06
1.760133726871214139e-07,6.495210776656651497e+07
2.494485653567546431e-07,3.120595616784609389e+06
5.411164145705021333e-07,1.544352715596236521e+06
5.410778867893596712e-07,1.548980446599261835e+06
3.287032624578984404e-07,3.415640233521334827e+07
4.189658032476736194e-07,2.342972293967306614e+06
5.574315798521872946e-07,1.673741066916964250e+06
3.615588094929799355e-07,2.581014774853050243e+06
5.657131565846222608e-07,1.686466294338705251e+06
8.040978309412318224e-07,1.661516924049637979e+06
7.428010772065797918e-07,1.790461990771180717e+06
5.563492858360159364e-07,1.203725388547665207e+06
4.919814323980965868e-07,1.862508289654928958e+06
6.425696809485608772e-07,1.353096480085423915e+06
4.502254929609891943e-07,2.186662975191969424e+06
5.261624621150858688e-07,1.937825112330904230e+06
4.320305359315570083e-07,2.361461108736268245e+06
5.310477395806837922e-07,1.917252052770466777e+06
4.240225153314531761e-07,2.492004025084966794e+06
4.402385952445419213e-07,2.410634588935993612e+06
4.075280119018594658e-07,2.726679984487788752e+06
4.088651889336109335e-07,2.891931782965251245e+06
7.375305177248441929e-07,1.903916152095692698e+06
5.218520781447439000e-07,1.462246665619182168e+06
4.422582451219722455e-07,1.851597212652147980e+06
6.062670432516836730e-07,1.385410708288008347e+06
5.083117110534514745e-07,1.697292071670984151e+06
3.881138598490123261e-07,2.741571339756212197e+06
4.320305359315570083e-07,2.361461108736268245e+06
4.240225153314531761e-07,2.492004025084966794e+06
4.402385952445419213e-07,2.410634588935993612e+06
5.478432802428197299e-07,1.957382845389750553e+06
4.075280119018594658e-07,2.726679984487788752e+06
4.942176788369145385e-07,2.261307275393085554e+06
8.400755551747568317e-07,1.671036503414551262e+06
1.826904710122361235e-07,3.082199212328374851e+06
3.448114178658758638e-07,2.147752598431566264e+06
2.879532242606692838e-07,2.936816796159035526e+06
3.126845404368811408e-07,3.008796650557084940e+06
4.520807140060352205e-07,2.231386533703096211e+06
5.683335718602720104e-07,1.802839409558384446e+06
3.673452852682189249e-07,3.022221369090188760e+06
3.473849543440693909e-07,3.116477430702645332e+06
4.939684732638175585e-07,2.192148405064809602e+06
4.796085283958765695e-07,2.647784859729871154e+06
8.292024060157942855e-07,1.694305036927114008e+06
8.388751847375795665e-07,1.766728749675398460e+06
1.841188126157361374e-07,3.205414165876808576e+06
4.457029958552289299e-07,1.899951250435552094e+06
2.796111654938382519e-07,3.141579309249613434e+06
5.248727386209121487e-07,1.750006881940436782e+06
5.340011219692502002e-07,1.767607435113726417e+06
3.375279956220371852e-07,2.719594829627241474e+06
2.771082524536167256e-07,3.507213101679654792e+06
5.100605885469243745e-07,1.942622947994396556e+06
5.659634586767757952e-07,1.728825044763191370e+06
3.477368899102817510e-07,2.803939692306750920e+06
4.769631064986557554e-07,2.665284388603608590e+06
2.678695962393635627e-07,4.114911521296171099e+07
3.887427313052029968e-07,2.544175888122739270e+06
5.340011219692502002e-07,1.767607435113726417e+06
3.924926351915040567e-07,2.531050028252543882e+06
5.001175502563097487e-07,1.922245589003301458e+06
5.100605885469243745e-07,1.942622947994396556e+06
5.642127354047126229e-07,1.813732764626616612e+06
5.287875771118959747e-07,2.023200807696402771e+06
5.666314820315859263e-07,1.970988262401057640e+06
4.500983153167283988e-07,2.600604550422148313e+06
2.510144010681994392e-07,4.885367859712192789e+06
7.401350934383260470e-07,1.800350942923846189e+06
7.840468159515049555e-07,1.696895660936097149e+06
6.183796886798851719e-07,8.366280532798914937e+05
5.027977212174903939e-07,1.511446484908418497e+06
5.711106540641595959e-07,1.514828726618432207e+06
3.271248536762720667e-07,3.184224560833707452e+06
8.096704165199656772e-07,1.207419142918576021e+06
9.037050704409785811e-07,1.135772994772761595e+06
7.704727498999446695e-07,1.472829816727634752e+06
4.239817160642073670e-07,2.618152044040298555e+06
8.276405284603374999e-07,1.376210329140939517e+06
1.008152123572100674e-06,1.206773807321333094e+06
1.262484491817785692e-06,1.003710616944890353e+06
1.497758242549884275e-06,9.358411512139369734e+05
4.272501862622774033e-07,1.633752496508962847e+07
7.484147387656547840e-07,7.093502855985815404e+05
9.629656739266064253e-07,9.777297463362335693e+05
9.546003860990808937e-07,9.826499130648609716e+05
8.333462210021639417e-07,1.122988298797424883e+06
9.308139869414437309e-07,1.149497459381656721e+06
8.689406863727483341e-07,1.251623608026815113e+06
9.995715804449357769e-07,1.136981635686901165e+06
7.302326198069524790e-07,1.629677161342740292e+06
1.510654229728801421e-06,8.342507930455472087e+05
1.486928295818142927e-06,9.434817723466799362e+05
4.272501862622774033e-07,1.633752496508962847e+07
7.029611439638880839e-07,8.635484416737114079e+05
1.430823972201142643e-06,7.630531414549053879e+05
1.048267449778595610e-06,1.033522737620115047e+06
1.275808688465890454e-06,8.600081354367454769e+05
1.685921286517431203e-06,6.654914523803569609e+05
1.667982200741256291e-06,6.766356376651991159e+05
1.240393601776943715e-06,9.521235324778720969e+05
1.290509887799591420e-06,1.073991903929186985e+06
2.152688952939480980e-06,6.507754472161134472e+05
2.659829950386710714e-06,5.898745941531251883e+05
2.684653419373189597e-06,5.841768752683508210e+05
7.100540710595964237e-07,6.979680718056509504e+05
1.111873310743190790e-06,7.199311583563287277e+05
1.625627948935327344e-06,6.113512379075982608e+05
1.503494468897910544e-06,5.850691429980590474e+05
9.335359357503212182e-07,9.949176381723773666e+05
7.961953470047339133e-07,1.197973979673160473e+06
1.942252154590527968e-06,4.849266406204333180e+05
1.507195834699884979e-06,6.247668665421587648e+05
1.685921286517431203e-06,6.654914523803569609e+05
1.359674981999124980e-06,8.401985046639469219e+05
2.675755137954559189e-06,5.537090137738535414e+05
4.900786415732660740e-07,1.743133610321994871e+06
7.553171272407753328e-07,1.227097550589730963e+06
7.961953470047339133e-07,1.197973979673160473e+06
1.145109555391183838e-06,8.244468991656667786e+05
9.335359357503212182e-07,9.949176381723773666e+05
9.782205560692667934e-07,1.009607176828741329e+06
1.131264885561911352e-06,8.684483425228288397e+05
9.381110479035410698e-07,1.027840076498145820e+06
6.978804347695163952e-07,1.443253295572922332e+06
1.032448685825164414e-06,1.028816544132853043e+06
6.379511325328803338e-07,1.667246121268824907e+06
1.074403529184303175e-06,1.165655651535709156e+06
2.456018315334846438e-07,2.008670870674687205e+06
2.880758005799541224e-07,3.146526967458959669e+07
1.091806373485777319e-07,6.253742809100902639e+06
3.893954993288797694e-07,2.547823674628982320e+06
3.411680311643907066e-07,3.282559979354188591e+07
8.868768822395296182e-07,1.191492877563468879e+06
9.819558107670782060e-07,1.149198581835194025e+06
6.045382662093970220e-07,2.097113300352004357e+06
1.073988279811844182e-06,1.247570694018514827e+06
7.951599407275209149e-07,1.741204920202985173e+06
8.183571504290421611e-07,1.673260392549840035e+06
1.617601048377938659e-06,9.687531380202110158e+05
1.979234480040986357e-07,4.896724977141025476e+06
5.745547754084118941e-07,1.322314517473399173e+06
2.913183579546610005e-06,3.231077559037529281e+05
4.035517176130825185e-07,2.353746518659177236e+06
1.947455355445331736e-06,5.326379812184518669e+05
2.206112166535906544e-06,4.787659587366872001e+05
2.007314035819275272e-06,7.274805722448372981e+05
1.938228561382935635e-06,7.945371699387650006e+05
3.981159302570071026e-06,4.453450419668495888e+05
4.055258411912705917e-06,4.368788239298590343e+05
1.631535245058557737e-06,4.645659965717737214e+05
2.079909791032108720e-06,3.996429296583208488e+05
2.267825360892608616e-06,3.683005394972377107e+05
8.179546732350735064e-07,1.041250529063788475e+06
1.869166202168270548e-06,5.935999231669991277e+06
1.025823791807049178e-06,9.040909331699159229e+05
1.633858129278727609e-06,6.204846104919805657e+05
2.168425216293076635e-06,5.061019588613703381e+05
2.773739186971312870e-06,4.052442613698591595e+05
2.380973766663995554e-06,4.966791631033869926e+05
4.292739833346564768e-06,3.097192143594239606e+05
4.188452851850936889e-06,3.534401023609167314e+05
7.211137843562432029e-07,8.840049556497599930e+06
1.369376891543929297e-06,5.747554899187788833e+05
1.182722479385013358e-06,7.339507721268824534e+05
7.704822253507658452e-07,1.185211264870268060e+06
1.542917156379952360e-06,5.887372891823444515e+05
1.468767149348558475e-06,6.233495515369685600e+05
1.256589039794635184e-06,7.789737576548322104e+05
1.774123471777854071e-06,6.006255443862798857e+05
1.541355826919677701e-06,7.524604423512789654e+05
1.690937926773451109e-06,7.872018134121929761e+05
2.619822877642060050e-06,5.366106308511699317e+05
3.912785712671800349e-06,4.021132375116617768e+05
5.909069313273238914e-07,8.147369413521732204e+05
7.614370013190082727e-07,6.939235407863314031e+05
5.066566145004056888e-07,1.046982308091487153e+06
3.320336639426760321e-07,2.013019785763491178e+06
1.468767149348558475e-06,6.233495515369685600e+05
1.542917156379952360e-06,5.887372891823444515e+05
1.060345842928354774e-06,8.734673359715566039e+05
1.244172790474834242e-06,7.789158142630351940e+05
1.009532652486307343e-06,1.060462154848325066e+06
9.514985347279708656e-08,7.994075797515881248e+06
2.252270853879251812e-07,3.797756225288677029e+06
2.399363155430684407e-07,3.907965703161188867e+06
4.291305560551093768e-07,2.762679249737345614e+06
2.815905828919993481e-07,4.274720233724317513e+06
4.095993569652191978e-07,3.025225743379199877e+06
3.449411451447993176e-07,3.753752294962933753e+06
3.830249353039390915e-07,3.425864183513020631e+06
5.821466894720453883e-07,2.540132024181293324e+06
7.492624347521699841e-07,1.976076809358225903e+06
6.555967092322787157e-07,2.273811480803307146e+06
7.514035659523741269e-07,2.091622450356377522e+06
3.092195731563993381e-07,2.595428325932139996e+06
4.097206373009876256e-07,2.275624902376753744e+06
4.864986776401628190e-07,1.852189349991193507e+06
3.039352653167708768e-07,2.883882177137141116e+06
5.405565152362854277e-07,1.671921540559705812e+06
2.344180993851487566e-07,4.034007492272190750e+06
5.229120904173830284e-07,1.804816787338614231e+06
4.373958718234495811e-07,2.221610159376203083e+06
4.019327138833967544e-07,2.467198683802998159e+06
4.518319609439995910e-07,2.495440244890448172e+06
4.286732734329517862e-07,2.771181377716979943e+06
7.726972789007288041e-07,1.916675778784011258e+06
2.789198787988501593e-07,2.009847606056376826e+06
2.455935713739218485e-07,3.243713548783637118e+06
2.844441361394933491e-07,2.758786213225340005e+06
3.039352653167708768e-07,2.883882177137141116e+06
2.344180993851487566e-07,4.034007492272190750e+06
5.500735284359113594e-07,1.850850841722287238e+06
4.032991267439850605e-07,2.818837765049229376e+06
3.857052058033972519e-07,3.078554172543760855e+06
3.057423618084673502e-07,3.946038011406212114e+06
3.801583341695911127e-07,3.443632631036283448e+06
6.601316757823628920e-07,2.242286619455446955e+06
7.067720544524963375e-07,2.217818237699802034e+06
2.278136642760838013e-07,8.123513024577917531e+06
2.644545461466168393e-07,3.452439640777316410e+06
1.949960284692248102e-07,4.189133361960319337e+06
2.322997585053721804e-07,3.822065768253879622e+06
3.438149699206624826e-07,2.661496269923540764e+06
5.162093945238809974e-07,1.814252173117401544e+06
4.749732482358624656e-07,1.999069297893505776e+06
3.793341551111438851e-07,2.726627368978285696e+06
3.413657365058896166e-07,3.155855290496329311e+06
4.910051706480663403e-07,2.388307759223740548e+06
3.611247158983641476e-07,3.504289325868022628e+06
5.673656885834219007e-07,2.233647214998847805e+06
7.600886977222652162e-07,2.062835210996895097e+06
1.075910175260922256e-07,5.714670997486172244e+06
1.526836472937304947e-07,4.425480268254390918e+06
1.949960284692248102e-07,4.189133361960319337e+06
5.249496199211172479e-07,1.685171223359968513e+06
4.199308508573620791e-07,2.151930166200104635e+06
4.091180218445568263e-07,2.223723618788925931e+06
3.438149699206624826e-07,2.661496269923540764e+06
3.413657365058896166e-07,3.155855290496329311e+06
3.604136726440099645e-07,3.101642630354241002e+06
2.493427457662878767e-07,4.600064403496305458e+06
5.190234431036873616e-07,3.029831988500956446e+06
1.096903483464012077e-07,5.585760663544241339e+06
1.580897846720330208e-07,3.476137920257303864e+06
1.523991396082409806e-07,4.579348615071433596e+06
3.892408461544635072e-07,2.674417753704793751e+06
4.448085864133636488e-07,2.383452632101272698e+06
3.604136726440099645e-07,3.101642630354241002e+06
2.354764616038134071e-07,5.104628306930276565e+06
3.312459128505849787e-07,3.706540962718694936e+06
2.886081654977193679e-07,4.367662766533479095e+06
5.189219549421159274e-07,2.863233112741960213e+06
5.435293627269972206e-07,2.885202492200410459e+06
2.076140796057937725e-07,7.920165297017712146e+06
1.257100586740933079e-07,1.575611154646474309e+07
1.602203766046668858e-07,3.519872641694614198e+06
2.240337328585542763e-07,5.015489817534323782e+07
2.501538479753937283e-07,3.424814668607151601e+06
3.906340200706358465e-07,2.319555681290751323e+06
3.198780241798839189e-07,2.893878952261693310e+06
3.892408461544635072e-07,2.674417753704793751e+06
4.283895195302826361e-07,2.406720747958425898e+06
3.873407436564616198e-07,2.619394270207243972e+06
3.155386220745447320e-07,3.285133840695970692e+06
4.448085864133636488e-07,2.383452632101272698e+06
3.677275799474006643e-07,2.868119220795446075e+06
2.380196851899078891e-07,2.116887645440708846e+06
1.755605097822121746e-07,3.105732323325949255e+06
3.420270751505487543e-07,2.092764046119441045e+06
7.034919380401024016e-08,1.483553509621729553e+08
3.155386220745447320e-07,3.285133840695970692e+06
3.677275799474006643e-07,2.868119220795446075e+06
3.744002701313654308e-07,3.168989666384269949e+06
2.836866114011759361e-07,4.648100445963084698e+06
3.783343367610607767e-07,3.402414257891742047e+06
3.650967977544830917e-07,3.565836086542775389e+06
5.808127331728868743e-07,2.699069110080050305e+06
6.441299524372926400e-07,2.578930457599409856e+06
1.409482158552452344e-07,1.322116483477777243e+07
1.755605097822121746e-07,3.105732323325949255e+06
3.743027532642420301e-07,2.349734032528284471e+06
4.870977720483675189e-07,1.913531944659507833e+06
3.838623994150179452e-07,2.593200940596271772e+06
4.551109532061882206e-07,2.210489084409452509e+06
5.219352336696038370e-07,2.107458716755969916e+06
7.650328359829251719e-07,1.470918097160080913e+06
6.199651189958596910e-07,1.929637884505917551e+06
5.084171075056064435e-07,2.712589458773749415e+06
9.938195800090740520e-07,1.488092578204640420e+06
1.151514957786268128e-06,1.535563049266778398e+06
9.861246580709238168e-08,2.318867464590603113e+07
3.788633704722194797e-07,1.637101837609374430e+06
4.079377436475665918e-07,1.541733761467389297e+06
4.790874980828031488e-07,1.909059463889506878e+06
5.006677041786973549e-07,1.952039815490207868e+06
5.252752651006005467e-07,1.935133621553310426e+06
4.590296398683949220e-07,2.325239858604178764e+06
6.199651189958596910e-07,1.929637884505917551e+06
4.655128229064288665e-07,2.593717521586720366e+06
6.945512646962374863e-07,1.786804600520160515e+06
5.752542493211124937e-07,2.153053331456976011e+06
7.710361183813013583e-07,1.731761998540433357e+06
9.877613550405269172e-07,1.498119388443319825e+06
1.192234362864397887e-06,1.314253084970499389e+06
3.738528993693802787e-07,1.352743037783570355e+06
3.718544240568450613e-07,1.474944073176233796e+06
5.595786469157752268e-07,1.445703179356436711e+06
4.790874980828031488e-07,1.909059463889506878e+06
6.877446141781109626e-07,1.300716061206906335e+06
5.006677041786973549e-07,1.952039815490207868e+06
4.933180474646045951e-07,2.104349413877442945e+06
5.900604885152499311e-07,1.780418233667996014e+06
7.043761342165832707e-07,1.757095891151945340e+06
5.762219505892359158e-07,2.398598410338203888e+06
1.127897778227770569e-06,1.473432405270841671e+06
1.721477266053102046e-07,1.350848055240429565e+07
3.413725264104416169e-07,1.527945557177873328e+06
6.611049885818683292e-07,1.427740423017297173e+06
6.954310055140290051e-07,1.349541893128800206e+06
6.611913929241087371e-07,1.480900605390417855e+06
6.526043922664069539e-07,1.558134872760514962e+06
7.829841521242364010e-07,1.311716390830050223e+06
4.933180474646045951e-07,2.104349413877442945e+06
8.322526082743412549e-07,1.224274867246424779e+06
5.900604885152499311e-07,1.780418233667996014e+06
5.653206021284011909e-07,2.112988425944624469e+06
6.420434055463986807e-07,1.924259851338537876e+06
1.113548317968647024e-06,1.328233963533750270e+06
7.130665748002089445e-07,1.339245114445814630e+06
6.954310055140290051e-07,1.349541893128800206e+06
6.611049885818683292e-07,1.427740423017297173e+06
6.611913929241087371e-07,1.480900605390417855e+06
7.305237027569670224e-07,1.399691884989155922e+06
6.802304004269619047e-07,1.499589359171965625e+06
6.526043922664069539e-07,1.558134872760514962e+06
7.575587393456096592e-07,1.339503038729924010e+06
7.296618796365634417e-07,1.387826024224285735e+06
7.824947239642951770e-07,1.351767251874625916e+06
7.173263513696806244e-07,1.558160360474612098e+06
9.756914257446035340e-07,1.127837195149727864e+06
2.412196096198299611e-07,8.227317863424733281e+06
2.664548501816089704e-07,1.628804945802668808e+06
1.210151314163618518e-07,4.123316108419106342e+06
4.797687171709396847e-07,2.012688421501293778e+06
5.391787603764354076e-07,1.749419145692645106e+06
6.802304004269619047e-07,1.499589359171965625e+06
7.296618796365634417e-07,1.387826024224285735e+06
7.305237027569670224e-07,1.399691884989155922e+06
7.824947239642951770e-07,1.351767251874625916e+06
7.319405015795878983e-07,1.453046463466915069e+06
7.446203917214266388e-07,1.431355205077382503e+06
1.174659488160112501e-07,3.757281890485008713e+06
2.582760838140362356e-07,2.225603923245726619e+06
1.946077802573421493e-07,3.313267535056996625e+06
2.097666843352045473e-07,4.252615796795123257e+06
4.292198558744941043e-07,2.269587661170513835e+06
3.043032877704820840e-07,3.289348967637472320e+06
4.397114542408376107e-07,2.398002855191444512e+06
3.404925231598526870e-07,2.968057208410413470e+06
3.217035312368890949e-07,3.318993288626037072e+06
6.880645476905400752e-07,1.948843338465289213e+06
2.582760838140362356e-07,2.225603923245726619e+06
1.803995360106693975e-07,3.273177121427906211e+06
3.949507791721860682e-07,2.398008045133341569e+06
4.019835373666944028e-07,2.358964814232585952e+06
4.292198558744941043e-07,2.269587661170513835e+06
4.458022480347664510e-07,2.173458686167751439e+06
4.135525837085517360e-07,2.361744866642203182e+06
3.527637692422996019e-07,2.968384893903442658e+06
3.404925231598526870e-07,2.968057208410413470e+06
3.217035312368890949e-07,3.318993288626037072e+06
4.361316620915514192e-07,2.416704477740820497e+06
4.123323293767938897e-07,2.160718280714131426e+06
4.921436000670409582e-07,1.816941169157822151e+06
3.949507791721860682e-07,2.398008045133341569e+06
4.019835373666944028e-07,2.358964814232585952e+06
4.458022480347664510e-07,2.173458686167751439e+06
4.135525837085517360e-07,2.361744866642203182e+06
4.361316620915514192e-07,2.416704477740820497e+06
5.935600259619495504e-07,1.886365877505048178e+06
4.694052291936016856e-07,2.670705506318584550e+06
4.982593551504171752e-07,2.504219725760120433e+06
4.921483335203387032e-07,2.535471597895803861e+06
9.448258019314429954e-07,1.567759401800522348e+06
9.126816346528338511e-07,1.620128663549919846e+06
2.336473011506953481e-07,8.607908777823844925e+06
5.272746439472779634e-07,1.452755990916196490e+06
8.143033350762729944e-07,1.091973395148179261e+06
6.988936395900093743e-07,1.290099696968514239e+06
6.377266023005488782e-07,1.425901345053028315e+06
6.661269772090243212e-07,1.362424833098940086e+06
6.172348071759257214e-07,1.597205210170206381e+06
9.378226342527281505e-07,1.078212560540854465e+06
1.238527464365560970e-06,9.245761275923592038e+05
9.633857176325071633e-07,1.242862990316787735e+06
1.328417983579780469e-06,9.350470799860681873e+05
1.049458602937340463e-06,1.241001882739588618e+06
1.885259632671289569e-06,7.846779867585818283e+05
2.345603381533655237e-06,6.680245486485797446e+05
5.522310214027827617e-07,1.478233458478484303e+06
3.012348960973603265e-07,3.014270193346349988e+06
9.303082994284540876e-07,1.218326324835954420e+07
7.540204557694084996e-07,1.185266269600752974e+06
9.925143005455447176e-07,9.435397972040496534e+05
1.214230347002927587e-06,7.861303854379337281e+05
1.397611513073680764e-06,6.666350919221787481e+05
1.528644538991964155e-06,7.031975751599061769e+05
9.098691138855596511e-07,1.163661289737725630e+06
1.071760613461494900e-06,1.079555008267107187e+06
1.812608888677141292e-06,6.640217131107037421e+05
2.281046246787229981e-06,6.154656108385142870e+05
4.699093320882822365e-07,1.876721492862029001e+07
6.987284288509954459e-07,5.720463033136568265e+05
1.786579258177081458e-06,3.865394165018326021e+05
1.144112538332747511e-06,7.051644733746978454e+05
1.410212845072977364e-06,6.354251845292851795e+05
2.683553948808025644e-06,3.683225537684344454e+05
2.883058449459562723e-06,3.522777943928149762e+05
2.622436193743150686e-06,4.517463959924463416e+05
4.534849849651229490e-06,3.456761619539020467e+05
7.795191274299972727e-07,1.738463815813807305e+06
1.539674034001279117e-06,5.250561345526938094e+05
1.805894671279336203e-06,4.621399900600747787e+05
1.739975461443421635e-06,4.815683666911458713e+05
2.683553948808025644e-06,3.683225537684344454e+05
2.883058449459562723e-06,3.522777943928149762e+05
1.892688260452270149e-06,6.031524520174019272e+05
2.398564193384578603e-06,4.667578165759649128e+05
2.622436193743150686e-06,4.517463959924463416e+05
2.391168809649921509e-06,4.992499354222700931e+05
3.687650657940928155e-06,4.019949588572461507e+05
4.534849849651229490e-06,3.456761619539020467e+05
2.849706531562779789e-07,6.989482802914710715e+06
7.730492711939152293e-07,8.502666160744372755e+05
9.322668419191832649e-07,7.515175404239457566e+05
8.225694663444175277e-07,9.740567858140686294e+05
7.115241886813909490e-07,1.148621828256002162e+06
1.175381291390819948e-06,8.376689834710574942e+05
1.436684992494630105e-06,7.828532941663990496e+05
2.391168809649921509e-06,4.992499354222700931e+05
6.043971133229524822e-07,1.969144743268115679e+06
1.585584783715662876e-06,8.332546905105704209e+05
2.425898711388383685e-06,5.784050453637437895e+05
1.835791108450652867e-06,7.892090919054334518e+05
3.534267144887834543e-06,4.711671905540145235e+05
3.359606946306164702e-06,4.968803316272450611e+05
4.873209437543308342e-07,8.545165018462892622e+06
6.282975922010997380e-07,1.403978349647552241e+06
7.962105344629310198e-07,1.094616564115365734e+06
7.707020416164690749e-07,1.132214563439568272e+06
7.256588814383156396e-07,1.259164174035470933e+06
7.728525318586810380e-07,1.165213691258713370e+06
7.773978869351269355e-07,1.214635542517007794e+06
7.841016049415765763e-07,1.195361344655669760e+06
1.033875347109784364e-06,1.020243205535748624e+06
1.061068725278727883e-06,1.047013738452586229e+06
9.755333578936343731e-07,1.185760763265516609e+06
6.151091626506743364e-07,1.314343409016708378e+06
6.104885912846736190e-07,1.373738308161169989e+06
7.707020416164690749e-07,1.132214563439568272e+06
6.752687116809455825e-07,1.340790238460257184e+06
7.143587600667904545e-07,1.285846460779201472e+06
7.256588814383156396e-07,1.259164174035470933e+06
7.841016049415765763e-07,1.195361344655669760e+06
6.433853155917549433e-07,1.529068684354482917e+06
6.703624682532764911e-07,1.680273085657256423e+06
5.098219190795527733e-07,2.212663377839929890e+06
7.792048032530707286e-07,1.545017916526625166e+06
1.107058624093981482e-06,1.416489813882552786e+06
1.754699868326712632e-07,6.864380768834361807e+06
2.944908929788834641e-07,1.893131009256284917e+06
3.894055002238678689e-07,2.867189181933281198e+07
4.473479415194942940e-07,2.354007126513445284e+06
4.953486720403314726e-07,2.168806979265064001e+06
5.890542442898412677e-07,1.831946766179193743e+06
5.097555224800926515e-07,2.212604266413275618e+06
4.122506878818236141e-07,2.703656401849990711e+06
6.104911148055184600e-07,1.994287287135788938e+06
8.094266945330825024e-07,1.731963973304583691e+06
9.112278546665360348e-07,1.540351429240152705e+06
8.371008019153026832e-07,1.771123479450992076e+06
1.753897608475898322e-07,2.993870505190016236e+06
1.339214576950239004e-07,4.384455294622175395e+06
1.901412397878121906e-07,3.185781439839635976e+06
2.090856670000715015e-07,3.970016213936216198e+06
2.113713184757058886e-07,4.032343496658208314e+06
2.676241958591498933e-07,3.539778478092722129e+06
2.901010668097467019e-07,3.969410301911530085e+06
2.577539900259945510e-07,4.571800258485948667e+06
3.619432596651809428e-07,3.760979212759985123e+06
3.167118614872891700e-07,4.582555852607711218e+06
5.848135664310996143e-07,2.840374233685775194e+06
2.161077281312817535e-07,9.201726915836490691e+06
1.753897608475898322e-07,2.993870505190016236e+06
1.106392857052093278e-07,6.401938721291654743e+06
2.992778285516104336e-07,2.579733105692142621e+06
2.090856670000715015e-07,3.970016213936216198e+06
2.113713184757058886e-07,4.032343496658208314e+06
3.230526934089635467e-07,2.834992500432571396e+06
4.014347842811420986e-07,2.681692888716697227e+06
1.921012328109179525e-07,5.754990758057511412e+06
2.806419693759959659e-07,4.200674300456247292e+06
1.228976307529908240e-07,9.509882018629593775e+06
6.184064217386238248e-07,2.269265758102344349e+06
1.035529907721002878e-07,7.624917858708773740e+06
1.456572062095324441e-07,5.395568889512389898e+06
2.405760151150603711e-07,3.728459901088654529e+06
2.808049997488318667e-07,3.296066515374065842e+06
2.436720050076877022e-07,4.597436747665028274e+07
2.674812975183967668e-07,3.628917514078828506e+06
3.170474049423630675e-07,3.018131383096360136e+06
1.875056383744495180e-07,5.390838494499362074e+06
1.965037185953204641e-07,5.151624218455819413e+06
4.014347842811420986e-07,2.681692888716697227e+06
4.385779925402454709e-07,2.892672607982189395e+06
6.184064217386238248e-07,2.269265758102344349e+06
2.132992876139596212e-07,2.533721626019398682e+06
1.382776442267485708e-07,5.143864440507008694e+06
1.904807755744205825e-07,4.459619700734732673e+06
2.607998514862562519e-07,3.409820092100318521e+06
2.543610533233290634e-07,3.773170780833255965e+06
1.875056383744495180e-07,5.390838494499362074e+06
1.965037185953204641e-07,5.151624218455819413e+06
2.380154648265392165e-07,4.588296477633212693e+06
3.194468554491804520e-07,3.594742487118802499e+06
2.827956805088006382e-07,4.102595974285274744e+06
4.485766329567362828e-07,3.127699965851445217e+06
2.463447287640721243e-07,6.298565921870036982e+06
1.290768881299005516e-07,1.366932333501112834e+07
2.137949416605431995e-07,3.840092903700410854e+06
1.613177383918490797e-07,6.967427899082513154e+07
1.793016662266700194e-07,5.102884119207225740e+06
1.778419187709322306e-07,5.425725987140635028e+06
2.276186552061272287e-07,4.499322406452737749e+06
3.240678335969996641e-07,3.053298743422445841e+06
2.114626902578135948e-07,5.219636795091055334e+06
3.186695107088344960e-07,3.783410273944984656e+06
2.819690368320536197e-07,4.376878552393676713e+06
3.839595707855383887e-07,3.453619938791698311e+06
4.554937988786882864e-07,3.445716989755274262e+06
5.465590219189192446e-08,1.862597228671685979e+07
6.263950461675111678e-08,1.521864141437732279e+08
1.583115581396178500e-07,6.231431657290496863e+06
2.276186552061272287e-07,4.499322406452737749e+06
1.561619941523188880e-07,6.986031645546959713e+06
3.430894480179572505e-07,3.159339948413859587e+06
1.910981953512090041e-07,5.705934890461001545e+06
2.819690368320536197e-07,4.376878552393676713e+06
2.888258816339951217e-07,4.203616924569342285e+06
4.625805521622694312e-07,2.889384869867332745e+06
3.325924896899553640e-07,4.258365494149658829e+06
4.554937988786882864e-07,3.445716989755274262e+06
5.602382832197363851e-08,1.331432822135694139e+07
2.018290316709780824e-07,2.853079487005739473e+06
1.385308016687185400e-07,5.532093275787547231e+06
1.781655188650424631e-07,5.160302067090661265e+06
3.420119101612515912e-07,2.931984338782760780e+06
3.573523798061581095e-07,2.892624009406817146e+06
2.219459249455487387e-07,4.562888557787189260e+06
2.667361230012556567e-07,4.523037543191649951e+06
2.757526544086298794e-07,5.116291300063540228e+06
7.601104437354221825e-07,2.187508789662201889e+06
6.605436030281005872e-07,2.692743916792517528e+06
1.673082714742379203e-08,1.314111679201772660e+08
1.451487175123072093e-07,5.744987682567740977e+07
1.385308016687185400e-07,5.532093275787547231e+06
1.527161787404758448e-07,2.056403544734178111e+07
3.594538387575182458e-07,2.305816518741845153e+06
4.857456554637262724e-07,1.848021967005632818e+06
6.312223947464250331e-07,1.492489683563082479e+06
2.284013353155733270e-07,4.081653496423306875e+06
5.824758431766808756e-07,1.668770613843560917e+06
6.205772101471934214e-07,1.643872800919564907e+06
2.612880021190181719e-07,4.043637014258648269e+06
2.249496967041106114e-07,6.583560475985610858e+06
4.012335308187659164e-07,1.257720961112510646e+06
1.382857573011257617e-07,7.092071440147861838e+07
5.026822020548892099e-07,9.932770289299499243e+06
6.796531942726520378e-07,1.224817369938083226e+06
3.612549035389763619e-07,2.201981164059820585e+06
5.270929641335246811e-07,1.971744971809256822e+06
6.813838843728748467e-07,2.051554195568257943e+06
5.936923386258051751e-07,1.812445834013917251e+06
7.345182327622559419e-07,1.554699510686895112e+06
1.421452494444483829e-06,1.040535205540731899e+06
9.402853368157259544e-07,1.670280427760772174e+06
3.354891961934457454e-07,1.223207797876358964e+06
2.312542364503216483e-07,2.624777745525317267e+06
4.628341261500261655e-07,1.740499261137994472e+06
5.498136962278469244e-07,1.810458427964962553e+06
7.724424816414254935e-07,1.412623815488902852e+06
6.780679952923443847e-07,1.767894957041895948e+06
5.412226785319982051e-07,2.184158055858595762e+06
7.772899072162039694e-07,1.603131614413233707e+06
7.794215921501899316e-07,1.666448010198238306e+06
9.548129303680392557e-07,1.551147752995985793e+06
1.310731420622624327e-06,1.195257829029915622e+06
1.411488175594506742e-06,1.110166513237690786e+06
2.295816893359545825e-07,1.324492494800382480e+07
2.135838908797708897e-07,2.441491937869505491e+06
2.537419652238138735e-07,2.469811253901122604e+06
2.118416509886595291e-07,5.193123684296375141e+06
3.467342000270529327e-07,2.555893923536390066e+06
3.484763520440310055e-07,2.618280374903958756e+06
4.946822222014750386e-07,2.004025440266172169e+06
6.780679952923443847e-07,1.767894957041895948e+06
9.643872190961201793e-07,1.555157649912024150e+06
1.292008886295210804e-06,1.286114418075383175e+06
5.337983867765123296e-08,1.194875131857647188e+07
1.809082726158885103e-07,7.410587559645933099e+06
1.380013523497638317e-07,6.679732717149731703e+06
2.148351632204413701e-07,4.369676515843980946e+06
2.459091615658731555e-07,4.572582462819103152e+06
1.465014011359295129e-07,7.232911665032329038e+06
1.952302661874208831e-07,5.082220809228612110e+06
2.483466858296640627e-08,3.910176619841961563e+07
2.202424624419299668e-07,4.810497693852428347e+06
2.443428417100619082e-07,4.729322627959595993e+06
3.242843118062866495e-07,3.747913228779187426e+06
5.055483425986217864e-07,2.925521961063770577e+06
1.804802840417804924e-07,2.685540255565306172e+06
1.473809847760130557e-07,1.077214185392818041e+07
5.378769886271359305e-08,1.157463735972459428e+07
1.723817977737981803e-07,5.394611272608036175e+06
2.839087589802894414e-07,3.765708265111723915e+06
3.533785637450202501e-07,3.296788468193553388e+06
5.561120535064673141e-07,2.092688373849760508e+06
5.257389917945479146e-07,2.306356034012277611e+06
4.549981360893206824e-07,2.717271964302702341e+06
3.723216877954717950e-07,3.406005104313181713e+06
7.165739103625161908e-07,1.862807695926351473e+06
3.900735076803887583e-07,1.533253952625995735e+06
5.301358205817123028e-07,1.108345917520204093e+06
3.432512425363296804e-07,1.907461251439892454e+06
6.124866182056500849e-07,1.603354638331550173e+06
6.369747441680849755e-07,1.612507699720641598e+06
6.385624262609906315e-07,1.610472218087215442e+06
6.249735069463883004e-07,1.630116788663549814e+06
5.978574109473234577e-07,1.762561907594016753e+06
4.471794988481291040e-07,2.324434384788702708e+06
3.187626394510630648e-07,3.459740792083242908e+06
5.541147152232635193e-07,2.010925546559525421e+06
8.437782844534215787e-08,7.058335362317105755e+06
2.536787315042271544e-07,3.696024461653693113e+06
3.433916493689317706e-07,2.566545132238493767e+06
5.693851775836711535e-07,1.713589462154219160e+06
5.578986270406369171e-07,1.771409948107925942e+06
6.124866182056500849e-07,1.603354638331550173e+06
6.249735069463883004e-07,1.630116788663549814e+06
4.528493459763792606e-07,2.216375714500376955e+06
4.471794988481291040e-07,2.324434384788702708e+06
3.789330759321508678e-07,7.551012470676787198e+06
5.308186083634472438e-07,2.349916275385692716e+06
9.211109883277817441e-07,1.699618192853693850e+06
7.653820996283965971e-08,6.905424116226864047e+06
5.759400956236359564e-08,2.475475655458539352e+07
3.433916493689317706e-07,2.566545132238493767e+06
2.615897415915983717e-07,3.753786542603468522e+06
4.528493459763792606e-07,2.216375714500376955e+06
4.188345035701022767e-07,2.696745323341111187e+06
3.509577315615951677e-07,3.127073651099249255e+06
3.461424780742100292e-07,3.442374879543406889e+06
3.925279065059217771e-07,3.058593342726055533e+06
4.660406222340160815e-07,2.651119695432681125e+06
6.869757871865720215e-07,2.281195899782011751e+06
7.793209237257651256e-07,2.010567601507822983e+06
5.582215012533820815e-08,1.644530580281055905e+07
1.361338435845444575e-07,1.504991977647695690e+07
1.187467652555243025e-07,4.622356438270956278e+06
1.633148787341793176e-07,5.464775421482813545e+06
1.662657504067551022e-07,5.556800745925313793e+06
2.615897415915983717e-07,3.753786542603468522e+06
3.509577315615951677e-07,3.127073651099249255e+06
2.346934032357901782e-07,5.787544932222854346e+06
3.531671186436736308e-07,3.725822592958291993e+06
5.859192454854991774e-07,3.037239316310580820e+06
6.686436191398006532e-07,2.645936023574863095e+06
1.742235561601666938e-07,2.320873089305960573e+06
1.187467652555243025e-07,4.622356438270956278e+06
8.499001217384805888e-08,1.178401327268811166e+08
2.776938536205210850e-07,2.647765077376671601e+06
5.151662977932244258e-07,2.020280127921136562e+06
5.836745600118249595e-07,1.813416658198730787e+06
6.372968041110454596e-07,1.966684425523082493e+06
6.404050623209951884e-07,1.937342013693078421e+06
6.148428544438233954e-07,2.237416301276373677e+06
1.267593329097340592e-06,1.238045111971755279e+06
1.122902948913592773e-06,1.394933741452899063e+06
2.365618996071692591e-08,9.756903616188411415e+07
5.853204975830412119e-07,8.304932213259327691e+05
8.993248962123181333e-07,9.756477535116312793e+05
9.214197252523231309e-07,1.022585441999395262e+06
4.001619948001870869e-07,2.799979701634006202e+07
7.908452897293000012e-07,1.242434665804010816e+06
7.713771117984575317e-07,1.331287210356058087e+06
7.538178876044909600e-07,1.378441809774024645e+06
8.121397924154648480e-07,1.253807677629644284e+06
2.555963287753182211e-07,4.245302125977573916e+06
7.111406754746500666e-07,1.668927376860413468e+06
1.095758321442691669e-06,1.157236870865992503e+06
1.306629692664202622e-06,1.133337207048011012e+06
3.489219343640183959e-07,2.231030666021105368e+06
6.097833392570175238e-07,1.226424842715969309e+06
5.927259380808218952e-07,1.512417410696637584e+06
8.473245197042368782e-07,1.066080510665204609e+06
7.765074180314268418e-07,1.178873906198814744e+06
8.433543761348455639e-07,1.183453992115291767e+06
7.093282989935050407e-07,1.425176097073038807e+06
8.321660467067516088e-07,1.291019375909480033e+06
7.825357449879700029e-07,1.380179920227117138e+06
6.485256900468156503e-07,1.839464658111860976e+06
1.305582862160949099e-06,9.214143526827616151e+05
1.309285910200033004e-06,1.071590117651784094e+06
2.967781153953402197e-07,1.859603031051791273e+06
5.927259380808218952e-07,1.512417410696637584e+06
3.100215833501421298e-07,2.828543358013621066e+06
7.027891558791264041e-07,1.426443303614476463e+06
7.215748870945943778e-07,1.434877456897863653e+06
7.093282989935050407e-07,1.425176097073038807e+06
7.333708126079635517e-07,1.556322063965431880e+06
8.302202169661926637e-07,1.324655826000723056e+06
8.130303346426237956e-07,1.534385239559785929e+06
8.475967324379930576e-07,1.467685478954109363e+06
8.177253583869349206e-07,1.586405330927740550e+06
1.526536596597016452e-06,1.026177437233119155e+06
1.374471171305800981e-06,1.140049672085796483e+06
3.269587377214413425e-07,1.816809058121447917e+06
3.259431973581771154e-07,3.496124584763738513e+07
2.713140682019769636e-07,2.328367601068414282e+06
3.329124184637263628e-07,2.459029324708818458e+06
4.795994661710624347e-07,1.729082991652485915e+06
7.215748870945943778e-07,1.434877456897863653e+06
5.432438535491426696e-07,1.944478341170650208e+06
8.302202169661926637e-07,1.324655826000723056e+06
8.949221011279318533e-07,1.321721829238368198e+06
8.107159349482944826e-07,1.693219655687689316e+06
1.519913729010932214e-06,1.030946153828893206e+06
3.537596924917179854e-07,5.667993962319377810e+06
1.276376859896661918e-07,7.247998444605557621e+07
2.759176439467033388e-07,1.736097840922011528e+06
4.248726380039091688e-07,2.163707430923502427e+06
3.383938238551255520e-07,2.449641746362649370e+06
4.877405419563972909e-07,2.076251750745703699e+06
1.391913794910188491e-07,8.439199541614636779e+06
3.829625187839446741e-07,3.454324643186426256e+06
5.416595445931601608e-07,2.398228894637248944e+06
4.288231459378461796e-07,3.084367887131961063e+06
4.481499728100513337e-07,3.056822763092514127e+06
7.783365074108375568e-07,2.012313416722095106e+06
8.929388244554591147e-07,1.755176989021608140e+06
1.594994729278472847e-07,3.130060635299808346e+06
2.761572729273283452e-07,3.030998006005464122e+06
1.755776166916219053e-07,5.283664128114247695e+06
4.248726380039091688e-07,2.163707430923502427e+06
2.341138055806211621e-07,4.282694373392146081e+06
2.544133923503109984e-07,3.706705627352088690e+06
3.918687710842427368e-07,2.541771905810495373e+06
4.877405419563972909e-07,2.076251750745703699e+06
2.870080594661508981e-07,3.668182271287457086e+06
3.655315382572521502e-07,3.355250385176223703e+06
3.983152921512973467e-07,3.504336408460142557e+06
8.819859734344255452e-07,1.778721038229088299e+06
2.245084692862864109e-07,1.999544459777350072e+06
2.848881514604933478e-07,2.635091478187024128e+06
3.463786230544377386e-07,3.159496035008211434e+07
1.577657437296241542e-07,6.196963534665136598e+06
4.106127695988724981e-07,2.487677049254606012e+06
8.856512410704686890e-07,1.198093770156346727e+06
9.027555279304367797e-07,1.239252104703046847e+06
9.678408082088881541e-07,1.218832039785818430e+06
7.640922306652250520e-07,1.730029654739626683e+06
1.291758660518790770e-06,9.805049346843205858e+05
1.096860438158432315e-06,1.160867013815380167e+06
1.606356101663907267e-06,9.213784079785860376e+05
4.166349170438003796e-07,9.920966178014889592e+05
6.918717338139820928e-07,7.858297256843317300e+05
4.925291007767799765e-07,1.160432434918776853e+06
7.029856044709292077e-07,1.186247602157504065e+06
9.405832603115090612e-07,1.048044761210477795e+06
9.384910412456016492e-07,1.032184744274640572e+06
1.003884031466893479e-06,9.697916298978748964e+05
9.141721291977755028e-07,1.243804161982314428e+06
8.691976847445576744e-07,1.502308561352571007e+06
1.599203005815310791e-06,9.803069800055488013e+05
1.735787492895099700e-07,5.121467228260506876e+06
3.005093664334482115e-07,2.592160835908073001e+06
1.140871398911220403e-07,6.628726046299061738e+06
3.444973240514713087e-07,2.435802097814206034e+06
3.830826826901159126e-07,2.411481018509875052e+06
4.651286526226193669e-07,2.077062131282333052e+06
1.539463409057822625e-07,6.615974955015360378e+06
6.675446492365305990e-07,1.652275112641411833e+06
4.368683131584515305e-07,2.681583973710401449e+06
6.224441596152999325e-07,1.875962529732202413e+06
4.783156170360920144e-07,2.533376144764962606e+06
4.210253006009832725e-07,4.406171314549245872e+06
1.356046012540852780e-07,3.480511494395920541e+06
1.595757241273408723e-07,1.126054267047209665e+07
2.363447706950350050e-07,2.731328360911329277e+06
2.918910788328919916e-07,2.765229849650949240e+06
3.944032875799619735e-07,2.373029965507278685e+06
3.899107605276850416e-07,2.942413518128547352e+06
5.860096829453605045e-07,1.904056172169321915e+06
6.661658367779804110e-07,1.793469467365971068e+06
1.016934411676098470e-06,1.468182130399146816e+06
8.207395046605439036e-07,1.916757238752318779e+06
1.200948962865477682e-06,1.472029278078292031e+06
6.234349328024859115e-07,1.531838045103841648e+07
2.363447706950350050e-07,2.731328360911329277e+06
5.111858474188114006e-07,1.755381598704788135e+06
6.775777398233701426e-07,1.312731926383610582e+06
7.133966694458166368e-07,1.408795698011601344e+06
8.019989041060310049e-07,1.401464170088715386e+06
6.216304149874515362e-07,1.853468924935333896e+06
7.028484388027419341e-07,1.619812651854651980e+06
8.210318457011834655e-07,1.368236898767712060e+06
1.346257587661192775e-06,1.041774708516590530e+06
1.321438733660104174e-06,1.121204898888208438e+06
1.249039114915518772e-06,1.185059362136288546e+06
8.882234862736655074e-08,1.768528469666118175e+07
3.569390189924747544e-07,1.394439348842002219e+06
2.273864338214843469e-07,2.853340317393116187e+06
5.119727209078508307e-07,5.959217519584821537e+06
2.851577124798229415e-07,2.976735245337718632e+06
1.000067233566503684e-06,8.676364650556129636e+05
8.979055033841177591e-07,9.870655935079682386e+05
8.696258866579184334e-07,1.178452133958775084e+06
4.340334348711441559e-07,2.504474009543388151e+06
5.511395293622419342e-07,2.025711612138924887e+06
1.297979664334387675e-06,1.026924706063750200e+06
8.499901628761232435e-07,1.653866050967121031e+06
1.479869359225443093e-07,7.509165957434311509e+06
3.031081964472342826e-07,2.415152546835890505e+06
2.273864338214843469e-07,2.853340317393116187e+06
2.789394587916917594e-07,2.843207930915617384e+06
5.108571358175942044e-07,1.805165741252002073e+06
2.614055446546828212e-07,3.867921578575273044e+06
2.301995093647405950e-07,4.482094019742685370e+06
3.276558819281700193e-07,3.273003353528867476e+06
2.402983398451704386e-07,4.491020095145560801e+06
3.404847807158650420e-07,3.130465471730500460e+06
8.503395449586554949e-07,1.845129545085942606e+06
9.311731648773996167e-08,1.025837932930863351e+08
2.013151945691205261e-07,4.208600210164252669e+06
2.843192392483219358e-07,3.066937040334689897e+06
2.710981750403686733e-07,3.248947815223473590e+06
2.418818520646657120e-07,3.704018365803917404e+06
2.323413312779197541e-07,4.614074224569657817e+06
2.023250297367823773e-07,5.895520912962182425e+06
1.895618573989857884e-07,6.592154884779210202e+06
2.698345535395526556e-07,4.762659051588514820e+06
3.207251665950899073e-07,3.964902440162275452e+06
3.831186993683098284e-07,3.691948582457418554e+06
4.199401706672978183e-07,3.532089540098435711e+06
2.316110267121596630e-07,1.725046340655125445e+06
3.494300375901539550e-07,3.169810727036136761e+07
3.529042018717838151e-07,1.366226336359968642e+06
1.403681361433725173e-06,7.256486141617927933e+05
6.371417438655460925e-08,1.711643138428430259e+07
1.410617264802901514e-06,8.028014492713717045e+05
1.039585180393950569e-06,1.121173915598222986e+06
1.143304811327355267e-06,1.153998660062828334e+06
1.459910531455814020e-06,9.140466994653820293e+05
2.391132855895924250e-06,6.188189410056691850e+05
5.134222343611194789e-07,1.097981631594962208e+06
6.222109583933329760e-07,1.879257141980777727e+06
7.301889270196139755e-07,8.663531411972275237e+05
5.599828028468970138e-07,1.688206838815141702e+06
1.217280165814148291e-06,7.589536313148449408e+05
9.458056494024763502e-07,1.125274241010852158e+06
1.364869320363074466e-06,8.317841784343745094e+05
1.254846988704658166e-06,9.337930452904206468e+05
1.195146677790530577e-06,1.099283163015275495e+06
2.393678094961433216e-06,6.181870985598465195e+05
1.960117345556940477e-06,7.557932108253183542e+05
5.601328778253934600e-07,9.036606897818214493e+05
7.563897580761800069e-07,9.132341851340077119e+05
1.329862675427437800e-06,5.674380149262102786e+05
6.896921004075501919e-07,1.084241634838561062e+06
1.152129879688410588e-06,7.013248527865115320e+05
2.293509354926736617e-06,4.946155552050924744e+05
1.721631361629240982e-06,6.667185208857489051e+05
2.114445072213620070e-06,6.186171537314332090e+05
1.813972818625674851e-06,7.195353727049580775e+05
4.042427029138311312e-06,3.660297927683000453e+05
3.197661854440572550e-06,5.193830487636802718e+05
2.725429645080579147e-07,7.435998894384552725e+06
5.652114974907745897e-07,1.109755954573452706e+06
1.191222503661742924e-06,5.068147690123450011e+05
1.233740199315383998e-06,9.309639028397230431e+06
1.412151599848728581e-06,6.202211560997517081e+05
2.144958684634397027e-06,4.295554157183062634e+05
2.285862286687120952e-06,4.456447677313608001e+05
2.293509354926736617e-06,4.946155552050924744e+05
2.239733309995690980e-06,5.006267044665087014e+05
2.239314956196000390e-06,5.549586226190745365e+05
3.393539647252502774e-06,3.923668684766116785e+05
4.015200348426875912e-06,3.903758069043163559e+05
1.778208788340048084e-07,1.262497396621462516e+07
8.076167410033109046e-07,6.583010988643362653e+05
5.248928775223162405e-07,1.315452580614817794e+06
1.047667660571981383e-06,8.001576743103624322e+05
1.274398173389185242e-06,6.678558499261856778e+05
1.113920056015856830e-06,8.223268327465004986e+05
1.286215732579926363e-06,6.984359776565255597e+05
1.191409523153443264e-06,7.879568355014924891e+05
1.174386798417243031e-06,8.809688308854972711e+05
1.775369688623196578e-06,5.971358439511123579e+05
2.221380312364522081e-06,6.785424896047147922e+05
3.497840289141744322e-06,4.227349500503468444e+05
2.690854145722691408e-07,1.424292278540529544e+06
2.788486656247736328e-07,1.567455084464984480e+06
3.299464376780683557e-07,2.589090917929828167e+06
6.069473389799813829e-07,1.598952929224157939e+06
7.822181760269500209e-07,1.284658857613898581e+06
9.770271972107739889e-07,1.209474272981889546e+06
8.508414164962307206e-07,1.410359716039398685e+06
1.117919449753590238e-06,1.101343218896196922e+06
1.006029669807369498e-06,1.225188115140955430e+06
1.661214186274752370e-06,9.437186422944889637e+05
1.676821136007503859e-06,9.350559028845558641e+05
2.925278964438284599e-07,2.075273353235346032e+06
2.167857117990688103e-07,3.583931793652175460e+06
2.763702980284453796e-07,3.431059544745717198e+06
2.500718695690928685e-07,2.870519308899014723e+06
2.035401420127997204e-07,4.526017543772962876e+06
7.743764956422607412e-07,1.674954001568379346e+06
3.341901503108525336e-07,2.819548574874695390e+06
4.733951200417615004e-07,2.119179334503783844e+06
6.072627902775631764e-07,1.653245631761430530e+06
7.556420892708043903e-07,1.517291136548900511e+06
1.418141117391399519e-06,1.172556889704376226e+06
3.287428932125632655e-07,2.955640361305362359e+07
6.807196442225549448e-07,9.713942124785853084e+05
6.435190842818169080e-07,1.364542744181211339e+06
7.022719426577039360e-07,1.446107218358182814e+06
8.117839850529875591e-07,1.385247784232530277e+06
9.140929375170208257e-07,1.297831316732386826e+06
7.135237402126552055e-07,1.685750258127402747e+06
9.206042415238938518e-07,1.292101725477595348e+06
8.658235544342878025e-07,1.427431603046370205e+06
1.701777914763831957e-06,8.234598240241425810e+05
1.448859427737445417e-06,1.021847199093176168e+06
1.369325679321629464e-06,1.081714186824147357e+06
1.392366016538708687e-07,1.493813470947969891e+07
2.060529841955452788e-07,1.922596751298711170e+06
4.214388556138518405e-07,2.650246201036089659e+07
4.963029697820499434e-07,1.733929816317776451e+06
4.414278729739879521e-07,1.908948682615463389e+06
3.968044878384022942e-07,2.234480823316262569e+06
1.160140873989201553e-06,7.875725745812725509e+05
1.422791831479458416e-06,7.421817625645670341e+05
8.271812860674623418e-07,1.392935810692776926e+06
7.322266367575942214e-07,1.697023652435116237e+06
1.114450417809869490e-06,1.340596768386965850e+06
1.351417104179328830e-06,1.161278378113640472e+06
1.725286683100445611e-07,2.718376629309464712e+06
1.124839008211527004e-07,6.716316842769972049e+06
1.394361781504823539e-07,6.247468675916892476e+06
1.356705219942569156e-07,6.410937384028973989e+06
1.439745697361958162e-07,6.410034299158767797e+06
3.594114972516737026e-07,3.022131700988359284e+06
3.239237347350471950e-07,3.391529392830526922e+06
1.770454625704869237e-07,5.963309273106195033e+06
2.391519699945620154e-07,5.093773663008418866e+06
2.811350289330523771e-07,4.992262105871933512e+06
6.031733564045594709e-07,2.601905148667358328e+06
6.641655505741564146e-07,2.519032443718813825e+06
8.341375252083752389e-08,1.198411658832652569e+08
1.045365097882858231e-07,6.463859291420574300e+06
1.356705219942569156e-07,6.410937384028973989e+06
1.394361781504823539e-07,6.247468675916892476e+06
1.510765557917116081e-07,6.350873597056964412e+06
1.439745697361958162e-07,6.410034299158767797e+06
1.754233444950965007e-07,6.019730032081887126e+06
1.813349668767692941e-07,6.936899153299665079e+06
3.057697389447054482e-07,4.311095856222903356e+06
2.280970462531463733e-07,5.701869398196143098e+06
4.326258643477743460e-08,3.175865178088891506e+07
3.847153867805401312e-07,4.072708420866853092e+06
8.341375252083752389e-08,1.198411658832652569e+08
1.045365097882858231e-07,6.463859291420574300e+06
2.930401327973452911e-07,3.305546257057416253e+06
2.359081200280849216e-07,4.265877461752308533e+06
3.775662121662284513e-07,2.658342482421298977e+06
3.506950227927543663e-07,3.014288142762964126e+06
3.316537481688665783e-07,3.653334102439893410e+06
3.383031747344201066e-07,3.656215046898137778e+06
2.914376763970672956e-07,4.219459259670266882e+06
3.057697389447054482e-07,4.311095856222903356e+06
5.090028193574018202e-07,2.605232729843415320e+06
3.273629597735572609e-07,4.451563122602595948e+06
6.240845376037444459e-07,2.503066728536106646e+06
3.877999257085429654e-07,1.629946726497570053e+06
3.461406116525585178e-07,1.770519179402311100e+06
5.049984580547232522e-07,1.677840130942651303e+06
5.063323206004604453e-07,1.869443722102082567e+06
5.279883279996470798e-07,1.796069935305894352e+06
5.488792588898632581e-07,1.719055741080611944e+06
5.027215083843228384e-07,1.956215977852064185e+06
3.775662121662284513e-07,2.658342482421298977e+06
3.526444970688167888e-07,3.053363437886300962e+06
3.506950227927543663e-07,3.014288142762964126e+06
4.019100564868445428e-07,2.749572171604821924e+06
2.628002457833880954e-07,4.179536255177953094e+07
3.770994568484398099e-07,2.065439921676459489e+06
3.048929187316079490e-07,3.002748285824507475e+06
5.279883279996470798e-07,1.796069935305894352e+06
5.488792588898632581e-07,1.719055741080611944e+06
5.063323206004604453e-07,1.869443722102082567e+06
9.449013263334357802e-07,1.041991332707274123e+06
5.027215083843228384e-07,1.956215977852064185e+06
7.543980284907907673e-07,1.461797668906065635e+06
1.245976982921029482e-06,9.706181965690193465e+05
9.046375227969356505e-07,1.481324133124879329e+06
1.438267999230007848e-07,1.529176507242327370e+07
2.514426276581959850e-07,2.096995418714774540e+06
5.612382334384726510e-07,1.525922923908215016e+06
9.765177003151821574e-07,9.655234921797420830e+05
9.881829359728689603e-07,9.535803301547229057e+05
1.018481686722119013e-06,9.546131034848565469e+05
8.167007082063081901e-07,1.174178199880374130e+06
9.436563841923323100e-07,1.089661945500852074e+06
7.812153747642440573e-07,1.491058186969772913e+06
9.549749209730990190e-07,1.214360854773625964e+06
7.757946753714797508e-07,1.569356333586510271e+06
9.291020007500247822e-07,1.312273676425724756e+06
4.959507705001185645e-07,3.276270446013676934e+06
3.803762656801860113e-07,2.311280112385860179e+06
3.926193691020815175e-07,1.402927071218180470e+06
5.674795824633492724e-07,5.340835698426981457e+06
6.025012548176415901e-07,1.877410108378220350e+06
7.022367698853664814e-07,1.643180003600498661e+06
7.812153747642440573e-07,1.491058186969772913e+06
9.549749209730990190e-07,1.214360854773625964e+06
8.713790749396587933e-07,1.359081071062628180e+06
7.757946753714797508e-07,1.569356333586510271e+06
9.291020007500247822e-07,1.312273676425724756e+06
8.295953553620238426e-07,1.490749307150088251e+06
1.389432803250928930e-06,1.064916977582847001e+06
3.803762656801860113e-07,2.311280112385860179e+06
3.926193691020815175e-07,1.402927071218180470e+06
7.294255690381981762e-07,1.172261099274886539e+06
1.379518103337300386e-06,7.199146674249989446e+05
1.085388317409277945e-06,1.025171502780828066e+07
1.525551876617960485e-06,6.645684795578646008e+05
9.904105874493662758e-07,1.037143225066889077e+06
1.035202640946040405e-06,1.070500654082122259e+06
1.605375028662374851e-06,7.340462116033742204e+05
2.290456213973661207e-06,6.112179402047072072e+05
2.497711346569788584e-06,5.925108017494492233e+05
5.646231379009654742e-07,9.467723463561249664e+05
2.885375988539921536e-07,2.152431399423948955e+06
1.379518103337300386e-06,7.199146674249989446e+05
1.129358644156203093e-06,8.519350758600068511e+05
1.606707561458749457e-06,6.118685184747310122e+05
1.758886757174618315e-06,5.823902622136047576e+05
1.811236201013321335e-06,5.642888295729459496e+05
1.166900637422296410e-06,8.645365884773256257e+05
1.525551876617960485e-06,6.645684795578646008e+05
9.581001137052907411e-07,1.084388567262425786e+06
1.677189146051611436e-06,6.323686536772943800e+05
2.465215365468326386e-07,1.907709301182757830e+06
1.620502446674299706e-07,4.564777159199441783e+06
2.225238954692562834e-07,3.315975018793970812e+06
2.117382448814793931e-07,3.686032065992610995e+06
1.814820452508415161e-07,4.581339294015197083e+06
4.552123259457332243e-07,2.398386986524198670e+06
1.359175275322196759e-06,8.716860743859175127e+05
8.232131596690506740e-07,1.455410315455868142e+06
6.086504194188800521e-07,1.877949159217661479e+06
9.044859374291185378e-07,1.509700174985704478e+06
1.494226140424457296e-06,1.182044697550306097e+06
9.980330471063768156e-08,7.536325376770550385e+06
1.160545635009119972e-07,3.272680507894878089e+07
2.171884562805117279e-07,3.831026649293953087e+06
2.320325498375056025e-07,3.633056583048660774e+06
2.819251451721832708e-07,3.187548467023912352e+06
1.839802643126248410e-07,5.240530897919171490e+06
1.377136703325665017e-07,7.041633019002428278e+06
1.707612428800871182e-07,6.095566158759412356e+06
2.827606665874893527e-07,4.268823914445417002e+06
3.672716052773736619e-08,9.655368849860753119e+07
2.963820221645648304e-07,4.492449065003713593e+06
9.127995965589904051e-08,9.022923250464873388e+06
1.905143974330862175e-07,2.691673615185435396e+06
2.357354256411546471e-07,3.298528434195368551e+06
2.885902182463697124e-07,2.984997540970485192e+06
2.375437301040692202e-07,4.100626081543298438e+06
3.679549093913601672e-07,2.932148090319754090e+06
4.073774338182602882e-07,2.841017352552059107e+06
7.473325268518811126e-07,1.736810130438500317e+06
5.585125467578912138e-07,2.352388768520758953e+06
6.035122837737978488e-07,2.268054334789447486e+06
1.033219907969332875e-06,1.607439324614404235e+06
1.246608134369907889e-06,1.332899717686457792e+06
4.146215428889836021e-07,1.266489197083587060e+06
4.136601996157249719e-07,1.688043505295666168e+06
2.671778525518847712e-07,2.883517471101569943e+06
5.680902955256282656e-07,1.588677765651233261e+06
8.472464580643123354e-07,1.125574454781411448e+06
4.003506908054983391e-07,2.564377242150108330e+06
9.496402332839828538e-07,1.022012409780882997e+06
7.123732928168203900e-07,1.443467967508526053e+06
7.620335005230815361e-07,1.385339688696933910e+06
5.969666379912087095e-07,1.877360725882437080e+06
9.566983521156604840e-07,1.391615328345991438e+06
2.872739437446067194e-07,1.471688186677281512e+06
3.684450327805343213e-07,2.235378959511125460e+06
1.609301314122580272e-07,5.506372584321293980e+06
5.439752612053371375e-07,1.671949757161697373e+06
4.430392332247093696e-07,2.146628951671823859e+06
5.133332695983631368e-07,1.791001763557796134e+06
3.727629589620638272e-07,2.730084179001934361e+06
7.198971406135127226e-07,1.577904577941381605e+06
5.694741126196986386e-07,2.066600472394586541e+06
6.018596181923308560e-07,1.920975578034925740e+06
9.688208096871300002e-07,1.447007591896665981e+06
1.971939322137100425e-07,2.662559612203739118e+06
2.229051679114116270e-07,5.045046220337739587e+07
2.327791266542123322e-07,4.118085738388765603e+06
2.891461957105100097e-07,1.770862002604990453e+07
3.245625352168023445e-07,2.972694952460891567e+06
4.385896768140952252e-07,2.487275098509325180e+06
3.904261404470186301e-07,3.101553500530333258e+06
4.088354849083212634e-07,3.005706982652979903e+06
7.682034644250496851e-07,1.727911145046249032e+06
4.660362249499635673e-07,2.903239308774939738e+06
6.005563896255461162e-07,2.183637456134256907e+06
4.255340319892381694e-07,3.213412270801171660e+06
6.650537232871359586e-07,2.114198276677806396e+06
2.483673883385805040e-07,4.556653158666688949e+07
3.579325858899518781e-07,2.797362435400571674e+06
2.812457665114909045e-07,3.536462984884927049e+06
4.957804829342721639e-07,2.063713748838592786e+06
5.020743042269409756e-07,2.094251488351566950e+06
3.519138019420689355e-07,3.063606912677098066e+06
4.716816435265010456e-07,2.383346691809127107e+06
3.902686824063899406e-07,2.951601168765084352e+06
4.634939137377692802e-07,2.534465492588400841e+06
6.233839555434967461e-07,2.041063699331612093e+06
6.543407934025435006e-07,1.932109250242281472e+06
7.129278959099403433e-07,1.776577663857730804e+06
7.359245081022604704e-07,1.904437915462538833e+06
8.016901447218939080e-07,1.745931367609640351e+06
5.326506458082053860e-07,1.438190865752410376e+06
5.279476214436720580e-07,1.626510954009471927e+06
4.517519481620289631e-07,1.921428110556675354e+06
5.268858014700727296e-07,1.666301288506124867e+06
4.220390151450377820e-07,2.088044005161960842e+06
5.749292667495102967e-07,1.574830177264620084e+06
3.934738301059890330e-07,2.416368961534892209e+06
5.294716644960982935e-07,1.771289869307720801e+06
4.001849420441228539e-07,2.438792053679853678e+06
3.910471518840672256e-07,2.601548466945597436e+06
6.178626792459782409e-07,1.783927950456389226e+06
5.036209096952364584e-07,1.056045326026347000e+06
3.461734245643853204e-07,3.243776787637688592e+07
4.902053322463719746e-07,1.452113669695169199e+06
4.386833276673249613e-07,1.880850661716446048e+06
8.598067871464844610e-07,1.228464503209904535e+06
7.799029162144813736e-07,1.357902722769585438e+06
7.418008124270473496e-07,1.497951852973752655e+06
7.686167235781163257e-07,1.456639246756672859e+06
7.048756880673876364e-07,1.645403280744703952e+06
6.708250042443740489e-07,1.744642386225777678e+06
2.586548447038408618e-07,6.353038824596440420e+06
2.791397793341269584e-07,7.146123501023702323e+06
6.662701214039139197e-07,8.978517716048791772e+05
8.121768355410821761e-07,6.385340368217428913e+05
7.544065858879535227e-07,8.252178255135313375e+05
6.434129985217579870e-07,9.776463429017440649e+05
8.598067871464844610e-07,1.228464503209904535e+06
1.244068155584728522e-06,8.594277662450628122e+05
7.686167235781163257e-07,1.456639246756672859e+06
1.377506236453630304e-06,7.985865759128860664e+05
1.232404954834678570e-06,1.132939646326478338e+06
2.089661069228036727e-06,7.163786052072192542e+05
2.639737288191014884e-06,6.299930453892087098e+05
8.489599248982300956e-07,6.213222913712691516e+05
7.544065858879535227e-07,8.252178255135313375e+05
7.290467264136844481e-07,1.216369765959241893e+06
1.240511185243031162e-06,8.008279414192374097e+05
1.810752545591649343e-06,5.463682571336961119e+05
1.817682823035458313e-06,5.433005093511191662e+05
1.987356993881629558e-06,5.105705376320965588e+05
1.919919757545635776e-06,5.310344294865229167e+05
1.431262085336646852e-06,7.053231421601080801e+05
1.244068155584728522e-06,8.594277662450628122e+05
1.377506236453630304e-06,7.985865759128860664e+05
3.730581429031781722e-07,1.291950317406873917e+06
7.975057192554549536e-07,1.153944671181972139e+06
6.792067290246664975e-07,1.394111770415253006e+06
6.707222275476469734e-07,1.539892153827714967e+06
6.977134108733469263e-07,1.477390349311789731e+06
7.731085047224530274e-07,1.307377569650686812e+06
7.634048667646447418e-07,1.327305248512357706e+06
1.701905281163660271e-06,7.231456175319799222e+05
1.176916620148585091e-06,1.097635069370212499e+06
9.168555000064526976e-07,1.440505021542518400e+06
1.351817369825637030e-06,9.744867744693857385e+05
1.867260094383906225e-06,8.396337685283023166e+05
2.638909785398479104e-06,6.298613367619784549e+05
3.967263414490128481e-07,5.913799529293855652e+06
3.274638525126013034e-07,1.686898091432977701e+06
4.011641361113157946e-07,1.303922534912442788e+06
5.808247498023896563e-07,2.145020448107204400e+06
8.144861837968556225e-07,1.176499763277123682e+06
6.977134108733469263e-07,1.477390349311789731e+06
7.634048667646447418e-07,1.327305248512357706e+06
7.731085047224530274e-07,1.307377569650686812e+06
9.839346234306443996e-07,1.085240366166280583e+06
9.057718163361529795e-07,1.169523861252702540e+06
1.404727600606974951e-06,9.015189467600807548e+05
3.414420167490551900e-07,1.542581112277467502e+06
1.106632532791994417e-06,6.945401883564121090e+05
1.185337745601981575e-06,7.670203009272761410e+05
1.044861992530096433e-06,8.658169525090476964e+05
1.232128454252479676e-06,7.638999158657643711e+05
1.208197711473118922e-06,7.782859675461839652e+05
7.836447698417055165e-07,1.276611385774227558e+06
1.202447487462450039e-06,8.152190154742626473e+05
1.052711458289461178e-06,9.265888155980507145e+05
9.344189400134143467e-07,1.081743472885924159e+06
9.243600685426498397e-08,4.430044132330855727e+07
4.102716747846498356e-07,1.813447155825974653e+06
7.600877001533514970e-07,1.477793676873294637e+07
4.680077325268139398e-07,2.051114450961958384e+06
1.069159043314440490e-06,9.663768269782628631e+05
5.994299649616174368e-07,1.673965552241905360e+06
1.113601712048908194e-06,9.648056559460930293e+05
6.951709702416727625e-07,1.723315340587350540e+06
7.902689355938705188e-07,1.565454853413934121e+06
1.672209305463584768e-06,8.386385685348446714e+05
1.655518045791276785e-06,8.477574325564987957e+05
1.374093293310068506e-06,1.076787458832335426e+06
4.752251297072977765e-07,3.691468745313465595e+06
4.076645329226104820e-07,1.178942933432686375e+06
9.243600685426498397e-08,4.430044132330855727e+07
4.856693528745493014e-07,1.897416118691372219e+06
5.304818139586603837e-07,2.063828201960662752e+07
6.893892159680948853e-07,1.500596604887922993e+06
5.842311452153386008e-07,1.798920566940007266e+06
7.636212755529277265e-07,1.447521908746023662e+06
7.354745968698816114e-07,1.552103741181052756e+06
8.554904757480603985e-07,1.371000355785517721e+06
9.621010307083630625e-07,1.397001138395756483e+06
1.271114324392218256e-06,1.102584483909439994e+06
1.170761993073982147e-06,1.265720384933238383e+06
3.657116819016372110e-07,1.219905897281771293e+06
1.242583128795809495e-07,5.345123023388750851e+06
5.143779879704480642e-07,7.161425134393195622e+06
6.286919729777332082e-07,1.460284321365213254e+06
6.573933479953799192e-07,1.380492897698128596e+06
8.301845782300309311e-07,1.156558542458648095e+06
9.605184264723359409e-07,1.056602047540561995e+06
9.070056251166936432e-07,1.178665584151663585e+06
7.306595865500518534e-07,1.686599231594795128e+06
6.122186325770616031e-07,2.040142874241242884e+06
1.199195180600554172e-06,1.234291737308167387e+06
1.080111100852863997e-07,9.953009887698512524e+06
2.331695027446061064e-07,2.901653875030313153e+06
3.048686512628761786e-07,3.090038594507666305e+06
5.490976611440341930e-07,1.803121121299593942e+06
3.902437440880652294e-07,2.587349171390444972e+06
6.174176520773805742e-07,1.712406086043164600e+06
4.802331412371718903e-07,2.500058308973240200e+06
6.110720075343993926e-07,1.953726389684064779e+06
5.155944000888158510e-07,2.522203113999506924e+06
9.487666088841151189e-07,1.475010522299572825e+06
8.727703226214854932e-07,1.716853813116989331e+06
1.166956605417210983e-06,1.343722303481409792e+06
2.351577058505590220e-07,8.558752936414349824e+06
1.777594230206994698e-07,2.682480148447431158e+06
1.017946864708161035e-06,9.328437414235889446e+05
5.490976611440341930e-07,1.803121121299593942e+06
1.010166164623152352e-06,1.012837690340250148e+06
1.050108289456440021e-06,9.680535478372970829e+05
1.034573351732199855e-06,9.833627438662253553e+05
8.120885470326172118e-07,1.315186387573437067e+06
6.174176520773805742e-07,1.712406086043164600e+06
7.904893771736514914e-07,1.408060664323776262e+06
6.110720075343993926e-07,1.953726389684064779e+06
6.554747099841603432e-07,1.808646312672860222e+06
1.179927884951172530e-06,1.254244241244073492e+06
8.349245299297926776e-08,1.304526815181092732e+07
1.016809410229489483e-07,9.231338488519310951e+06
1.733589661061636353e-07,3.184520197988820262e+06
1.925155722959491137e-07,4.895988522696380503e+06
3.602535645740712044e-07,2.737509719807079528e+06
3.759019515389623073e-07,2.703142124179271050e+06
3.507921951862952102e-07,3.345565673017282970e+06
2.509442408357585391e-07,5.058245482624677941e+06
5.415564902477726612e-07,2.897237014163408428e+06
1.039490712034106934e-07,6.771051392756894231e+06
1.250750053915352276e-07,6.345328194959868677e+06
2.073057072816056981e-07,4.032324266647931188e+06
1.881536577897437465e-07,4.771899176666171290e+06
1.898224090885593778e-07,4.824025240496254526e+06
3.602535645740712044e-07,2.737509719807079528e+06
3.759019515389623073e-07,2.703142124179271050e+06
2.144927357415159142e-07,5.040167526349400170e+06
2.840559471978104420e-07,4.057756206964232959e+06
2.036081156274477549e-07,5.249698549640711397e+06
3.164573537824771214e-07,4.108146476186625194e+06
5.501694900116669379e-07,2.848355170401715208e+06
1.311925196188339112e-07,5.492253745465251617e+06
7.828735007329500888e-08,8.252778093518195674e+06
9.283945752219310393e-08,9.105984227009944618e+06
1.658100209695332544e-07,5.310450263099631295e+06
1.854408283345247412e-07,5.185808173105824739e+06
8.265000599226911459e-08,1.217349175053409114e+07
1.507714310998588274e-07,7.411770821507096291e+06
2.337855730791473800e-07,4.599609953391093761e+06
1.685954046539057477e-07,6.631603537840798497e+06
1.619316982973256508e-07,7.221424056796107441e+06
1.382151976460111413e-07,9.103049557512564585e+06
2.828839747770205047e-07,5.242742278752122074e+06
1.925644482395845267e-07,2.627602665688357782e+06
1.775033596852381697e-07,3.047868333786452655e+06
7.828735007329500888e-08,8.252778093518195674e+06
1.305590355468833739e-07,5.781491119774683379e+06
4.400621297932773560e-07,2.487994819612199068e+07
5.243568836222955061e-07,2.004118128263765248e+06
9.329140430952924859e-07,1.258645140614488628e+06
5.766575412663825747e-08,2.353945442175042629e+07
7.739748275416239700e-07,1.802720085758105153e+06
9.295409886670428744e-07,1.590059466536989203e+06
1.137595724513129670e-06,1.392667620120087173e+06
1.483056914990296734e-06,1.120874607652587350e+06
1.081625634616714918e-06,7.921698576063611545e+05
7.486479836074981832e-07,1.197754495412862161e+06
5.722019875928162409e-07,1.686337470299227396e+06
1.213573036863776177e-06,7.719600748866490321e+05
6.739361646592910787e-07,1.424735169126255205e+06
7.161840284353054765e-07,1.351425128022079589e+06
1.324828609690159397e-07,6.878890312114171684e+06
1.050711951683269926e-06,1.036167228243783698e+06
9.741435555365522179e-07,1.148555427147823153e+06
7.328019340232849606e-07,1.633388395034937188e+06
1.001510747090422232e-06,1.243469313859113958e+06
1.496531052987495334e-06,9.901843384381696815e+05
1.872548943251799866e-06,7.905726111056749942e+05
2.636984116825918422e-07,1.730755156936544925e+06
3.171005101304281426e-07,1.727913813716478879e+06
5.419327487748452512e-07,1.527928122263396857e+06
7.646102234621160601e-07,1.125513149112442508e+06
5.634966084952142796e-07,1.693338401408255100e+06
8.916532607400390679e-07,1.176363526109753642e+06
1.161861586416610017e-06,9.266103619988360442e+05
6.931131876101286952e-07,1.595525378551433794e+06
1.013339142424186481e-06,1.160362054603631143e+06
1.847537189793520588e-06,7.205364093029295327e+05
1.613739749609744276e-06,1.030095716265691095e+06
2.567878207528895151e-07,2.866691315623068251e+06
3.500282882629689507e-07,1.927945795993251726e+06
3.436046154035901212e-07,1.889565722404857166e+06
1.781748335735644910e-07,6.109719734998157248e+06
4.651538130642997209e-07,2.289082539104741998e+06
4.784074132316383578e-07,2.204646829616728704e+06
4.713354022024384730e-07,2.430834019753505941e+06
5.277244910289278184e-07,2.225542316502434667e+06
4.543457490814280038e-07,2.735848391885857098e+06
4.418411712577142780e-07,2.965066913699431345e+06
8.453636776136849440e-07,1.854271351938623004e+06
8.398635767966521748e-07,1.867196144091611961e+06
2.088218756702882320e-07,8.383668784098732285e+06
3.745751681309697213e-07,1.636112372313512024e+06
3.337374269855894348e-07,1.860762960689898580e+06
3.138336406607032424e-07,2.954955284998432267e+06
4.173543058360812488e-07,3.065130605935908388e+06
3.581877541038755268e-07,2.737066527773460839e+06
3.857026932542477331e-07,2.519058639419692568e+06
3.977955711812541481e-07,2.585195278078595176e+06
4.784074132316383578e-07,2.204646829616728704e+06
4.651538130642997209e-07,2.289082539104741998e+06
4.125202794397717740e-07,2.577890228027371690e+06
5.030595004237612055e-07,2.454140253670462407e+06
8.431413489273434076e-07,1.859203166336532682e+06
3.067858033429014679e-07,1.723323972471750341e+06
3.914794159612805438e-07,1.469873353154950542e+06
4.025750820807442591e-07,2.245350604754718952e+06
3.581877541038755268e-07,2.737066527773460839e+06
3.857026932542477331e-07,2.519058639419692568e+06
3.058526397077790300e-07,3.166377211568691768e+06
4.119652529529238556e-07,2.383217997835412156e+06
2.842903933076780042e-07,3.446808853236473631e+06
3.971495015829666366e-07,2.808089601794884074e+06
4.394459508136914081e-07,2.526239394485451747e+06
4.390199384627416263e-07,2.538476631864585914e+06
3.067858033429014679e-07,1.723323972471750341e+06
3.914794159612805438e-07,1.469873353154950542e+06
3.953180183279674306e-07,1.503246719745138660e+06
3.735980358852084336e-07,2.194118154865413439e+06
2.746673385151551573e-07,3.730873318326039705e+06
4.390199384627416263e-07,2.538476631864585914e+06
4.980572708205693593e-07,2.229823271310320590e+06
4.204633640082546749e-07,2.639392563922261819e+06
4.279534797311617364e-07,2.704861636814225465e+06
4.629160915254447922e-07,2.502130755000642035e+06
4.769215311009132885e-07,2.449632564872932620e+06
2.741234782198135590e-07,1.995365097135714488e+06
3.399920210820179238e-07,1.651740234794984572e+06
3.953180183279674306e-07,1.503246719745138660e+06
2.999838609398686481e-07,1.985803804546465399e+06
3.393051368740392927e-07,1.780615784732608357e+06
4.204633640082546749e-07,2.639392563922261819e+06
4.279534797311617364e-07,2.704861636814225465e+06
5.217915258584278587e-07,2.219782125432660803e+06
4.371127242981646594e-07,2.704000810022440739e+06
4.783355695123443961e-07,2.441913231402502861e+06
2.812533022710232471e-07,2.274929646134837531e+06
2.741234782198135590e-07,1.995365097135714488e+06
3.399920210820179238e-07,1.651740234794984572e+06
5.499580327263427602e-07,2.016962001794625539e+06
5.423221819964358730e-07,2.034855303596679587e+06
4.577451002160290224e-07,2.451050647740466520e+06
5.058431578778971858e-07,2.208763997996384744e+06
5.861852339841951125e-07,1.979584128937100293e+06
5.363446648887862467e-07,2.169601069325029850e+06
5.621861373680945748e-07,2.178082093635302037e+06
4.764958462188748798e-07,2.689037532765050419e+06
1.417039446956928210e-07,1.623373325558237731e+07
1.480346170686664485e-07,7.908943639697639272e+06
3.348326440398767200e-07,1.539375798105572117e+06
4.315698275876135962e-07,2.515995051227172837e+06
5.423221819964358730e-07,2.034855303596679587e+06
5.058431578778971858e-07,2.208763997996384744e+06
5.499580327263427602e-07,2.016962001794625539e+06
5.113166659236244996e-07,2.161921880294178147e+06
5.363446648887862467e-07,2.169601069325029850e+06
5.861852339841951125e-07,1.979584128937100293e+06
5.621861373680945748e-07,2.178082093635302037e+06
4.971482600945216931e-07,2.442207289408477955e+06
3.348326440398767200e-07,1.539375798105572117e+06
1.614662983441522596e-07,3.200783121887756977e+06
1.468660304563165698e-07,4.462223641942957416e+06
3.466308462740939054e-07,2.383060531516437419e+06
1.260871118445131980e-07,7.527402599835824221e+06
5.263846231647812276e-07,1.904421434366789414e+06
4.109733602141689909e-07,2.772289106231137644e+06
5.900933319173027195e-07,2.027821431983052753e+06
6.790312363663732982e-07,1.830299715105913579e+06
6.248811543471458374e-07,2.127212761963838246e+06
1.141081305282966834e-06,1.456444188490034780e+06
1.546233378153891719e-07,4.083471055284810252e+06
3.161308871780767664e-07,2.798017777057304047e+06
6.006626168118821851e-07,1.639786797466734890e+06
5.487725434641445908e-07,1.667943597810156876e+06
7.394389862308791952e-07,1.291257272933872649e+06
8.451414632703635159e-07,1.144361136927312007e+06
6.851807432836266997e-07,1.422833197979595046e+06
7.355999680605345717e-07,1.381768687233338133e+06
6.766561084364388503e-07,1.520243353797468357e+06
5.210584325181269420e-07,2.534588242567718029e+06
7.205917770396311461e-07,1.798325306881108787e+06
1.148848405694593121e-06,1.288683079641851829e+06
7.394389862308791952e-07,1.291257272933872649e+06
4.965936981263134137e-07,1.910395669000589289e+06
5.199979273504858176e-07,1.808595968839318957e+06
6.851807432836266997e-07,1.422833197979595046e+06
4.132944043268910889e-07,2.397219341715031303e+06
4.010100046242562711e-07,2.450417322411301080e+06
6.089647603484728255e-07,1.618273664663059637e+06
6.766561084364388503e-07,1.520243353797468357e+06
6.623877072994011439e-07,1.527822575508034322e+06
7.355999680605345717e-07,1.381768687233338133e+06
8.814322611575907659e-07,1.142001394686838379e+06
6.508016276595100735e-07,1.572331539414293133e+06
2.782275471438460132e-07,2.722456309244988486e+06
3.365890540600302122e-07,2.615659242195108440e+06
4.792249617175724537e-07,1.750950348224859918e+06
1.062781919315468492e-06,8.464322115155068459e+05
4.130528185487988548e-07,2.279461267805138603e+06
5.199979273504858176e-07,1.808595968839318957e+06
4.965936981263134137e-07,1.910395669000589289e+06
6.825683291917941238e-07,1.416838873792564264e+06
8.498109547720754322e-07,1.137397789907870349e+06
5.881516622568273010e-07,1.749639757368336897e+06
7.332084837916594275e-07,1.431874275745650986e+06
2.685893006122084153e-07,2.905696685532971285e+06
4.833953970516476545e-07,1.668482191610320471e+06
1.036379201240406989e-06,9.049377560918540694e+05
1.058507454025983208e-06,8.866528625008006347e+05
6.825683291917941238e-07,1.416838873792564264e+06
9.384186310843421595e-07,1.010946960270534502e+06
1.023900874403430408e-06,9.521722159523797454e+05
8.498109547720754322e-07,1.137397789907870349e+06
9.715906592699877700e-07,1.021323686891488149e+06
1.057822236324983927e-06,9.584173370174305746e+05
9.386727013732147648e-07,1.095751932763108984e+06
4.210412350383566530e-08,5.527560705182975531e+07
5.360570119420410932e-07,2.099386353801675141e+07
1.058507454025983208e-06,8.866528625008006347e+05
9.056918960170096933e-07,1.093317842575464630e+06
9.715906592699877700e-07,1.021323686891488149e+06
9.829463659065110647e-07,9.957556114380251383e+05
6.638889343335850752e-07,1.513931164196219295e+06
9.936399863592864925e-07,1.025739768316415371e+06
9.386727013732147648e-07,1.095751932763108984e+06
1.057822236324983927e-06,9.584173370174305746e+05
9.034996666675932161e-07,1.189265372401869623e+06
1.199056538758138725e-06,1.000579283214882016e+06
1.356854377838647611e-06,9.814558486488100607e+05
3.981796335134230138e-07,3.667887235549706500e+06
2.746924098253261765e-07,1.576196030460559530e+06
3.183200777048172493e-07,1.756292714357845951e+06
6.486880714819729282e-07,1.399359152620454086e+06
5.902324300620306436e-07,1.500090288984419312e+06
9.508783755207222759e-07,1.076087892866199370e+06
8.655311125630900390e-07,1.300804398861775873e+06
5.735849708459624112e-07,1.995072881671294104e+06
7.383769836954541111e-07,1.525960335915017640e+06
6.653794881230695879e-07,2.079993790952204261e+06
1.186080222080480625e-06,1.249177087155147223e+06
1.390508607547538460e-06,1.065090923811042449e+06
2.701732945153947473e-07,6.070474656137960963e+06
2.746924098253261765e-07,1.576196030460559530e+06
3.183200777048172493e-07,1.756292714357845951e+06
2.442192144841360872e-07,4.564551476627568156e+07
3.576317679224665890e-07,2.361992855521832127e+06
4.978757783475126767e-07,1.998820011566367466e+06
5.423725212718950797e-07,1.876397590674986597e+06
5.486060414310101996e-07,1.973254392573693767e+06
3.920371178113390114e-07,3.187299182027373463e+06
4.669295931175491335e-07,2.645711587026330642e+06
8.356511215190610871e-07,1.566030548482889077e+06
7.736282349798630915e-07,1.913303935399050592e+06
3.324985923461960974e-07,1.516923755878085271e+06
2.886677971402967729e-07,1.939500888649617555e+06
5.595047848851999246e-07,1.487524048052010825e+06
5.466983548479652690e-07,1.799115472315363586e+06
4.978757783475126767e-07,1.998820011566367466e+06
5.662918937961294519e-07,1.731558246545415139e+06
5.423725212718950797e-07,1.876397590674986597e+06
4.143104697173688421e-07,2.577508307080272585e+06
4.229611990191618757e-07,2.621241018752881791e+06
5.116254785855308913e-07,2.187625323289871216e+06
7.391816472580321475e-07,1.714085557917887578e+06
4.470673883580766605e-07,1.152969468203229597e+06
4.851540524207590715e-07,1.180782085269814590e+06
3.633341970802810311e-07,3.089852776135987788e+07
5.662918937961294519e-07,1.731558246545415139e+06
5.525813454583105729e-07,1.725676632127900608e+06
5.466983548479652690e-07,1.799115472315363586e+06
3.056794971474345515e-07,3.114092583348736633e+06
4.855362306457524829e-07,2.108517458196902182e+06
8.078105842099616596e-07,1.332733531073794933e+06
8.947647873160159757e-07,1.235938681832314702e+06
7.187736532143531618e-07,1.853168968436777126e+06
4.851540524207590715e-07,1.180782085269814590e+06
5.171453698736754468e-07,1.109184303069315385e+06
7.665351234694675056e-07,9.997828777003057767e+05
8.121945813950828117e-07,9.991165423380123684e+05
6.045158179969488680e-07,1.356362309733681846e+06
4.883995570305526243e-07,1.939451551380293677e+06
8.078105842099616596e-07,1.332733531073794933e+06
8.876234823510025470e-07,1.267820332231924869e+06
8.947647873160159757e-07,1.235938681832314702e+06
6.460396294568687243e-07,1.957454067656605039e+06
1.399915926700364213e-06,1.120910356804387877e+06
5.716375250304958569e-07,1.542933393869046355e+06
5.983589943971932004e-07,1.601661231967718340e+06
5.656220424712992442e-07,1.758869542076027719e+06
5.353774101139011510e-07,1.925035954995583743e+06
6.339895602048712435e-07,1.625504183945821598e+06
5.900714500077245779e-07,1.766840758026572643e+06
5.382420721098686763e-07,2.024478102686256869e+06
7.705771955396298127e-07,1.547233364367281087e+06
9.321316112387188093e-07,1.297602163829987636e+06
8.012215709448607542e-07,1.551728004383478779e+06
1.106895652326348926e-06,1.144064745087139774e+06
9.510263088672598965e-07,1.332130994978919625e+06
1.025428703457798013e-06,1.298493849559651222e+06
1.423345934167159164e-06,1.100977045941009419e+06
6.228052147426091963e-07,1.090918660620196024e+06
7.263694436971986983e-07,1.053075925237357849e+06
6.208079765561953721e-07,1.251730940608754987e+06
6.994498566177526033e-07,1.134141027982733911e+06
6.780418829022144965e-07,1.161360418873882154e+06
8.729746294152460681e-07,9.116255284836011706e+05
5.142337577887291709e-07,2.094507038506651763e+06
9.510191799251603959e-07,1.202927881953637348e+06
1.233257879645134070e-06,9.961529485273712780e+05
9.233234085563105005e-07,1.374853086369231110e+06
1.892926185313345362e-06,7.827306959880351787e+05
3.257016462126156460e-07,2.825581490901331604e+07
3.680238007503142813e-07,1.415559055284295417e+07
9.176934146945901549e-07,1.227781600636384077e+07
8.239353261660641880e-07,1.084992640520093963e+06
9.266835732306255527e-07,1.016252636690210202e+06
1.097430993865823900e-06,9.133024234040681040e+05
1.338225871563423543e-06,7.732828816091081826e+05
1.005451906713194303e-06,1.158741476114014629e+06
1.908707207899885292e-06,6.958391994114689296e+05
2.045637297132549256e-06,6.861682068249721779e+05
1.365224908791190614e-06,1.088915069498726865e+06
4.402896306627999213e-08,4.842298708793715388e+07
3.326983412302268094e-07,2.837340550500386953e+07
3.118709599313146684e-07,3.232849720695148222e+06
5.780825368884691505e-07,1.542395159877042985e+06
7.215874667816022571e-07,1.374051465843550162e+06
8.650619422795796310e-07,1.155965156059548957e+06
9.183332137261395877e-07,1.206244662661709823e+06
1.116248473246986310e-06,1.033314098650395055e+06
1.005451906713194303e-06,1.158741476114014629e+06
8.816187418113829864e-07,1.392607264319463633e+06
1.037291873316695942e-06,1.266427609200076899e+06
2.119606611356734226e-06,6.606679388200729154e+05
1.365224908791190614e-06,1.088915069498726865e+06
4.937523601319470028e-07,7.846084165056537604e+05
8.385852751096764263e-07,5.625003549411096610e+05
9.982653344101660363e-07,5.740052654076162726e+05
2.026902514417122260e-06,4.857675654802376521e+05
2.144338277367667137e-06,4.551897230582242482e+05
1.334380527210120572e-06,7.999747503968060482e+05
1.335720791923396048e-06,8.299487897650192026e+05
1.765504835988339579e-06,6.407259160086915363e+05
1.868896450063378869e-06,6.017846616513929330e+05
3.065118245054145416e-06,5.116896197813842446e+05
8.113273634909914519e-07,5.830205074364354368e+05
3.063893722263619626e-07,2.110905600963224657e+06
1.587724549950935160e-06,5.229428220644094399e+05
2.136424184395625848e-06,4.107540398124451749e+05
2.289688898840211828e-06,3.941799612033369485e+05
1.791992523569243239e-06,5.216621757008018321e+05
1.394815401137797899e-06,7.969547570135171991e+05
1.404742110887823243e-06,8.238580382497763494e+05
1.674720960944963765e-06,7.073242423799701501e+05
1.460560415684999906e-06,8.595545949459796539e+05
2.894430424152094944e-06,5.414906720623783767e+05
2.865386454668724689e-07,1.697873263934889110e+06
8.314576027174358924e-07,9.278911501792335184e+05
6.637742235437140356e-07,1.370205912621598924e+06
7.695734840636883681e-07,1.185761520448490046e+06
5.976568252806352403e-07,1.465918733184493147e+06
5.596396687861865611e-07,1.813563480375240557e+06
7.776320721781980051e-07,1.266956926575856982e+06
1.252630680412577671e-06,8.426544120723766973e+05
8.458160849106851657e-07,1.181008927894094493e+06
1.349510257462293428e-06,8.881938329133426305e+05
2.440738032765746674e-06,6.065991890950989909e+05
3.183306387009947301e-07,1.764353940131388372e+06
3.377622382794264751e-07,8.289697852787662297e+06
4.513771062382478620e-07,2.183360285474367440e+06
5.270187923221790159e-07,1.946319512542112963e+06
4.782953822011507556e-07,2.116055836774816737e+06
6.797953231394998816e-07,1.577317106632339302e+06
5.478701332396343569e-07,1.920165004497694317e+06
4.699705999853169204e-07,2.298208173265615478e+06
5.924491550020787709e-07,2.018265977812079480e+06
6.232306804747342609e-07,1.999446171762857819e+06
7.905864208502893366e-07,1.603874610638407525e+06
1.006972302820367248e-06,1.394444405097698327e+06
1.121520358523935963e-06,1.396887826202694094e+06
3.183306387009947301e-07,1.764353940131388372e+06
4.072357348867042870e-07,1.924999156792415073e+06
5.336102416270368377e-07,1.549589118926316965e+06
6.080500146934271153e-07,1.375567084129406838e+06
4.859381055494441510e-07,1.862734897746943869e+06
4.599534479090258555e-07,2.054622471126558026e+06
4.513771062382478620e-07,2.183360285474367440e+06
4.782953822011507556e-07,2.116055836774816737e+06
3.793012402003642275e-07,2.744128479262673296e+06
7.239027885770402613e-07,1.753432086285820929e+06
3.814302225997291378e-07,3.445200634569027461e+06
3.113087186608881477e-07,2.056985012613893719e+06
2.524650374527170673e-07,2.939867704977428075e+06
4.360411660399133307e-07,1.977874026885686908e+06
2.692048721921120948e-07,3.164045165869824123e+06
4.983392904985322190e-07,1.745731795594474068e+06
4.599534479090258555e-07,2.054622471126558026e+06
3.957006591214584742e-07,2.520463618861447088e+06
4.461843563542125700e-07,2.611011855783948675e+06
3.523287735997252952e-07,3.550112128440422006e+06
4.858611556518184205e-07,2.729464614777051844e+06
7.220140432624727924e-07,1.847956211819058284e+06
2.854446319274098732e-07,1.306377113658699673e+06
3.154051055300229470e-07,2.684184282518902328e+06
5.186717778734502230e-07,1.779624935743023409e+06
8.339000638413783534e-07,1.147177864744002232e+06
9.687011592862245106e-07,1.045450987700343132e+06
7.317894924620237829e-07,2.344975095113632735e+06
5.857882466013848129e-07,1.955474772674320964e+06
7.511323747435630146e-07,1.561701345352047356e+06
9.038215486351224098e-07,1.313986334215232870e+06
8.717822750982213407e-07,1.426913562692045933e+06
1.594034624637212224e-06,9.829930562851798022e+05
1.934185891637594053e-07,1.072949924198619090e+07
2.569077634323551306e-07,1.821752766176393954e+06
2.092589145395255108e-07,2.050406241787888343e+06
1.900391001327710553e-07,2.748712771365472581e+06
6.159536450870504168e-07,1.786222381170428544e+07
7.852658106566250074e-07,1.422239094873788068e+06
6.973437968790614088e-07,1.641061365777325118e+06
1.173640622228104754e-06,1.136041986024833051e+06
7.187365404106395459e-07,2.028576454651136417e+06
1.298555271394880196e-06,1.076733356308769900e+06
1.421428807358995066e-06,1.108842120174922515e+06
1.501525081571874900e-06,1.110159097368363757e+06
1.319915651611215404e-07,1.331371300961147249e+07
1.313776808570451720e-07,1.143190280092753470e+07
1.723787383799959874e-07,5.103537874638577923e+06
1.822310884891400739e-07,5.139626200274728239e+06
1.833491571554196105e-07,4.708614609131718054e+06
2.130442919686786660e-07,4.640347536202222109e+06
2.187189744533767934e-07,4.867455919624119997e+06
2.224455953569606931e-07,4.743096649098443799e+06
3.116994368705650949e-07,3.840178787878416013e+06
1.767721489921719870e-07,7.270553296687909402e+06
4.591596576710223231e-07,3.033502276023974642e+06
5.208289738112838350e-07,3.192031450911984313e+06
2.033281968809003972e-07,2.637156841510241386e+06
9.381474278211205453e-08,3.983825837911507487e+07
5.058303983156487716e-07,1.644263118026916403e+06
2.926852493659077842e-07,3.115459618943342473e+06
3.850198248852068026e-07,2.446824542288348544e+06
5.750345787063458221e-07,1.756230999359636102e+06
6.724798145969880378e-07,1.519455949065490160e+06
5.201423889957673050e-07,2.146350550853794441e+06
5.661464800812066503e-07,2.098478355858146213e+06
8.758846632687106208e-07,1.318711828675241210e+06
1.049372849529434493e-06,1.411004115211595083e+06
3.078356155527888529e-07,2.385314592131611891e+06
6.913560300353081613e-07,1.198884246378267184e+06
7.742188104122925242e-07,1.165575187046937877e+06
3.986528678680071873e-07,2.327929580030211248e+06
4.234644030112436663e-07,2.297326589111090172e+06
4.581730026199866292e-07,2.133780643639644142e+06
2.953015811650059042e-07,3.368361836572463159e+06
5.011483990680036962e-07,2.109150879969642963e+06
6.830951579237063468e-07,1.602494534082267201e+06
5.687752699326831510e-07,1.981747708939067088e+06
6.057649226589220769e-07,1.907539423629159806e+06
9.651991022868424256e-07,1.533445116825659992e+06
3.540042475124549007e-07,2.225441372875479516e+06
2.896839690690931477e-07,2.810553966065039393e+06
6.267573238905358041e-08,1.392528936642452516e+07
2.886293874239417479e-07,3.282176486239488237e+06
3.655305859318081564e-07,2.775244521494933404e+06
4.025019658944925660e-07,2.681846104798931163e+06
3.348620041126580677e-07,3.277733428133230656e+06
4.308379770936982873e-07,2.497966613399451133e+06
3.565535296640546564e-07,3.308668833069253713e+06
4.706148746002393121e-07,2.588527611458124127e+06
2.438857647936072789e-07,5.560836818159901537e+06
6.855563603285195417e-07,2.049541091469631530e+06
6.490804937760595547e-07,2.165381551014648750e+06
1.691429450084617601e-07,3.289516362585065886e+06
1.464291999140735150e-07,4.198270736194024794e+06
2.886293874239417479e-07,3.282176486239488237e+06
6.267573238905358041e-08,1.392528936642452516e+07
2.846908638379343285e-07,3.408033602514589671e+06
2.489139025553096021e-07,4.115900016743401997e+06
3.655305859318081564e-07,2.775244521494933404e+06
3.896130028117623267e-07,2.759193873863853980e+06
2.355574500266760726e-07,4.734365935763103887e+06
3.850931998221185054e-07,2.936979906587532256e+06
6.482804645578861486e-07,2.288111243356440682e+06
2.268650155873535452e-07,7.729292857180702500e+06
1.691429450084617601e-07,3.289516362585065886e+06
1.464291999140735150e-07,4.198270736194024794e+06
2.277834190247854084e-07,3.819133244243597612e+06
6.028687427615119883e-08,1.255319208677876927e+07
2.640535073428301284e-07,3.700202112484647427e+06
3.338993117039277177e-07,3.003855960003437474e+06
2.489139025553096021e-07,4.115900016743401997e+06
2.355574500266760726e-07,4.734365935763103887e+06
2.593019959967592918e-07,4.291042477144692093e+06
3.357038572347393892e-07,4.016862233852243051e+06
7.826114475113448428e-07,1.849877776703885291e+06
8.095290619164264443e-07,2.191974822571152821e+06
2.867365890197823486e-07,2.483963010855644010e+06
2.803254893645343047e-07,4.011558892706435174e+07
6.028687427615119883e-08,1.255319208677876927e+07
8.681725316790986010e-07,1.133897980275248876e+06
8.756508540336188008e-07,1.218983880475582555e+06
6.352103035985084734e-07,1.743362540568178520e+06
2.354056593903411222e-07,4.771919398570537567e+06
7.741280867134363196e-07,1.492005025702729356e+06
7.416642748673437694e-07,1.564304159108153777e+06
7.313126196311141107e-07,1.638462142253762577e+06
7.597220506050933924e-07,1.630471135622029193e+06
7.012840729447720704e-07,1.856905151723044692e+06
1.249057116825502968e-06,1.330410254017730709e+06
5.744262848063460465e-07,1.451539604963001097e+06
7.138225585242310570e-07,1.336194989025142975e+06
6.743993384527579415e-07,1.397178835246219300e+06
8.002868193793699932e-07,1.212795003428505035e+06
8.681725316790986010e-07,1.133897980275248876e+06
9.074837862455089458e-07,1.080009663883922854e+06
9.010586395015610665e-07,1.132337217812207993e+06
8.756508540336188008e-07,1.218983880475582555e+06
7.783786348424423799e-07,1.428236466796774184e+06
7.369376269670043622e-07,1.501185078019808047e+06
7.416642748673437694e-07,1.564304159108153777e+06
7.552744816871139359e-07,1.618716229994305177e+06
3.744022249439543598e-07,4.650933503685843199e+06
7.337132385781142968e-07,9.968292038364271866e+05
4.274313738408488267e-07,2.627916576151693240e+07
7.075881898261007980e-07,1.141396859752143966e+06
4.172657668274999676e-07,2.218613943058719393e+06
7.138225585242310570e-07,1.336194989025142975e+06
8.002868193793699932e-07,1.212795003428505035e+06
4.983576335502598270e-07,2.049814431039962918e+06
3.895191067787123776e-07,2.868580259407558013e+06
7.469415051129707928e-07,1.490811702909744810e+06
7.481340590003438654e-07,1.562742585888065398e+06
8.614476501689507532e-07,1.389919097793385386e+06
7.759724674624011440e-07,1.718435518699008506e+06
5.174137343817378091e-07,1.692861885519313859e+06
6.056101688160883011e-07,1.496082829994578147e+06
7.458140814308139403e-07,1.267840246299857041e+06
9.519328510337558449e-07,9.973856413862239569e+05
7.998997135160433622e-07,1.216421747796681244e+06
9.907826659592228989e-07,9.864308278375494992e+05
6.295268591069160862e-07,1.614088323543138104e+06
6.520263861167673717e-07,1.538178257126430282e+06
5.495938334685274545e-07,1.952304498522227863e+06
6.319948740029348452e-07,1.679285850639219396e+06
8.135090757818431903e-07,1.591610912813869072e+06
1.332773875538249803e-06,1.053316225464959396e+06
1.753720760342735220e-07,1.003677854507383332e+07
5.773013398618674070e-07,6.771386906257879920e+06
8.735756902193046656e-07,9.430853936761536170e+05
9.718577356681413469e-07,9.144692584406677634e+05
8.554109245853549542e-07,1.038068700891836546e+06
1.045548749702979646e-06,8.853654252075935947e+05
9.519328510337558449e-07,9.973856413862239569e+05
1.108736892691833922e-06,8.423010805516213877e+05
9.907826659592228989e-07,9.864308278375494992e+05
1.399603246516315532e-06,7.661119160050022183e+05
9.922834195582460670e-07,1.323105258531408850e+06
1.063923129512937565e-06,1.222109199007855263e+06
1.904711189662577321e-06,7.761033189472676022e+05
4.101004902726138254e-07,1.202385880120174726e+06
1.007688436062314001e-07,5.504516570970845409e+06
4.571634254759038024e-07,2.461496925994060934e+07
7.257583985688512013e-07,1.305022396080685779e+06
7.096868218671189637e-07,1.450520369514995720e+06
9.871887271303426231e-07,1.081578309086100897e+06
7.859217698782321856e-07,1.361836135716812219e+06
9.867462797548796469e-07,1.127951396267943783e+06
7.135771095988310214e-07,1.929478794609202305e+06
7.797967050329241109e-07,1.762698063016403001e+06
1.118489696386118766e-06,1.257442068252615165e+06
1.377476318034643655e-06,1.137021448488603812e+06
4.096106290389503652e-07,1.530448956433617743e+06
5.801429872557121940e-07,1.373935977088852786e+06
4.757509402725390219e-07,1.755657246292548254e+06
6.361478635681487448e-07,1.362884504022957059e+06
7.456386191226273073e-07,1.241580387092754012e+06
8.686426694868205614e-07,1.076102902409653412e+06
4.967882589988826853e-07,1.860378704327707877e+06
9.567846936183558086e-07,1.072323818261837820e+06
9.942814141207852845e-07,1.066340852460796479e+06
8.596006495165188049e-07,1.509581628396485699e+06
1.360181668744899736e-06,1.087764290881682886e+06
3.199048282242015111e-07,5.052347585288404487e+06
4.399158658617902398e-07,1.356226357556418050e+06
4.096106290389503652e-07,1.530448956433617743e+06
4.757509402725390219e-07,1.755657246292548254e+06
4.967882589988826853e-07,1.860378704327707877e+06
8.496104104973969644e-07,1.141847307693320792e+06
7.166714730105203817e-07,1.392943054999153828e+06
4.791915509798145228e-07,2.084939060422563227e+06
8.771915423979593360e-07,1.284883000094230287e+06
7.548786764695388527e-07,1.576525311670573894e+06
8.531462543473886496e-07,1.411056613205496455e+06
7.840416668892554022e-07,1.670660777607050957e+06
1.461794652832661342e-06,1.012494349213671288e+06
1.083053610857717546e-06,8.092107859473800054e+05
4.805495639788984026e-07,1.924201318470785860e+06
1.071811270264035060e-06,8.838074444323468488e+05
8.496104104973969644e-07,1.141847307693320792e+06
4.585799282351168357e-07,2.081485337970287306e+06
4.170226492719186844e-07,2.403159487442832906e+06
7.166714730105203817e-07,1.392943054999153828e+06
7.452131898112779542e-07,1.413670327250256203e+06
9.155888088505370420e-07,1.175662190999784274e+06
8.078012224665561298e-07,1.426386378346106736e+06
7.122312356046606624e-07,1.755576946031524800e+06
9.617020817866770526e-07,1.392100030715852277e+06
1.450263034892262030e-06,1.021280659847071860e+06
4.646603678564354242e-07,1.646615388203304028e+06
4.086874011997072716e-07,1.911545350447467295e+06
5.615775231210764160e-07,1.439516261538083665e+06
4.978537124830870765e-07,1.791977049904049607e+06
5.536731056255176795e-07,1.562740528541357024e+06
5.110033926524388594e-07,1.927590443689585431e+06
3.986899720932513755e-07,2.620859046518570278e+06
8.566232145869954363e-07,1.328346315889096120e+06
6.963569503317901347e-07,1.665270665836548433e+06
9.910492758127503880e-07,1.282608523346820381e+06
7.961523425569320153e-07,1.593123361546840519e+06
1.557498600147102221e-06,8.994100736505930545e+05
2.980628526902799508e-07,2.209092694451873656e+06
4.646603678564354242e-07,1.646615388203304028e+06
5.615775231210764160e-07,1.439516261538083665e+06
3.472840085254021533e-07,2.680789895066396333e+06
4.207549389063260722e-07,2.360180182951111346e+06
4.995991102678538419e-07,1.939965472635744605e+06
4.034248984232829323e-07,2.548176951885126531e+06
3.959955008495793207e-07,2.855327161908197682e+06
4.554372227741422566e-07,2.468621885794193950e+06
3.749832663632452377e-07,3.036745544247288257e+06
6.404497576548065618e-07,2.192707349138733931e+06
7.061853989595415623e-07,1.985400585101999342e+06
1.974488946425045033e-07,4.808681391199734062e+07
1.130901767735351494e-07,1.420933558253383078e+07
4.363127807703608948e-07,2.180709106682077516e+06
3.040471923949472214e-07,2.919774106454854831e+06
3.666217279091954789e-07,2.604529178808749188e+06
4.306828820924356084e-07,2.331698479803604074e+06
4.859770341445077405e-07,2.086571536509384634e+06
4.727453034220031993e-07,2.163148047723882832e+06
4.315738687289256325e-07,2.395214326208486687e+06
3.550291405293169509e-07,3.365359968677864410e+06
6.977620209977135354e-07,2.122737234124904498e+06
7.380510597536259636e-08,3.078949504576764628e+07
1.974488946425045033e-07,4.808681391199734062e+07
6.472893577684389221e-08,1.020942667998240143e+08
3.666217279091954789e-07,2.604529178808749188e+06
6.272432823797192498e-07,1.587412824957779376e+06
7.602419698131539910e-07,1.324999519473093096e+06
4.727453034220031993e-07,2.163148047723882832e+06
4.715309723227962291e-07,2.256360325682946946e+06
7.312980632517460849e-07,1.807661305652731098e+06
8.522512849759184042e-07,1.531743206732882652e+06
7.990888946366914281e-07,1.808680365282521117e+06
7.753907544961849578e-07,1.874292005460169166e+06
1.401658514730433702e-06,1.184027892125344137e+06
1.470767879459552448e-06,1.128898591596641578e+06
5.004109319338907311e-07,3.484472831880980637e+06
7.656110777681600720e-07,6.537157726806178689e+05
5.539451579625646565e-07,1.632470929045975208e+06
7.677516196880583354e-07,1.216949262457097648e+06
9.496072046315298321e-07,1.018342395372248138e+06
9.499229312385055950e-07,1.083762922739177244e+06
1.576854783595052161e-06,6.605565057259108871e+05
1.034597846955339908e-06,1.029562036336229416e+06
1.057570666118688950e-06,1.007865354759563692e+06
1.025042805373502020e-06,1.082608110633960459e+06
9.287911751263574846e-07,1.190052584141372703e+06
1.286776452821587475e-06,9.408876579486205010e+05
2.527616529881939473e-06,5.547568853115029633e+05
6.958986827782855971e-07,1.439918184793205187e+07
9.743538776925441116e-07,6.367285449818114284e+05
7.338074947611172767e-07,9.625427087881239131e+05
1.113081969014760721e-06,7.085739934412060538e+05
1.314391443799919121e-06,6.455113557733744383e+05
1.122591745369345619e-06,9.943796516796587035e+06
1.600487722262896900e-06,6.469440835147978505e+05
1.576854783595052161e-06,6.605565057259108871e+05
2.527616529881939473e-06,5.547568853115029633e+05
2.477754166027749845e-06,5.662653073024466867e+05
3.611483508764252798e-07,1.680612142924653599e+06
4.940143976915474269e-07,1.267552313485245686e+06
6.695015865398365856e-07,1.762549775855455082e+06
7.942990670517007363e-07,1.133379522342812503e+06
6.764056071539022924e-07,1.376640939710023813e+06
1.039950274301546726e-06,9.217598806948445272e+05
5.632077041564338114e-07,1.770450427516327705e+06
1.204589670730528736e-06,8.385387934300911147e+05
1.562547429718668138e-06,7.531102504486404359e+05
1.315587323876690344e-06,9.506239549170414684e+05
2.519602504623603616e-06,6.222595319627173012e+05
9.925546012291384974e-07,1.660048135320296045e+06
8.223345315942497854e-07,5.504825989183023339e+05
6.570509416606248675e-07,6.822614138794509927e+05
1.276357624452965889e-06,4.235462060619201511e+05
3.415043787319172853e-07,1.645865671007001540e+06
2.055332500782886068e-06,4.998670057905210997e+05
2.497844537459782744e-06,4.531896495335487416e+05
2.201723673151274824e-06,5.021167546492736437e+05
2.325161019075767032e-06,5.119990126080590999e+05
1.977011636393445690e-06,6.940782932379398262e+05
4.092594559935814556e-06,4.317864421021242160e+05
1.165423663965042493e-06,4.886208730487328139e+05
1.444941049607123849e-06,4.642241881272890605e+05
1.768691677972580263e-06,4.427530793189086835e+05
2.052139650412139397e-06,4.092387783565031714e+05
2.929110402993248493e-06,3.226058132581486134e+05
2.886394204744041527e-06,3.280523724906097050e+05
2.055332500782886068e-06,4.998670057905210997e+05
2.201723673151274824e-06,5.021167546492736437e+05
1.909808999000195713e-06,5.989518616502071964e+05
2.430519623902095162e-06,4.615771349636433879e+05
3.878597520695530007e-06,3.617356996869522845e+05
5.583251527103728506e-07,8.854549905518258456e+05
8.721149794862701811e-07,7.214230366081640823e+05
1.115639084894085696e-06,6.068507682801078772e+05
7.543600313015475340e-07,1.027115221325694816e+06
8.292602260952644999e-07,9.821203166779855965e+05
1.238198095310016211e-06,9.124445313718494028e+06
1.142213635157392551e-06,1.014486370978406165e+06
2.532616513879015833e-06,5.874566221234583063e+05
2.644122455970296200e-06,5.621018995672122110e+05
3.327178717225104376e-06,4.482791211697941762e+05
3.776401163377181704e-06,4.157887704446827411e+05
3.068666695117663296e-07,2.551337441935527604e+06
4.450639458779627853e-07,2.511089277982411906e+07
4.756760152353927113e-07,1.840471576129110763e+06
6.186202281896653906e-07,1.376135700638498412e+06
4.445180838556567423e-07,2.046343680455806199e+06
6.131496092224191712e-07,1.464444356878742576e+06
6.166306486125756616e-07,1.571475237847963115e+06
6.579563027021843601e-07,1.647345366704090731e+06
6.439866661549672328e-07,1.797735271691774018e+06
4.920389784259985474e-07,2.409506031786205713e+06
1.148151101989607059e-06,1.222199847812066320e+06
1.027789617095138166e-06,1.452711063525521196e+06
4.802027320697437756e-07,1.301153520120775793e+06
2.889155909656242959e-07,2.881936576800018549e+06
4.756760152353927113e-07,1.840471576129110763e+06
6.131496092224191712e-07,1.464444356878742576e+06
9.147014132067871547e-07,1.285174446986769559e+06
5.430967928369449395e-07,1.963677550471380353e+06
1.090306533044409352e-06,9.736438189921712037e+05
6.260397996226001048e-07,1.775570297489365796e+06
1.002905177124352060e-06,1.099533642419795506e+06
5.545817905652640113e-07,2.004380187075468013e+06
9.212279799961056890e-07,1.271060359707471216e+06
6.051766782892061020e-07,2.014494859955637716e+06
6.799050576436951385e-07,8.503011676841618028e+05
9.277824290244413841e-07,1.068452107877770904e+06
1.014219009002640404e-06,1.001823689505467191e+06
1.104811920887343491e-06,9.207285364699704805e+05
1.050283089970154573e-06,9.695076781251833308e+05
1.002877969804007467e-06,1.023336327481055399e+06
1.082230917532944251e-06,9.439521791206585476e+05
1.106611833459300399e-06,1.001812124931596452e+06
8.749488921323935663e-07,1.285690395805859007e+06
1.002905177124352060e-06,1.099533642419795506e+06
1.050959454725872362e-06,1.059973586593247717e+06
4.823450983886311376e-07,2.506200048605512362e+06
3.577550778864608795e-07,5.474424572253891267e+06
3.631452901599329826e-07,1.465200428565111943e+06
4.314331628784565210e-07,1.283216212376222014e+06
6.340303125915168168e-07,1.326885440789945656e+06
9.277824290244413841e-07,1.068452107877770904e+06
1.014219009002640404e-06,1.001823689505467191e+06
1.002877969804007467e-06,1.023336327481055399e+06
1.104811920887343491e-06,9.207285364699704805e+05
1.082230917532944251e-06,9.439521791206585476e+05
6.594278401891726020e-07,1.621048545807145303e+06
7.335886072310988800e-07,1.433344249778873520e+06
1.229179466740131746e-06,9.843273319515963085e+05
3.631452901599329826e-07,1.465200428565111943e+06
4.314331628784565210e-07,1.283216212376222014e+06
6.052736856040178112e-07,1.333245937998186564e+06
8.311763096666795291e-07,1.144831740562465740e+06
8.668693415910741733e-07,1.130935744264933979e+06
6.575462848031025646e-07,1.530013131617212202e+06
5.391714546953498441e-07,1.926714389963799622e+06
5.774279982930139951e-07,2.144505984218938276e+06
6.724155929664010981e-07,1.850879048632364720e+06
7.185818918421684870e-07,1.807536656435607467e+06
9.471719704178987160e-07,1.400384536399255740e+06
1.213778159695547880e-06,1.291528287358334521e+06
3.088202920448734587e-07,1.629335972973320168e+06
2.179709981807638251e-07,2.733498372259625234e+06
4.020240682339330654e-07,2.396790724235951435e+06
8.311763096666795291e-07,1.144831740562465740e+06
5.777050188197639752e-07,1.650579231093280483e+06
8.668693415910741733e-07,1.130935744264933979e+06
4.973753889519919461e-07,2.082171274194579571e+06
7.026039417384032553e-07,1.640281518302281154e+06
7.569242816626009420e-07,1.628847199431837071e+06
6.338620912698940264e-07,2.068277361742705107e+06
5.402426236727605353e-07,2.392050991706347559e+06
1.208027128902976571e-06,1.297993506748699350e+06
2.179709981807638251e-07,2.733498372259625234e+06
6.422228924696000670e-08,1.298454152355088443e+08
3.188050515779800003e-07,2.835887375491917133e+06
2.781478380997365727e-07,3.703644741929876152e+06
3.758709829456772450e-07,2.808270342911305372e+06
4.560967443795526137e-07,2.485210743277831003e+06
4.402206289026246814e-07,2.581163607724116184e+06
3.320557159870732658e-07,3.454316821515894029e+06
3.022791505394180213e-07,3.634720124580934644e+06
4.295681617062251024e-07,2.776759538782927208e+06
3.780011353659445023e-07,3.647354692256331444e+06
8.060623080942524934e-07,1.836196674837914994e+06
7.707826601451443744e-07,1.918477576772558736e+06
7.866249596341113385e-08,1.730579137652219459e+07
1.463756753731800044e-07,4.102714633795547299e+06
3.188050515779800003e-07,2.835887375491917133e+06
2.803341741078953447e-07,3.453512963328355923e+06
3.758709829456772450e-07,2.808270342911305372e+06
3.272445513792688511e-07,3.249623968505855650e+06
4.623712211058745251e-07,2.346876349946214817e+06
2.955492136652782322e-07,3.650300285636434332e+06
3.307008036633411648e-07,3.348091548257369548e+06
4.295681617062251024e-07,2.776759538782927208e+06
7.978618400911180636e-07,1.965440437281249324e+06
1.842393355124818368e-07,1.134822596218987368e+07
1.619542866326368653e-07,3.934633607936270535e+06
1.295283770773187403e-07,5.497091660954221152e+06
2.216316209963018117e-07,3.682724061755258590e+06
2.453867317445230108e-07,3.883746262502586469e+06
2.803341741078953447e-07,3.453512963328355923e+06
2.440701047018960698e-07,4.054288780997650232e+06
2.955492136652782322e-07,3.650300285636434332e+06
3.150765731423897812e-07,3.373781372496383265e+06
2.384630176061844406e-07,4.681364935758356936e+06
2.411051061507603781e-07,4.620860792235031724e+06
3.434367883427461700e-07,3.224390219956722576e+06
9.364161445110597956e-08,1.594710967027841508e+07
1.183539302669462844e-07,2.577057205176797509e+07
1.328101945274282505e-07,4.474725092458060011e+06
2.096023545169249246e-07,4.412350822444476187e+06
2.453867317445230108e-07,3.883746262502586469e+06
2.440701047018960698e-07,4.054288780997650232e+06
2.627463211391413500e-07,3.621127482900059782e+06
1.446110565804596234e-07,6.230747887979131192e+06
1.795709556929854566e-07,5.499586327362557873e+06
4.181038687983589605e-07,2.469512131062178407e+06
2.384630176061844406e-07,4.681364935758356936e+06
2.411051061507603781e-07,4.620860792235031724e+06
1.489912402519169797e-07,2.392524162167444825e+07
8.016908270489653167e-08,1.220622140728397071e+08
2.762365748156964377e-07,2.667641418339019641e+06
3.731933478542833773e-07,2.259749809082683641e+06
3.755216543284510358e-07,2.239183822364783380e+06
2.914984469484559947e-07,3.639262211330187507e+06
3.459599147113125550e-07,3.277271558689009398e+06
3.528618414379823198e-07,3.376256443595137447e+06
3.463511481999460544e-07,3.603815922428075224e+06
6.200465357389817460e-07,2.257263267462281976e+06
6.358311889483655813e-07,2.464325460282004904e+06
3.913330350922654416e-07,2.077203233361167135e+06
3.731933478542833773e-07,2.259749809082683641e+06
4.329994949495345122e-07,2.029307305043252883e+06
4.635285627617743103e-07,1.881407930012643104e+06
3.899111219705520218e-07,2.222320756770317908e+06
5.370890879344300423e-07,1.733268441950210370e+06
4.373671341197952191e-07,2.170268964851048775e+06
5.067409508504400861e-07,1.909021230548132444e+06
4.991780408261378995e-07,1.935346870595535729e+06
4.814607506128787280e-07,2.139169701930210926e+06
5.236160823818287426e-07,1.938688818088140804e+06
2.076581528494077773e-07,6.641146978305620141e+06
3.275129109914722549e-07,1.560192824991264846e+06
3.540350497270356946e-07,2.576312291449590120e+06
4.318220565152293416e-07,2.145108159854401834e+06
5.370890879344300423e-07,1.733268441950210370e+06
4.009446480193910871e-07,2.325052863603980280e+06
4.991780408261378995e-07,1.935346870595535729e+06
4.547221899816931180e-07,2.165462670752433129e+06
5.067409508504400861e-07,1.909021230548132444e+06
5.236160823818287426e-07,1.938688818088140804e+06
2.952198054248652147e-07,2.262426418294505682e+06
2.006311185562414770e-07,3.240537350057595875e+06
2.459922072437712183e-07,2.617123384475994390e+06
2.553477386812892662e-07,4.084032291695821099e+06
3.420259400725385142e-07,2.881059551902567036e+06
3.425332080833257818e-07,2.985046031460130587e+06
3.116712886396047408e-07,3.426967090486555826e+06
3.002109852002764265e-07,3.722617089961950667e+06
3.418224905955753938e-07,3.278876444350307807e+06
3.421012671145711750e-07,3.277920077113222331e+06
3.045258885274173472e-07,4.275932389574389905e+06
5.313853974961138419e-07,2.785833189280796330e+06
2.687936127317728729e-07,1.951164213968219003e+06
3.667173560900725126e-07,1.432582314006660366e+06
3.249432094586013100e-07,1.888419997043036390e+06
1.521023160972732662e-07,5.490524320884334855e+06
3.420259400725385142e-07,2.881059551902567036e+06
3.425332080833257818e-07,2.985046031460130587e+06
2.495950831525822545e-07,4.389003788627520204e+06
4.511374479957461035e-07,2.939472850264185108e+06
6.629261237626080477e-07,1.968530191632056143e+06
5.109098778381181281e-07,2.690422638483673800e+06
1.177056908743406394e-06,1.330268582088370807e+06
9.298036848415283953e-07,1.683605982924367534e+06
2.843084991962508543e-07,3.477350486665060371e+07
3.249432094586013100e-07,1.888419997043036390e+06
1.431018511198899122e-07,6.681412169340752997e+06
5.948351963906059501e-07,1.742391714064669563e+06
6.788844010992936803e-07,1.492465483322161483e+06
4.546584826102783136e-07,2.418119666411698796e+06
5.800147545414643329e-07,2.032998610384376254e+06
4.842549151809598014e-07,2.437889266651082318e+06
7.004777142665465006e-07,1.768630978267196100e+06
5.189102225499608543e-07,2.524956287862821016e+06
5.837172694182103232e-07,2.375551160910846666e+06
9.797855117909798893e-07,1.598770251033172011e+06
1.172037948062788196e-06,1.336303635144304484e+06
3.730604795045279460e-07,2.766594265962186735e+06
5.825441816282258080e-07,9.418359296131875599e+05
7.088482953069104840e-07,1.325031090565602994e+06
1.196345813000577406e-06,7.864663545453314437e+05
1.121186808994900929e-06,8.429402499407801079e+05
6.515367650150108936e-07,1.454706955736807548e+06
9.354839709775881054e-07,1.021994628901918302e+06
1.006076377094428033e-06,9.727559062394485809e+05
1.015976188571160787e-06,9.998449485295467312e+05
6.240169588651995558e-07,2.106985714852294419e+06
7.092446437655715366e-07,1.593712961826136149e+07
1.172753332258859125e-06,7.011894516589677660e+05
8.278442980867861556e-07,1.053362518504489446e+06
9.486568206639665533e-07,9.318795739610405872e+05
7.719598481056818819e-07,1.140597290405293228e+06
1.148872657645836728e-06,7.902480880151705351e+05
1.121186808994900929e-06,8.429402499407801079e+05
1.073124235703340240e-06,8.683739348183865659e+05
8.479229209890348341e-07,1.149687947000579908e+06
7.983790353122237820e-07,1.285128806544882711e+06
4.009009009535501782e-07,4.334244000946196727e+06
5.504560946941380336e-07,1.083579919995204546e+06
3.999214938507440234e-07,1.938641065667897696e+06
4.664242541301815952e-07,1.669379188046535943e+06
1.002048266966214995e-06,8.176868088624409866e+05
5.641941997858112687e-07,1.664013061521173920e+06
8.479229209890348341e-07,1.149687947000579908e+06
7.347851950670308167e-07,1.308876286189983366e+06
7.983790353122237820e-07,1.285128806544882711e+06
6.638783381297012773e-07,1.705059452190747252e+06
5.758778619283020681e-07,2.066712338612798369e+06
1.155788189898552929e-06,1.213170958225483540e+06
3.999214938507440234e-07,1.938641065667897696e+06
4.625791153766740919e-07,1.730667096117842477e+06
3.799042846150651755e-07,2.996401338773264736e+07
4.828692357800326011e-07,1.667082602000006940e+06
5.303268637894752196e-07,1.575325251271738438e+06
4.718705904935462714e-07,2.168411411505524069e+06
5.714674140341942014e-07,1.806619720786701888e+06
5.003650314355342837e-07,2.272989733778160997e+06
4.900213760139756251e-07,2.535359947049891576e+06
8.697858358459202512e-07,1.456036179871243192e+06
9.533013092145924390e-07,1.389485348123152507e+06
9.128317910944893713e-07,1.535767687719501555e+06
2.191050778805033916e-07,3.012219767898455262e+06
3.684002338877504975e-07,3.077241384706151858e+07
6.299763187220450481e-07,1.395817312966732075e+06
6.473135885765676871e-07,1.399709885231680237e+06
4.337231995722094606e-07,2.224474958636334166e+06
3.178737087969193854e-07,3.070956359453616198e+06
2.237278569629508723e-07,4.477992334127513692e+06
5.714674140341942014e-07,1.806619720786701888e+06
4.512595229696303176e-07,2.687702155067307875e+06
3.779405360386978585e-07,3.296924315570331179e+06
7.403801240295615983e-07,1.707772132518873317e+06
8.762465404262226614e-07,1.519936955286367331e+06
2.088495388560566662e-07,3.494041696174902376e+06
2.066112126857865651e-07,3.613692309532556683e+06
1.061201117751208482e-07,6.781994878254335374e+06
4.511580063894057596e-07,1.843371970086355694e+06
2.330161759565964734e-07,4.132041034933516290e+06
4.162825179689639134e-07,2.418079730747812893e+06
3.178737087969193854e-07,3.070956359453616198e+06
2.715111440580675443e-07,4.076904501547422726e+06
3.056970130519882967e-07,4.074936865073787514e+06
4.515517338852790028e-07,2.818059566947703250e+06
7.456619343698207215e-07,1.784693495500257239e+06
5.520896074563872477e-07,2.678867319002825301e+06
1.897630356706115994e-07,4.268942329841330647e+06
5.562457502503443030e-07,1.421759899076178670e+06
1.070608584504778460e-07,6.942911856242554262e+06
3.526221456432209276e-07,2.448328988180645276e+06
4.299909661604231279e-07,2.095495004031613469e+06
4.229966924580881567e-07,2.143276680776697583e+06
3.928828259375485676e-07,2.402805215991799720e+06
3.970282289621782156e-07,2.514317331477232743e+06
4.769208111325154877e-07,2.248429459544848651e+06
5.290450562663857225e-07,2.001355251144363778e+06
4.710973841700313984e-07,2.242179706388173625e+06
4.235160691232202693e-07,2.122896973247918766e+06
4.193864925534636416e-07,2.127908647175021470e+06
4.984824286181170727e-07,1.803371126709139440e+06
5.163712401378950670e-07,1.803247465687118471e+06
3.970282289621782156e-07,2.514317331477232743e+06
3.976689372950542876e-07,2.478977411801639944e+06
4.974019680424702708e-07,2.050858279460978461e+06
4.731326937153992928e-07,2.265769878973194864e+06
4.710973841700313984e-07,2.242179706388173625e+06
5.290450562663857225e-07,2.001355251144363778e+06
4.769208111325154877e-07,2.248429459544848651e+06
4.385524439713454489e-07,2.410399085508027580e+06
1.691463241239202142e-07,2.871839280507370364e+06
1.060589355461227716e-07,6.632223781477097422e+06
4.974019680424702708e-07,2.050858279460978461e+06
3.580749936531363949e-07,2.951824494552308694e+06
3.266482917053278536e-07,3.313108657387424260e+06
4.731326937153992928e-07,2.265769878973194864e+06
4.192295101085653761e-07,2.541231701146520674e+06
4.230002356886882058e-07,2.624076254435127601e+06
3.883388656696377857e-07,2.824633281146539375e+06
3.198080052969940165e-07,3.587988949828465469e+06
3.804723701667210047e-07,3.261452935410831589e+06
6.735104420677202468e-07,2.079524436636374798e+06
1.028279995779860431e-07,4.828161225708204322e+06
1.330611063560033323e-07,5.208901269756978378e+06
1.601454343343250905e-07,5.069357547822909430e+06
1.597174331962766806e-07,5.725404817804788239e+06
1.271204699260994462e-07,7.820772757539185695e+06
1.828604078617844015e-07,5.436845147303926758e+06
3.266482917053278536e-07,3.313108657387424260e+06
4.028866627379445182e-07,2.774903779573732521e+06
3.883388656696377857e-07,2.824633281146539375e+06
2.402628023387396014e-07,5.314806479015756398e+06
5.821451067160435801e-07,2.875652076129169203e+06
6.914215725118326466e-07,2.557470921781964134e+06
1.901382969419849370e-07,4.962873354592067748e+07
1.781766685164391987e-07,2.401579205222862773e+06
7.317193522285331110e-07,1.430651746844673296e+06
5.108633165295480263e-07,2.070604022810396506e+06
8.003440155561240191e-07,1.324891891902015312e+06
6.908438401552076875e-07,1.840155002925871173e+06
7.086585203460579300e-07,1.840582495280786650e+06
5.713781082857530673e-07,2.279348873395679984e+06
1.162213022605290465e-06,1.148480004226028454e+06
6.234635045672434635e-07,2.193568986954756547e+06
1.289335658349092614e-06,1.215645007200577296e+06
6.404269429291238560e-08,2.534095039260584489e+07
5.771915482890728625e-07,8.758161849097803934e+05
5.839581078024454618e-07,9.129362150824773125e+05
9.398690546085368127e-07,9.249711872665105620e+05
7.057566359484503303e-07,1.404553533388811396e+06
8.067519254005767461e-07,1.255295138460304122e+06
6.974573945093720736e-07,1.568718821617901092e+06
6.681232013443869678e-07,1.677776409276448423e+06
7.393045885080968189e-07,1.580857296237552539e+06
4.746413806375519555e-07,2.451425488551646937e+06
7.086585203460579300e-07,1.840582495280786650e+06
1.180092509076670005e-06,1.190833469495528378e+06
1.302025260755602865e-06,1.136108602793017169e+06
5.771915482890728625e-07,8.758161849097803934e+05
5.839581078024454618e-07,9.129362150824773125e+05
8.283047670485322414e-07,9.350247142968855333e+05
4.284687192005767500e-07,2.044957006460316479e+06
9.513404776720045776e-07,9.692652050455563003e+05
1.065006499955026615e-06,8.817926201021465240e+05
6.632841135373033179e-07,1.449488965344761033e+06
8.275827163253336109e-07,1.251077387069671182e+06
7.204654972108744797e-07,1.432843264834713889e+06
9.352315134854742073e-07,1.132816065704077715e+06
6.554512476921054133e-07,1.133600472469671164e+06
3.794131127853544367e-07,1.940417279015948530e+06
7.890550194010262499e-07,1.102623605578158982e+06
5.902546631462041953e-07,1.626116034823399968e+06
6.772969796703447429e-07,1.359235970024446025e+06
7.081702159687313656e-07,1.518990893186814617e+06
7.195410458936310639e-07,1.665637090699537192e+06
5.575754468927774296e-07,2.121052465615237597e+06
8.278434211313566009e-07,1.504545690933736973e+06
7.891980737288085327e-07,1.641744631734508788e+06
1.028793021136090020e-06,1.293639379115349147e+06
3.248803305228395710e-07,4.532833203785517253e+06
1.478825345555791537e-06,1.000241743312710896e+06
3.959350681661982271e-07,2.128764946059558541e+06
5.625781318142881314e-07,1.548200463868162828e+06
5.274419202289973094e-07,1.725091998888782458e+06
5.455919633219370839e-07,1.663674679378886009e+06
6.587864787835536717e-07,1.690920124052543892e+06
6.340868288675998239e-07,1.514664603381813271e+06
3.564389294746208964e-07,2.571186987869930454e+06
5.679075504961816974e-07,1.759685997428780422e+06
6.121945992160549552e-07,1.755976729114177870e+06
1.082365681814011076e-06,1.166377048110888805e+06
5.535287703125802963e-07,2.360451041552663781e+06
1.020970028287128458e-06,1.374876507688480429e+06
8.087604146499228120e-08,2.838864205259907246e+07
3.936383994622779046e-07,1.119524263605858898e+06
7.239978205996228864e-07,6.435381109488924267e+05
6.511262387220075951e-07,9.376002203088436509e+05
1.231271887781187309e-06,8.063399499145627487e+05
1.347473932277514785e-06,7.527193235665574903e+05
1.391245484159857296e-06,8.887810122575473506e+05
1.261529739672389895e-06,1.035311258556412999e+06
1.333405200780258619e-06,9.758164274183491943e+05
1.195394497574460994e-06,1.152667277392306132e+06
2.322090282009255397e-06,6.744955368079842301e+05
2.248600493754368754e-06,7.391194925845812541e+05
4.151047683706032676e-07,5.122769570750245824e+06
2.761897047894764482e-07,1.873520498071603477e+06
4.826596495687695011e-07,1.142184942471114686e+06
9.827830091022216560e-07,9.823335025291130878e+05
1.210636748147077109e-06,7.960722416525175795e+05
1.648525181113929897e-06,5.953446772913592868e+05
1.645952029457689111e-06,6.181178506739747245e+05
1.598445236047212769e-06,6.411132259175069630e+05
1.661687053788240658e-06,6.134149814952488523e+05
1.303204487064432043e-06,8.154735167118668323e+05
1.468617530148315540e-06,7.555688266379522393e+05
2.315024401076715314e-07,6.480376931240833364e+06
2.389602355355179155e-07,3.631998630381081998e+07
5.791269071792166886e-07,1.246132297617666889e+06
1.111774558669248063e-06,7.814253137473900570e+05
1.386742440422094516e-06,6.982204449733933434e+05
1.548140221610305607e-06,7.006596307514506625e+05
1.323175423525808183e-06,8.612608902273908025e+05
9.435163361938707184e-07,1.248121475837150123e+06
1.441436068597063624e-06,8.192284425255147507e+05
1.337734403588373106e-06,9.809612943294413853e+05
1.616888582977255382e-06,8.676922967783603817e+05
2.475776743479892971e-06,5.979243529550934909e+05
2.653581285805514011e-06,5.578043801974336384e+05
2.410704016247002447e-07,2.275952158729564399e+06
2.495773915430144005e-07,2.793565068782292306e+06
6.334122154040197803e-07,1.155703093985337066e+06
9.171450719411446513e-07,1.242835651792460494e+07
8.896738981134833603e-07,1.088318501619685674e+06
1.421420043420516947e-06,7.365742687282169936e+05
1.638720293357757391e-06,6.265527855528894579e+05
1.421115540443403832e-06,8.769048865101070842e+05
1.623052263223725034e-06,7.786721123305972433e+05
2.380664499670885669e-06,5.600298657210262027e+05
2.637844002930533164e-06,5.943689466290384298e+05
1.624979616563164592e-07,3.139438732464839704e+06
1.930935039475525628e-07,3.904120306431963574e+06
1.222101290029933601e-07,5.973814546441139653e+06
2.440078814264646400e-07,3.235707747490686364e+06
1.163593529853488313e-07,8.406761881561068818e+06
2.222673857068568110e-07,4.412590674634284340e+06
2.082380059291825765e-07,4.929518305457772687e+06
8.502535841250198506e-07,1.283808572223279392e+06
4.646739437507532010e-07,2.514583940288297366e+06
4.757471915644245168e-07,2.854368900106304325e+06
7.176005143239584232e-07,2.187676663759747520e+06
1.470848210117701671e-07,7.524221977839623392e+07
1.222101290029933601e-07,5.973814546441139653e+06
2.657001193334852475e-07,3.217476014771797694e+06
2.147570210112753770e-07,3.837666963815195486e+06
2.626660247886781860e-07,3.605142444516732823e+06
2.222673857068568110e-07,4.412590674634284340e+06
3.563443560492440062e-07,2.928261432752145920e+06
2.082380059291825765e-07,4.929518305457772687e+06
1.397664175766404556e-07,7.617347745997788385e+06
1.661553023546292476e-07,6.289281666088856757e+06
1.653520898319412711e-07,7.237474772638778202e+06
1.470848210117701671e-07,7.524221977839623392e+07
2.657773054898935284e-07,3.025820903238881845e+06
2.147570210112753770e-07,3.837666963815195486e+06
2.582206972249768006e-07,3.443075638787284959e+06
2.704964812059125317e-07,3.361336503468975890e+06
3.278240966040185217e-07,2.923228218349352945e+06
2.228226173855638884e-07,5.168567168607615866e+06
3.233804295279430851e-07,3.541878767042675056e+06
2.610318592957300350e-07,4.597369029872512445e+06
4.764878840729348316e-07,2.527282022096856497e+06
5.171548772726177706e-07,2.453869530919501092e+06
5.642883722233041459e-07,2.624555884480286855e+06
2.829698988221403423e-07,2.083917470646406524e+06
1.911682843322181071e-07,3.253848510970306117e+06
3.955903356947523663e-07,2.027693562716072192e+06
3.442103449954514502e-07,2.722339359338189941e+06
2.606543625175531074e-07,3.873893764148949645e+06
3.023365703987921026e-07,3.453620667192805558e+06
2.093774027519848244e-07,4.962091054745316505e+06
2.716614458270128862e-07,4.152848466921498999e+06
2.727656347427968788e-07,4.329657740140897222e+06
4.405223139771176760e-07,2.758570260893204249e+06
5.291428984410961290e-07,2.516284961283762008e+06
4.946647672575324180e-07,2.834253052828674205e+06
2.829698988221403423e-07,2.083917470646406524e+06
2.026720067489853617e-07,3.309668819065015763e+06
3.487314045269474393e-07,2.460231400475746021e+06
4.094373225823456520e-07,2.106248593861661386e+06
3.393425404969040655e-07,2.594782443128826097e+06
3.689951192792337926e-07,2.442205118933244143e+06
3.219789235079060876e-07,2.919038539186634123e+06
3.093850686176417038e-07,3.325133591636011377e+06
3.272031708604371673e-07,3.244055298049639910e+06
4.173144875828824340e-07,2.769739469302251004e+06
2.497465271760184999e-07,4.952850213164323941e+06
4.007888952407098157e-07,1.871436212654055562e+06
2.747448248080451982e-07,2.785723524190810509e+06
3.487314045269474393e-07,2.460231400475746021e+06
3.466202312760014577e-07,2.403288513776487671e+06
4.094373225823456520e-07,2.106248593861661386e+06
8.052043435300019503e-08,1.044911768295366317e+07
6.163672287521025332e-07,1.546590934484813362e+06
3.272031708604371673e-07,3.244055298049639910e+06
3.382403674574230415e-07,3.287446203878559638e+06
8.149978997958513329e-07,1.348417590311128646e+06
4.150590639897764232e-07,2.946213191420417279e+06
1.135491033703994044e-07,8.837482770685303211e+07
8.513041976074140605e-08,8.797562189710358158e+06
3.949748282360135939e-07,2.456161856197035406e+06
3.202976531239166709e-07,2.958949199293656740e+06
4.748956382127405865e-07,2.109655577223060187e+06
3.420015044552374024e-07,3.076944260686498135e+06
5.451528442191426977e-07,1.994666717951402534e+06
5.232553146293441399e-07,2.152323755080142524e+06
5.211992075674053126e-07,2.391885947926824912e+06
4.215667228448973155e-07,2.987634219509511255e+06
1.320221514376455467e-07,1.021754561736539192e+07
8.438405075890369327e-07,1.857861849416952347e+06
9.265570057305084724e-07,1.793901769812945975e+06
1.627286335457910989e-07,6.208393987204716541e+06
3.202976531239166709e-07,2.958949199293656740e+06
4.185104387814674164e-07,2.271176856279265601e+06
4.345949096424429342e-07,2.353653456092465203e+06
3.135894176207902290e-07,3.329112151603996288e+06
3.420015044552374024e-07,3.076944260686498135e+06
3.857938213295668144e-07,2.773029942008698359e+06
4.993273580337565493e-07,2.365840012214285787e+06
4.478927812271479244e-07,2.676346741134602576e+06
2.325747639207670763e-07,6.006183694283491001e+06
6.018713120024615011e-07,2.333247868483446073e+06
8.478181380335105288e-07,1.848847831658508396e+06
1.269697189160025396e-07,1.838734019320209697e+07
4.002296438819724805e-07,2.005044043188750744e+06
4.600452315567488322e-07,1.808981945317509584e+06
4.185104387814674164e-07,2.271176856279265601e+06
4.828023915179179249e-07,2.062233001135446597e+06
3.535917219854118475e-07,2.844120053639851976e+06
4.345949096424429342e-07,2.353653456092465203e+06
3.074904176182119065e-07,3.503127160646791570e+06
3.970147179747152141e-07,2.858797245983965229e+06
3.641563552460948474e-07,3.279167265849121381e+06
2.344043529255420940e-07,4.822767614469374530e+06
6.082693407073450593e-07,2.090368694045290584e+06
7.106799122020848097e-07,1.871939652249592589e+06
7.650243366430838875e-07,1.742413180577417137e+06
3.593505995272298884e-07,2.392572151165753137e+06
3.577645952478738566e-07,2.561045146809296682e+06
4.680303711406656617e-07,2.027051736748170340e+06
4.262253749150296554e-07,2.540159114723578561e+06
4.444363114501132420e-07,2.443784015839064028e+06
4.037401816172276236e-07,2.696370266917088069e+06
6.177540517231803327e-07,1.901182275893764105e+06
6.584446385557275713e-07,1.755907524523890344e+06
6.360315527843756207e-07,1.809668785184056032e+06
5.735283297874831971e-07,2.051443268522954546e+06
6.181101946918866700e-07,2.090419901310926769e+06
7.782492186257103779e-07,1.710311632088109851e+06
9.944362404426608166e-07,1.410441449441257399e+06
9.750628977674094922e-07,1.518974580981419422e+06
3.225241667636133608e-07,1.275896928282509744e+07
3.647507203180005719e-07,1.802069294093454257e+06
4.215233307055235348e-07,1.672394404450257076e+06
4.765077438314973987e-07,1.718239824169064406e+06
4.939181630901015135e-07,1.763458209090680117e+06
6.708515513581726627e-07,1.591531196861445205e+06
6.008002106637715993e-07,1.865705837527578464e+06
5.010667333549114441e-07,2.283049423149203882e+06
3.741742751320760650e-07,3.159285353072361555e+06
9.656816055925800156e-07,1.455234650599954883e+06
9.701311146664800759e-07,1.527431760325944284e+06
3.393822127897860031e-07,2.179326215007961728e+06
2.697217333029747342e-07,2.935901151638498530e+06
3.680993189389931785e-07,2.118430047229900490e+06
3.127697712451539176e-07,2.547460242768528406e+06
3.997469072889057524e-07,2.273855455551496707e+06
3.809303155842602337e-07,2.500203529399650171e+06
3.196247672258099114e-07,2.989158073373160325e+06
3.322624073166569493e-07,3.890177851065745577e+06
3.910193286912675200e-07,2.586995834669406526e+06
3.848091794451841611e-07,2.714855541060580872e+06
7.007071977208177083e-07,2.001648635188766988e+06
3.775048293138047756e-07,1.718953749070307240e+06
4.579594161403548996e-07,1.509943224663746078e+06
2.697217333029747342e-07,2.935901151638498530e+06
3.127697712451539176e-07,2.547460242768528406e+06
3.543053295709731018e-07,2.456144880794863682e+06
3.948553317246796541e-07,2.308411178590828553e+06
3.570812235958724397e-07,2.625957262135499623e+06
3.196247672258099114e-07,2.989158073373160325e+06
3.628021834434392946e-07,2.586411275714309886e+06
3.745058195083027350e-07,2.539440163825913332e+06
3.195104158618476100e-07,2.327973979768405203e+06
3.518951210355796232e-07,2.152261811453435570e+06
3.946066371285502078e-07,1.994015064272430958e+06
3.289841011533858335e-07,2.488147825595372356e+06
3.948553317246796541e-07,2.308411178590828553e+06
3.745058195083027350e-07,2.539440163825913332e+06
3.570812235958724397e-07,2.625957262135499623e+06
2.274481175726387553e-07,4.570365019262467511e+06
3.007442932322749501e-07,3.404810347472856753e+06
5.288349432646164167e-07,2.004040209765484091e+06
4.427670778708656204e-07,3.019843295729998033e+06
3.500054530790800732e-07,1.807240260214479174e+06
2.380440983833957477e-07,4.821920100338482857e+07
3.993505127086467064e-07,2.111852487728418317e+06
3.028176666277747746e-07,2.880770131260655355e+06
2.463621942516011926e-07,3.882551921210940462e+06
5.423516429869063664e-07,2.039468163339951076e+06
4.618029054174007590e-07,3.207742182868050411e+06
4.842799733995538593e-07,2.607917887526532169e+06
4.850079583472231350e-07,2.549899502112394199e+06
6.471009743660070165e-07,2.084666806320445379e+06
8.695457595244016667e-07,1.613098427111562109e+06
1.136253837678825726e-06,1.384084730601201765e+06
1.102745594705153714e-06,1.428301937920694938e+06
2.522095326867625110e-07,3.145313606747550517e+07
7.942432263224594604e-07,1.009040728597760666e+06
8.600974212257260161e-07,9.796490308673694963e+05
6.137674728396040557e-07,1.532741052187763155e+06
6.759730912744261547e-07,1.480515080414344091e+06
7.889276677365556759e-07,1.379982464367906563e+06
7.884129139792665255e-07,1.405445387331356294e+06
6.887551344891519569e-07,1.619360296976035926e+06
7.863840114700001821e-07,1.507058732759503881e+06
8.246988306473434582e-07,1.494727924650900299e+06
6.444121218445723719e-07,2.046791331880293787e+06
1.333882774696498710e-06,1.109958241164348787e+06
1.400306962274752303e-06,1.119265917800811818e+06
5.122889575962970254e-07,1.595594459146377631e+06
1.834124481781145236e-07,4.185015088103742339e+06
4.114603097197852149e-07,2.044759167184272781e+06
3.306847526784701877e-07,2.826646226826245897e+06
4.564729899328134036e-07,2.069664056495009456e+06
9.052865911271056555e-07,1.048274411974960240e+06
6.913265194141209817e-07,1.384281211723957909e+06
9.936938521095686317e-07,9.793792516093114391e+05
4.865581704316637821e-07,2.094400036889024777e+06
7.863840114700001821e-07,1.507058732759503881e+06
8.538828649368852295e-07,1.516560751035638852e+06
1.411349550401864516e-06,1.048224788139508455e+06
1.848990282159379631e-07,3.911396301883426029e+06
2.839084185746369828e-07,3.992662285619251430e+07
4.049762826784847496e-07,2.164974394569378346e+06
4.311238713523169735e-07,2.099725805368673522e+06
3.509072035457141867e-07,2.747489910028936807e+06
4.775115885877357099e-07,2.049495014804907609e+06
5.774568212394692834e-07,1.762061044837119058e+06
4.865581704316637821e-07,2.094400036889024777e+06
3.950887510409876017e-07,2.519597613516535144e+06
5.640136559194869840e-07,1.884501302169942996e+06
6.444654518235526271e-07,1.672334743473283481e+06
1.796869060511781966e-07,9.741734861271206290e+06
3.952917344973431554e-07,1.409754970283409581e+06
5.916363474952316888e-07,9.713750368082872592e+05
3.733979771653353409e-07,1.546741982819653116e+06
6.708632042115213212e-07,1.532872444628731813e+06
5.774568212394692834e-07,1.762061044837119058e+06
5.640136559194869840e-07,1.884501302169942996e+06
7.140043689387390112e-07,1.490067408760437276e+06
6.304214197041178579e-07,1.781318574288209435e+06
4.944229030162815070e-07,2.268890520633494016e+06
6.569885526827536571e-07,1.691729028767788550e+06
5.366602493974162048e-07,2.065733365768889897e+06
2.090742464412874653e-07,7.582497090484487824e+06
2.682057297125920459e-07,4.483086461907950230e+06
7.372653965535152375e-07,1.377879648170216940e+06
6.304214197041178579e-07,1.781318574288209435e+06
4.944229030162815070e-07,2.268890520633494016e+06
3.898661333204158197e-07,2.890739541967091151e+06
5.366602493974162048e-07,2.065733365768889897e+06
6.569885526827536571e-07,1.691729028767788550e+06
4.758774147466846229e-07,2.407733811449085362e+06
5.334508406442849494e-07,2.191636301882911474e+06
5.371898263994660969e-07,2.176486034800439607e+06
2.058651117428612386e-07,7.725664551875879988e+06
2.668559204266993770e-07,3.177424188781696837e+06
4.508376635841227864e-07,1.162889984878514195e+06
9.856426583547868278e-07,1.010598863238210441e+06
1.116939736818750719e-06,9.871086940944436938e+05
1.430961667831581699e-06,7.897887327094925568e+05
1.308750091556784802e-06,9.106083233715387760e+05
1.299978307694869220e-06,9.595537333041136153e+05
2.428732589823356774e-06,6.454118979422050761e+05
2.241189358275811683e-06,7.452235321668579709e+05
2.452502822932415659e-06,6.784669241676541278e+05
1.114722876530363614e-06,4.410864553909933893e+05
1.324344263836540662e-06,5.294384208594108932e+05
1.439939323647968552e-06,5.259779683262788458e+05
1.724346633645923629e-06,5.269780199819698464e+05
1.683181710183034473e-06,5.419239247145287227e+05
1.336924814273987500e-06,7.847485821996082086e+05
1.116572464413362339e-06,9.771917336894826731e+05
1.515163698117384516e-06,7.139118360878803069e+05
9.882727640387047625e-07,1.163385223395644687e+06
2.067209787918147201e-06,6.429837728485121625e+05
2.536586112609382193e-06,5.842582541249300120e+05
8.944881766308406639e-08,2.595699442229208350e+07
3.109123641081869873e-07,1.590913010461810976e+06
3.004293477929743627e-07,1.968506643499147147e+06
9.652645760180825969e-07,9.625191126987170428e+06
1.095357916837794723e-06,9.606012502121999860e+05
6.394010932961351219e-07,1.741191895440753782e+06
8.917173313856907878e-07,1.222093788879353087e+06
9.033197961557626020e-07,1.238822735797711648e+06
1.116614296050375601e-06,1.063897643093923340e+06
1.811486074175529608e-06,7.368684527622291353e+05
2.064793575179906198e-06,6.787766714797483291e+05
1.819997142607046226e-06,7.742362658028368605e+05
1.417624126686958804e-06,9.908147293993419735e+05
2.759407155725938696e-07,1.640528737484135432e+06
3.109123641081869873e-07,1.590913010461810976e+06
2.658593167039162289e-07,5.373162033881997690e+06
1.802894489519493510e-07,3.475683799523857888e+06
7.103799932818576911e-07,1.436857517057080520e+06
5.772623404577713731e-07,1.659628025096355472e+06
7.175043906968268501e-07,1.575557734286609571e+06
9.091273398023408130e-07,1.349412012144626118e+06
1.210518922589187777e-06,1.157519710610641865e+06
1.428871851901148665e-06,1.036781001411992707e+06
1.734760597088485349e-07,4.449086327053149231e+06
2.498371591420647201e-07,6.349844445102227852e+06
8.367729677443999345e-07,1.131783598402805859e+06
5.893903915462531370e-07,1.553899164368296973e+06
9.232460707542868066e-07,1.135935729663168080e+06
9.310465303131863837e-07,1.191216516404642025e+06
9.425347061973897866e-07,1.182704011041463586e+06
9.466100327098370498e-07,1.226679294526634505e+06
9.557981345769688035e-07,1.275930946390816476e+06
9.712422455368595914e-07,1.344155234939718852e+06
9.306492112778244066e-07,1.477853538793047657e+06
1.699086007529933588e-06,9.772974079295722768e+05
5.058463204878949860e-07,4.126911342724990565e+06
2.576104324758312077e-07,2.246053811159630306e+06
7.154991605884247803e-07,1.148091750712080626e+06
7.054443779813159307e-07,1.236820668885480240e+07
1.081570891683243370e-06,8.475357774902575184e+05
9.300018816513668909e-07,1.038467390826835646e+06
1.239300924028216259e-06,8.199674977706872160e+05
1.177571099775256902e-06,9.073754287632131018e+05
9.425347061973897866e-07,1.182704011041463586e+06
1.122416634895445361e-06,1.096987102673702873e+06
9.557981345769688035e-07,1.275930946390816476e+06
8.194701553086390049e-07,1.615398822334991070e+06
1.792718793842787926e-06,8.254595795138663379e+05
4.681324546662129116e-07,9.093487235296524595e+05
7.154991605884247803e-07,1.148091750712080626e+06
1.946771259977671390e-07,4.110918167279229965e+06
3.768348346395301303e-07,2.955202170998789743e+07
9.300018816513668909e-07,1.038467390826835646e+06
1.131700357543941292e-06,8.811412385928086005e+05
3.735766953099838991e-07,2.933378261563425418e+06
6.341364719527766952e-07,1.789611172354900278e+06
6.850973327168021314e-07,1.673436673886772711e+06
1.027100611599671452e-06,1.172936472539160401e+06
1.681236046445353395e-06,7.527386115173868602e+05
2.940526617884107835e-07,2.090208803717461973e+07
4.099411907256296792e-07,2.778504832712139934e+07
3.971665402083264806e-07,2.432457684495386668e+06
6.759651544726945525e-07,1.488628008570619859e+06
5.543340773056546785e-07,1.813758654275755165e+06
5.836445691849763332e-07,2.270801414876601659e+06
4.160830560253926438e-07,4.035575912975321990e+06
6.676669890039996685e-07,1.768012914144785376e+06
7.048037296986521365e-07,1.675942486273834947e+06
5.917414703791279922e-07,2.084710267051189672e+06
1.047358945701308725e-06,1.270448724311442347e+06
1.119635707709435493e-06,1.322492790979800746e+06
2.161957636574559090e-07,2.741460949301501736e+06
3.039486216051380118e-07,2.226100723456388339e+06
4.132848377517548455e-07,2.041023431987957796e+06
5.859186637756092388e-07,1.446544190294615226e+06
5.205389588806275510e-07,1.947834025680253282e+06
5.168903339499584173e-07,1.670738475680100033e+06
6.585908374805696900e-07,1.357741687543334672e+06
7.451511808180540618e-07,1.283567897981927730e+06
8.231307802643824450e-07,1.189703717631937936e+06
7.173600936415002761e-07,1.350290814653002890e+06
1.848437225758721126e-07,3.842775275067338720e+06
5.697399917511431386e-07,1.543624640967379557e+06
2.807934034816943207e-07,3.459496944778841920e+06
2.618679194699552899e-07,3.560724472258863971e+06
7.591447877196876921e-07,1.323214742117924150e+06
3.387942053074549458e-07,3.008988882215327583e+06
3.066112190182642989e-07,3.499421895128773991e+06
2.987737463549376199e-07,3.727392370106723160e+06
4.218773932114047950e-07,2.671614775659204926e+06
3.144791166991106772e-07,4.018777823990146630e+06
5.314952678324762606e-07,2.504372122301944066e+06
7.346050927553673284e-07,1.910735349607633892e+06
6.854779288209809889e-07,2.047924883595443098e+06
2.225059265732659069e-07,2.477229354313649237e+06
3.547729555065781312e-07,2.110781034806356300e+06
3.816753649353588216e-07,2.113144886174757499e+06
4.494745860476104251e-07,2.083880219016610179e+06
5.699159229633599931e-07,1.627308091272563441e+06
6.849354270179222368e-07,1.496393790545454482e+06
5.968677610624909158e-07,1.793746720395728247e+06
5.424208301298046781e-07,2.065554316303612432e+06
6.220469024925200391e-07,1.784826606034698896e+06
5.668359050299942113e-07,1.961145370645697229e+06
9.348410779221780719e-07,1.293150302832470275e+06
5.941250795212205363e-07,8.887720259180880385e+05
5.916443475703607675e-07,1.424344291485321475e+06
7.486895690690907711e-07,1.204343333433120046e+06
7.736617570008791952e-07,1.222971198956200387e+06
6.953413897466324784e-07,1.360520956851763418e+06
7.646632344634475106e-07,1.287747022582640173e+06
6.392879765187914467e-07,1.685219346462960588e+06
5.968677610624909158e-07,1.793746720395728247e+06
6.220469024925200391e-07,1.784826606034698896e+06
5.644398728702810927e-07,2.126269897274640389e+06
4.556238343173073142e-07,2.721925383405077737e+06
1.109865964910692286e-06,1.263757822955566691e+06
3.236738490076871667e-07,1.631636779784047743e+06
2.960848744017909125e-07,1.937512516479947837e+06
4.553426730194279263e-07,9.537746614088689908e+06
6.911614300917712575e-07,1.429375503397617023e+06
4.454835480409452505e-07,2.243325933540234342e+06
5.469447386153397711e-07,1.836948360077925725e+06
4.824440404162177114e-07,2.127177232120027300e+06
5.610836034257588206e-07,1.880454868207522435e+06
6.284689986408860725e-07,1.891579989096753765e+06
5.780431498579685077e-07,2.269937511886972468e+06
1.099968352986984627e-06,1.274111896479221527e+06
1.100966912111015063e-06,1.423117931459679967e+06
3.236738490076871667e-07,1.631636779784047743e+06
2.960848744017909125e-07,1.937512516479947837e+06
3.845770375037425823e-07,1.667727434672140516e+06
4.924431817819235157e-07,1.792989026548922993e+06
5.888966754807167092e-07,1.533330436094040750e+06
5.554142016145958445e-07,1.677586499720303109e+06
5.904833262339930359e-07,1.588068516822291305e+06
4.989665908290379892e-07,1.967884796263828874e+06
5.017799132979975060e-07,2.028991641491928604e+06
3.654175666911297678e-07,3.289386909014178906e+06
2.176770162776628556e-07,1.237641514472888410e+07
5.455772814740969162e-07,1.622356116789532593e+06
2.966043646860818613e-07,2.980068290341962129e+06
5.888966754807167092e-07,1.533330436094040750e+06
3.440029690097647348e-07,2.694043189560999628e+06
7.239854182701077045e-07,1.413031832601199392e+06
7.092866795031027272e-07,1.568852220449262997e+06
4.665345431112678344e-07,2.513332036775509827e+06
3.634479047532225749e-07,3.298122491607351229e+06
7.935724247837686222e-07,1.569246120390616590e+06
7.373758227879672099e-07,2.009491866436737822e+06
2.176770162776628556e-07,1.237641514472888410e+07
1.227512377107583142e-06,7.439498680097199976e+05
1.288411389508532684e-06,7.040371098958589137e+05
1.126046610363544198e-06,8.285317062448977958e+05
1.025207243328568168e-06,9.246406273695572745e+05
6.979932664730598087e-07,1.535257340829674387e+06
7.362193375747911462e-07,1.439582441810299410e+06
9.695253154884722794e-07,1.166608855018268572e+06
1.091110101705768528e-06,1.030258807221746538e+06
1.838791412172773549e-07,7.543805000140230171e+06
1.736972929461395369e-06,9.034363343321677530e+05
1.979440469939873902e-07,1.145660818566559255e+07
1.247698146788006801e-06,5.908579255226735258e+05
6.470771880081806028e-07,1.179864913388593821e+06
5.915327524366303244e-07,1.302376398292831145e+06
4.632065741281121349e-07,1.733416064425403019e+06
7.618926268874277352e-07,1.107220315250120126e+06
1.214663486773363625e-06,7.208947841277938569e+05
1.292580685881413003e-06,6.978227701981689315e+05
1.021117039924796005e-06,9.065668614613813115e+05
1.066176058037886119e-06,1.060838266693176003e+06
9.456937005183258455e-07,1.262191367931311019e+06
1.807785355695271962e-06,8.672681114988357294e+05
5.256159965989014201e-07,1.059947333241371904e+06
4.760773855895199517e-07,1.632895705759270582e+06
5.818015366520090590e-07,1.374401093666024739e+06
4.946407370859589822e-07,1.978008526432723505e+06
4.924097985518855958e-07,2.049207826436131494e+06
5.537198581790529437e-07,1.852131236050029052e+06
4.331320015195185201e-07,2.470913239701935556e+06
5.653612083815703593e-07,1.880422250280282926e+06
5.489946344105686975e-07,2.032677721677345224e+06
6.252363987137634987e-07,1.680451546098270686e+06
1.022867710212776322e-06,1.381719963744676672e+06
1.256234527653815551e-06,1.181334271112464136e+06
2.367226080939513616e-07,3.151089643680908717e+06
4.661871171912701427e-07,1.674832194902179204e+07
3.370532569405235433e-07,2.526770413653891999e+06
1.288760095713240686e-07,7.866009445513251238e+06
4.496089642178696999e-07,2.273329466547236778e+06
4.778253988224427536e-07,2.212813738683665637e+06
4.984565644647057349e-07,2.228780550404426176e+06
3.454936687965599182e-07,3.495497844820920378e+06
4.223100097559583838e-07,2.785737182656845544e+06
4.047849477470011099e-07,3.053400062841850799e+06
4.325344350828782201e-07,2.860002114454866853e+06
7.301698948086517326e-07,2.026521798093219055e+06
7.081051119724937262e-07,2.092551133086960763e+06
1.238774025317358321e-07,4.814280005165346898e+06
1.272347190539293178e-07,5.723404834135713056e+06
1.631741364128399339e-07,4.499489786745511927e+06
7.175218558501099677e-08,1.405910924726973176e+08
1.423694714245461584e-07,6.093287529927012511e+06
1.552063282783886201e-07,6.873102262010695413e+06
2.999399072059424073e-07,3.534328260596342850e+06
3.669471530539439642e-07,3.137905605653155129e+06
4.325344350828782201e-07,2.860002114454866853e+06
3.899075766188125956e-07,3.262726607991948724e+06
7.260348356125857282e-07,2.158866535167131107e+06
1.778255882899715003e-08,1.269689521790053099e+08
1.019796824985350337e-07,2.291637468363310769e+07
9.093425931346527991e-08,1.026319705837901495e+07
1.125631877314538228e-07,1.952084949105351046e+07
8.301968607894029175e-08,1.121801569875790179e+07
1.274937104123046660e-07,4.894633906300937757e+06
1.280185012349048873e-07,6.668343817950395867e+06
9.711120635493221060e-08,1.012161059629173018e+07
1.139405703774186010e-07,9.388351794918721542e+06
3.152014234679740472e-07,4.058265374190144707e+06
1.908329766815899339e-07,6.972505740746996365e+06
4.071516264265066175e-07,3.865386169642413035e+06
1.318422953003500299e-07,1.625493228723551892e+07
1.203184819655775147e-07,3.091755213942328934e+06
1.322840524854645974e-07,5.845433551458457485e+06
4.745773691139205749e-07,1.999831167216512375e+06
3.505860591407161698e-07,2.715286316156043671e+06
3.782206118106463185e-07,2.880869894720816053e+06
4.121242384840731699e-07,2.730705281844452024e+06
5.874997655632078580e-07,1.971990001261355588e+06
4.290580361651148600e-07,2.760082845814743545e+06
3.456745608118124392e-07,4.008972665998064913e+06
6.975394034216634728e-07,2.123335272303062957e+06
7.252143268570303078e-07,2.039409136616058648e+06
4.832115614237695198e-07,1.749247138418949442e+06
5.067583399926248111e-07,1.719053396691554924e+06
4.595840399711275393e-07,1.875524558512761025e+06
4.925153996121791972e-07,1.779161316272130236e+06
5.175693722829413968e-07,1.701387095371751580e+06
4.535964002640505595e-07,2.095937883345622336e+06
7.723758083727436500e-07,1.287723955595047213e+06
4.765993089136722558e-07,2.165678893478839658e+06
8.606321419241780433e-07,1.227900411506230943e+06
9.528839753975011403e-07,1.181715042193639092e+06
6.408693101032008324e-07,1.799052614646597765e+06
1.510039068055859912e-06,9.280634871056538541e+05
3.901383126544720664e-07,2.807119699566933792e+06
4.437030889285999050e-07,1.824905434654066106e+06
5.261899072285000107e-07,1.609062894482326927e+06
6.452114345531369253e-07,1.427705704422024777e+06
7.723758083727436500e-07,1.287723955595047213e+06
8.606321419241780433e-07,1.227900411506230943e+06
7.768765492141655118e-08,1.500520021715179086e+07
7.379327910453302426e-07,1.626380635302598821e+06
9.086443391062009701e-07,1.300722320324098924e+06
8.828266047855048851e-07,1.467101888412055559e+06
8.252904871399937609e-07,1.585551821978668449e+06
1.147567141635600133e-06,1.141953139347829623e+06
1.513560267952905049e-06,1.097673340682677692e+06
1.863498808989687319e-07,3.084919221612923779e+06
1.969894878131467963e-07,3.307452541761595290e+06
2.797941237410033945e-07,3.068394401584750507e+06
2.960040533212002291e-07,3.337856351803926751e+06
3.323090593503604253e-07,2.857042322434634436e+06
2.969508100512135664e-07,3.165898687610098626e+06
8.220171809886871235e-07,1.328506492658692645e+06
5.372377297501305575e-07,2.273097829623207450e+06
8.344570521229939177e-07,1.638003912408312317e+06
7.828732866649168702e-07,1.795179039536639117e+06
1.308806342315470218e-06,1.246313864327160642e+06
5.985560081274626352e-07,2.752776908866163809e+06
6.380959138657573787e-08,2.775455256883311644e+07
9.912751647075529318e-08,6.865779879296263680e+06
4.634352758276349121e-08,1.578062836748021841e+07
2.315611114787102493e-07,4.656620138774644583e+06
2.294862581568370479e-07,4.501231610758641735e+06
3.318220132211997549e-07,3.341332977569994517e+06
3.514177240715656105e-07,3.361252437239653897e+06
2.726901160588500882e-07,4.215167959454530850e+06
3.127726767849510771e-07,4.001891871806751937e+06
4.648902942214778044e-08,2.756245180921091139e+07
5.602012352846344967e-07,3.154617036143680103e+06
1.370297965527820969e-07,5.753450459965571761e+06
2.662876163898658848e-07,1.951420530591909541e+06
3.746481330992409611e-07,1.682549571887413738e+06
4.115990894299063153e-07,2.382107906488379929e+06
3.943618169166698705e-07,2.497169825565794483e+06
4.353421837042606838e-07,2.454300028145893011e+06
3.285640088047944375e-07,3.277501561222314369e+06
4.585410136508604844e-07,2.407481307060798164e+06
3.644891869828247847e-07,3.172698207921221852e+06
4.138844348885821251e-07,3.287886019730813336e+06
7.032878867115943916e-07,2.100371282859006897e+06
3.699383686869732590e-07,1.433928937003846979e+06
1.803018785882118952e-07,3.991617997746511828e+06
5.060599224561749951e-07,1.873710574433793779e+06
5.660760218204126236e-07,1.713870315244896803e+06
5.554412924110989484e-07,1.836930315274342429e+06
5.284126941897552689e-07,1.938668546760406345e+06
5.141239317376548082e-07,2.058130054804692045e+06
4.979105756503019858e-07,2.133469790662687737e+06
4.741369757125984633e-07,2.216318440989496652e+06
4.179993955878528693e-07,2.682260238964699209e+06
4.084416030183219725e-07,2.926231096010033973e+06
7.710817182614910137e-07,1.812733654019621899e+06
4.381383793079178380e-07,1.379297922092490271e+07
5.934951519565071912e-07,1.450613615238497732e+06
3.232925552827000344e-07,2.803532401527607813e+06
3.262136375767487229e-07,2.772409762134919874e+06
2.872032403989713958e-07,3.176679839002420194e+06
4.827077904254850207e-07,1.930750355997502804e+06
4.159657197926861689e-07,2.298179413068297319e+06
5.060599224561749951e-07,1.873710574433793779e+06
5.106361227021229607e-07,1.867517548878306057e+06
5.660760218204126236e-07,1.713870315244896803e+06
5.433125227477715409e-07,1.807925695926776854e+06
1.143043314694116158e-07,7.910234673235388100e+07
6.261554014203771939e-08,9.033847053975062445e+06
1.296220008154304335e-07,5.142876766944697127e+06
2.916044123568131658e-07,2.990614149167296011e+06
2.010365624825633536e-07,5.602159639354073443e+06
2.717758431269101234e-07,4.129132977363868617e+06
3.331564524472557837e-07,3.578488719070931897e+06
2.454764703992512080e-07,5.056701596433343366e+06
3.836611785142241937e-07,3.231294857846746221e+06
3.599842352407786260e-07,4.054266160994628444e+06
4.546604120902561071e-07,3.254981879335040692e+06
6.367909353448290486e-07,2.463197980433810037e+06
1.202304941141749365e-07,6.590418592462712526e+07
6.261554014203771939e-08,9.033847053975062445e+06
1.296220008154304335e-07,5.142876766944697127e+06
2.131933317694231878e-07,4.637385371901210397e+06
3.843719596424026044e-07,2.753466318186237477e+06
4.342998025720833933e-07,2.505453010432103649e+06
2.097261992095408257e-07,5.116015778389207087e+06
1.993840866187527519e-07,6.052297760208599269e+06
4.312891587657319281e-07,2.761395840052247047e+06
5.044863794825630678e-07,2.644914259933368769e+06
7.565935714591168026e-07,2.196479766602196731e+06
1.280333021329075189e-07,1.666176572237451933e+07
3.560278861933621637e-07,1.658548035651883576e+06
4.085675374214896536e-07,1.447747830353159690e+06
4.914421625697590608e-07,1.746527781304917531e+06
2.850548780945044069e-07,3.194279485818099696e+06
4.722645612855221503e-07,1.930570769222173374e+06
2.945275645465230039e-07,2.944915348113002628e+07
2.203255084521263340e-07,4.293224077787611634e+06
4.773917395739200613e-07,2.050255516374681611e+06
4.342998025720833933e-07,2.505453010432103649e+06
5.358366815573006590e-07,2.243695278385225218e+06
7.711878467349302350e-07,1.633732787086645374e+06
3.560278861933621637e-07,1.658548035651883576e+06
2.338590029162440727e-07,3.619268117000682279e+06
3.840313472369442264e-07,2.398809420874111820e+06
4.009790814318163736e-07,2.358490318298453465e+06
1.133674346726828201e-07,8.571513368394872174e+06
1.767165673705754828e-07,5.985292744570614770e+06
4.333211278336338690e-07,2.366818585478062741e+06
4.299562097329840167e-07,2.487925164292478468e+06
3.856314753522047134e-07,3.149231528246292844e+06
3.719045124057173970e-07,3.279191488877131604e+06
3.466785650144991532e-07,3.948218333630871028e+06
5.240205768024063562e-07,2.858127156796857715e+06
6.691246181955389540e-07,2.343981738730308600e+06
6.347360921797074792e-08,1.172166078239198178e+08
1.442557298438316270e-07,3.890159723440495785e+06
1.012863260894924877e-07,6.221079876285877079e+06
2.043785115384029995e-07,4.425734818171800114e+06
1.787737216257588548e-07,5.333254631934125908e+06
1.989975507838181390e-07,4.872527438826312311e+06
2.206196739313400468e-07,4.358167985520498827e+06
3.116569678668391009e-07,3.660887177238103934e+06
3.090842643112873824e-07,4.022826925301336683e+06
3.415334539967199683e-07,3.840684194914079737e+06
5.704462732935841697e-07,2.744801614603498951e+06
9.361177437740904793e-08,7.323655649915857241e+06
1.442557298438316270e-07,3.890159723440495785e+06
2.093656982772153944e-07,4.136223005700795446e+06
6.887551022359305736e-08,1.212522031791541167e+07
1.723868593349866663e-07,5.754997115561377257e+06
3.006316402650389710e-07,3.677441079634819925e+07
2.307910179634983369e-07,4.768261458364770748e+06
5.329454871549237605e-07,2.621091065207387786e+06
8.846788317466096204e-07,1.791727367061165860e+06
5.799249532332207429e-08,2.974564878855102137e+07
9.388067864261466846e-07,1.895724867288033944e+06
1.108879600029897926e-06,1.692323604831340723e+06
3.798249306475140311e-07,1.214872873247103300e+06
3.748279352704546047e-07,1.059565525763999484e+07
6.476168935633093392e-07,1.122819108964614803e+06
8.935635125636723652e-07,9.966288691690020496e+05
1.034692103453165235e-06,9.019308394157242728e+05
1.401615187677866159e-07,7.003379939637740143e+06
9.527433958679458470e-07,1.138144351877085632e+06
5.669589967961318259e-07,2.117719254284420516e+06
7.847108322017347574e-07,1.487971783039195696e+06
7.395931689307322677e-07,1.968113407020520885e+06
1.567576313470445465e-06,9.446938844014289789e+05
1.895323603107789973e-07,1.862379024305271357e+07
3.364214633915517835e-07,2.310958701770535670e+06
4.350655180232113346e-07,1.683578249615728622e+06
6.045926629115824273e-07,1.522785738855911419e+06
2.492653526989798817e-07,4.001448373854523525e+06
7.227414481863401382e-07,1.518953403413592139e+06
9.867742209376113647e-07,1.140376391751856077e+06
7.730418047280223548e-07,1.689617476422062609e+06
6.542838549624959364e-07,2.249322988364231307e+06
1.568088433308579967e-06,8.939413763120648218e+05
1.403498755877382797e-06,1.054323739345226903e+06
3.383803145151642382e-07,6.175868928257719614e+06
1.404011794545969466e-07,6.297478185194548965e+07
2.363479814203021991e-07,4.158203361971020233e+06
4.382320178819258194e-07,1.836032073705603369e+06
2.492653526989798817e-07,4.001448373854523525e+06
3.483474643180407858e-07,2.878732454147445504e+06
3.406596415336666523e-07,3.149215076758851297e+06
2.471633486340681314e-07,4.382731311324951239e+06
4.724299729383508879e-07,2.300543668968433514e+06
5.079911389794159219e-07,2.494664799312024843e+06
5.269386751898004860e-07,2.539539409321657382e+06
5.574300090208561371e-07,2.385961597076682840e+06
7.782199415295158053e-07,1.904544348481505411e+06
5.514247062010662276e-08,1.288825332617315464e+07
2.130469630445776102e-07,3.399403884152463172e+06
3.454504916889756404e-07,2.399639008559197653e+06
3.289857269673245337e-07,2.630196213886379730e+06
2.792408712586270984e-07,3.433358324703171849e+06
3.795133912894758992e-07,2.605948918492766097e+06
4.000712944592743837e-07,2.348882680857631844e+06
5.539823459350017901e-07,1.995852059315869352e+06
5.204121182684208693e-07,2.103906534657286946e+06
4.260638466766086146e-07,2.807376870541094802e+06
7.921272830970305662e-07,1.867484539544023573e+06
3.454504916889756404e-07,2.399639008559197653e+06
3.289857269673245337e-07,2.630196213886379730e+06
5.084685424974092636e-08,1.599548335598271526e+07
1.616399398068827656e-07,5.972173202082355507e+06
1.344084558974261974e-07,7.612597402003526688e+06
5.227584513901871530e-07,1.963347660807314562e+06
3.517247793765264741e-07,2.885848435467057396e+06
4.455208834360176297e-07,2.443691754370274022e+06
6.177228826490359525e-07,1.918883841364108725e+06
3.937173238606630687e-07,2.982959676177657675e+06
4.723380116269317445e-07,2.693446276341640390e+06
8.049879760268810411e-07,1.950376495922327973e+06
1.072504396993289451e-06,1.461743798399663065e+06
2.723550448688361114e-07,2.350545395371109247e+06
3.905367946436340444e-07,2.189383713828525040e+06
5.783650985901108766e-07,1.449368641976571875e+06
7.760077460638002169e-07,1.167888249437080231e+06
3.605387294524079928e-07,2.556536738943237811e+06
7.629060660081006164e-07,1.238583759606556036e+06
7.484055130828925419e-07,1.263699373004980152e+06
7.548587430068909478e-07,1.248906839196355082e+06
4.455208834360176297e-07,2.443691754370274022e+06
4.808968968828409356e-07,2.338146319985249545e+06
8.233711769917055109e-07,1.704308367472957820e+06
3.883690383258044276e-07,2.122394583903579507e+06
6.612092979764412318e-07,1.367970844657976413e+06
6.037627798290624256e-07,1.519860951253841398e+06
1.225562902220762054e-07,8.002892281055761501e+06
5.877502041258634887e-07,1.577963923163410509e+06
7.629060660081006164e-07,1.238583759606556036e+06
7.548587430068909478e-07,1.248906839196355082e+06
5.360395035810588559e-07,1.864865329294885974e+06
5.327624314569934307e-07,1.940480458280925406e+06
6.114197248764179592e-07,1.937093844751231372e+06
4.556693019928330549e-07,2.729452008854846936e+06
8.269954284844400782e-07,1.605124729979640571e+06
2.606793087343374967e-07,1.627176524820246734e+06
3.583150997027489360e-07,2.415361670609417371e+06
4.258732251398345386e-07,2.108105066252403427e+06
5.832004095234681439e-07,1.618782605062572053e+06
5.823268182047471321e-07,1.617407511777354870e+06
2.552161551270800423e-07,4.527820339448255487e+06
5.504470305366616344e-07,2.051763327699140878e+06
9.853796434616696717e-08,1.144338280652136914e+07
4.613881040810671233e-07,2.593569583173286170e+06
4.772450087252209924e-07,2.583594574250851758e+06
7.387458696964759819e-07,1.802380745376755716e+06
9.079439731767358350e-07,1.727002048487448832e+06
8.718344754773253262e-08,5.666177285767868161e+06
1.602055308338525995e-07,4.824409853400094435e+06
2.175672158647933399e-07,4.096181500295764301e+06
1.111076929071012143e-07,1.005831068162392378e+08
2.810702806911291993e-07,3.600734209691457450e+06
3.596380474146777568e-07,3.112599220996772870e+06
2.592154957563391487e-07,4.473853007983916439e+06
4.554135209369884121e-07,2.882499857862362638e+06
4.065779314227982863e-07,3.387164678506211843e+06
3.686060373633446698e-07,3.938023355261119083e+06
5.661913783056280548e-07,2.617286472784807440e+06
7.338867440077488263e-07,2.140945037649994716e+06
2.049464833184987541e-07,4.634428078202505410e+07
7.540185278061199341e-08,2.421431978709968925e+07
6.700879522724242941e-07,1.284267287961530732e+06
1.064272419661476325e-06,9.301061578044149792e+05
1.149369978994866350e-06,8.836789308183171088e+05
1.230846497735340574e-06,9.623014449286855524e+05
9.274370148669405703e-07,1.315840209964691196e+06
1.196413971722357383e-06,1.031504975600095466e+06
1.088759624784737832e-06,1.268783627645680215e+06
1.946941587314171431e-06,8.052309373933653114e+05
2.109235258190160018e-06,7.426491976934632985e+05
9.092928895321831337e-07,6.126387054979071254e+05
6.999572510689029634e-07,8.975964821414785692e+05
1.187134073553043132e-06,7.907144885901549133e+05
1.301122022781883801e-06,7.319012365111836698e+05
1.451990829869890671e-06,6.700551328556353692e+05
1.453964616360280958e-06,6.780690543842671905e+05
1.519841375561281824e-06,6.431228794950683368e+05
9.296373036800913980e-07,1.051276612035616301e+06
1.149369978994866350e-06,8.836789308183171088e+05
1.156411175770172798e-06,9.231857739007077180e+05
9.256855313983557975e-07,1.146868701391955605e+06
4.055294706548854179e-07,3.917749770717297215e+06
6.999572510689029634e-07,8.975964821414785692e+05
7.819730769280771073e-07,1.088296132734043756e+06
1.182895563455094321e-06,8.265145356586243724e+05
1.151918323216270182e-06,8.505539052017774666e+05
8.998062220210201436e-07,1.135601270051058615e+06
9.956138974187969724e-07,1.061704940479993122e+06
8.220790390113872146e-07,1.449734685468370095e+06
8.388322993954736243e-07,1.389983581626046449e+06
8.530731041964485250e-07,1.362117791528160451e+06
8.861742327592310994e-07,1.398669416995679261e+06
1.560377695943480781e-06,9.483568108420856297e+05
1.730223931567697532e-07,2.106075707062097732e+06
2.763798645045880354e-07,4.152516529421861470e+07
2.254312163652276282e-07,3.220998743494216818e+06
6.378396586447857286e-08,1.190777850327921100e+07
5.690048032102507618e-07,2.736966924626537133e+06
1.145725624491086076e-06,8.921467058694824809e+05
6.896387249793484968e-07,1.535236361144198105e+06
8.658665353799757915e-07,1.312942726875728928e+06
8.861742327592310994e-07,1.398669416995679261e+06
1.548462147759526069e-06,1.012381301570699317e+06
5.462946395908171902e-08,1.108665022458752431e+07
1.578766141842697223e-07,5.373717154065380804e+06
1.505639317975389711e-07,5.223941945331464522e+06
1.784883610950014047e-07,5.417223409614600241e+06
2.002791685507744292e-07,4.583122453492408618e+06
1.820783649988376307e-07,5.313170435703468509e+06
2.332046254763587488e-07,4.187957465628239326e+06
2.672360595605580935e-07,3.933180153535070363e+06
2.864195757998771805e-07,3.759407662709730212e+06
3.098558344331565279e-07,3.595692724981712643e+06
2.882518295379950090e-07,4.621947295955880545e+06
1.910337079370392086e-07,3.290625565670107026e+06
1.426434483939490145e-07,6.349002035230655223e+06
1.784883610950014047e-07,5.417223409614600241e+06
2.405497905569037274e-07,3.981604383144381456e+06
2.716963187387872869e-07,3.694572041930339299e+06
3.246834022683359337e-07,3.304316741921635810e+06
2.864195757998771805e-07,3.759407662709730212e+06
2.539711183185372445e-07,4.199266616777121089e+06
2.672360595605580935e-07,3.933180153535070363e+06
2.835431903145297379e-07,3.856923470288736746e+06
3.098558344331565279e-07,3.595692724981712643e+06
3.448788775758262899e-07,3.214801856038664468e+06
2.267270789818462423e-07,2.518975257363283075e+06
1.910337079370392086e-07,3.290625565670107026e+06
3.418674282896354162e-07,2.753391104477029759e+06
4.910659850550095058e-07,1.998867499524588464e+06
4.499489145450066279e-07,2.306295362159768119e+06
3.548518142866835887e-07,2.847848146332805045e+06
2.539711183185372445e-07,4.199266616777121089e+06
3.246834022683359337e-07,3.304316741921635810e+06
3.448788775758262899e-07,3.214801856038664468e+06
2.835431903145297379e-07,3.856923470288736746e+06
3.443601937501035325e-07,3.555649577400518116e+06
5.108535710049210317e-07,2.596625596122856718e+06
2.856758049603702705e-07,1.986104804473933531e+06
2.752287606428764725e-07,2.514183568705453537e+06
3.418674282896354162e-07,2.753391104477029759e+06
2.609399286146818666e-07,3.918628109103925060e+06
3.548518142866835887e-07,2.847848146332805045e+06
3.871080131757751874e-07,2.735864546920421999e+06
3.162022257389801408e-07,3.364543875276330393e+06
3.757216486525775567e-07,2.828940789779951796e+06
1.260723036657694909e-07,9.802339338952060789e+06
3.670790781257231608e-07,3.419967653801204637e+06
3.459602542896063124e-07,4.001300306086506229e+06
1.611816975061124625e-07,9.531559431547563523e+06
6.932745911243032938e-07,2.256510775107314810e+06
3.065424747200689737e-07,1.545360227122761775e+06
2.588322011065329608e-07,3.230633421040710062e+06
2.856758049603702705e-07,1.986104804473933531e+06
1.586104737370781287e-07,4.554156115493996069e+06
7.397920219606248910e-07,1.262869482000036631e+06
8.856693685462681701e-07,1.196037565491611138e+06
1.023697535761722217e-06,1.111041753944757627e+06
1.115124201854455432e-06,1.112105754475546302e+06
1.062401499312324998e-06,1.164140335542868357e+06
1.951718402240742787e-06,7.582675668562186183e+05
1.831976423924478988e-06,8.559261160414906917e+05
4.817253143332303929e-07,1.575922384403905831e+06
6.160665452700837583e-07,1.246445610846964642e+06
1.270296761463494459e-06,7.251299499903462129e+05
1.453753298806647002e-06,6.187841804483312881e+05
7.096866796906008058e-07,1.373265625340147177e+06
7.266375352581473251e-07,1.448853437753502745e+06
9.125112232074194157e-07,1.107865131604730384e+06
8.045475849262224929e-07,1.400894009632716654e+06
1.117236165458908557e-06,1.052774699596180813e+06
9.702925783948166908e-07,1.230278975956378970e+06
1.399434035784562154e-06,1.002451825056942878e+06
1.827304414859474361e-06,8.583135712003594963e+05
1.737115699327264357e-07,9.624212774894537404e+06
2.452577753749194300e-07,4.613615498153850436e+07
3.410210406768691961e-07,2.366765698930906132e+06
4.417971737417477720e-07,1.694725910316379741e+06
8.842316294484380926e-07,9.728214983155057998e+05
4.705645286539856290e-07,1.985651243541764328e+06
5.570314445071563741e-07,1.675459542885253439e+06
3.078186444511383412e-07,3.418118249216443859e+06
1.029980440677677256e-06,1.108119606255955296e+06
7.101556270386266811e-07,1.632757555278162006e+06
6.827101396024584089e-07,1.917800978532366687e+06
1.350422119199541377e-06,1.162845865985915996e+06
1.937321668781541261e-07,3.588426411418537144e+06
3.654438119071697744e-07,2.292006017602259293e+06
4.259656012616887902e-07,2.068411130524789216e+06
1.085037723577059942e-07,8.748227720755953342e+06
3.937869297325318919e-07,2.361333385008034296e+06
4.705645286539856290e-07,1.985651243541764328e+06
3.505090876055239521e-07,3.007608297365942504e+06
4.119743943191435984e-07,2.499588571171583608e+06
4.678256008386557927e-07,2.253336525288196746e+06
5.833021810506639646e-07,2.016928346757911146e+06
4.726870415398957757e-07,2.909641398205013014e+06
8.699401105628168074e-07,1.800414968522917712e+06
2.617990780789126787e-07,2.357028088333099149e+06
2.989165219065884810e-07,2.810423482873714529e+06
4.448194501560461258e-07,1.875505954811380710e+06
3.375454705175974094e-07,2.624355379267827608e+06
5.031420730198813918e-07,1.789188410889802501e+06
4.027967048681454438e-07,2.213130039286783431e+06
3.969996879677845324e-07,3.035040511507606599e+06
5.833021810506639646e-07,2.016928346757911146e+06
5.310969645439100139e-07,2.325934006333594676e+06
4.563928690289152734e-07,3.024785940859757829e+06
8.642210860858028106e-07,1.713013719776778482e+06
9.380953210008556456e-07,1.578415182752924273e+06
1.002560701837908868e-07,7.912814352238306403e+07
1.261667440121122719e-07,4.786563044912820682e+06
2.510748710484247398e-07,3.023970547902998514e+06
3.375454705175974094e-07,2.624355379267827608e+06
3.221199874201999502e-07,2.756387363823490683e+06
1.686117487430316086e-07,5.494887836947069503e+06
3.484782444124195913e-07,3.039848680410371162e+06
3.849234008643333109e-07,3.206081144924254622e+06
4.866979257228063814e-07,2.688521587518851738e+06
6.951565004052653440e-07,2.015265197127900086e+06
9.348955971762544834e-07,1.677455652653492987e+06
1.002560701837908868e-07,7.912814352238306403e+07
1.621181451741402259e-07,3.072655159489533864e+06
1.261667440121122719e-07,4.786563044912820682e+06
2.098042988461006944e-07,4.225182072897328064e+06
2.660281009952098706e-07,3.075355855353244115e+06
5.533587169772226798e-07,1.838938567979279440e+06
3.279099161359477184e-07,3.010264869335605297e+06
5.421889865414764400e-07,1.964876547313713236e+06
4.585330621581818218e-07,3.000276871266338974e+06
8.257011671911036429e-07,1.898702685230218573e+06
1.461083037016008721e-07,7.958987920248833299e+07
3.468083155294063872e-07,2.133410147585975006e+06
4.543445658477870911e-07,1.788007385302870534e+06
4.645999063984683803e-07,1.799606310160359135e+06
3.805295976832130172e-07,2.241101548130825628e+06
4.080056020109475233e-07,2.199940978545861319e+06
5.541984113254294024e-07,1.712984854183245683e+06
6.217499418275063132e-07,1.557887542757187504e+06
5.533587169772226798e-07,1.838938567979279440e+06
5.421889865414764400e-07,1.964876547313713236e+06
8.617581039775009121e-08,2.319175620116253570e+07
3.929557624118257500e-07,2.862163819666717201e+07
2.896556341699519784e-07,2.951655828665429261e+06
4.178494808390362341e-07,2.065077209328170866e+06
3.695965400125159935e-07,2.399260041361531708e+06
4.685665272244403526e-07,1.979228608058951795e+06
3.413095492902359275e-07,2.826826959882832598e+06
3.618835305698616403e-07,2.981600105121208355e+06
3.858210898917597044e-07,2.779310346553045325e+06
3.477191431650464419e-07,3.073187645896913018e+06
3.507442106267142792e-07,3.171950895217224490e+06
4.718072643329668671e-07,2.401055480407871306e+06
6.358170868983605524e-07,2.208905040535735898e+06
3.128536492629655085e-07,1.650331329586012987e+06
4.555197684167522777e-07,2.147885107662446797e+06
4.193545755934316854e-07,2.364449935142403468e+06
6.621943823967868563e-08,1.298020085028537363e+07
3.328143427850641241e-07,3.029763943899595179e+06
4.937553387807273389e-07,2.063562235865932656e+06
3.477191431650464419e-07,3.073187645896913018e+06
4.762393578884207026e-07,2.237072447286400944e+06
3.741672784469450284e-07,2.956974763975822367e+06
3.507442106267142792e-07,3.171950895217224490e+06
4.370589479802227001e-07,2.538020525815169793e+06
4.139989973898910020e-07,2.701528045734646730e+06
7.868019698369703812e-08,3.784175667213892937e+07
2.257203308242589493e-07,3.677522738330692984e+06
3.253157889891407482e-07,2.611946068427825347e+06
2.450581931950514202e-07,3.828762556629490573e+06
3.776971434868636985e-07,2.465506502131587360e+06
4.193545755934316854e-07,2.364449935142403468e+06
4.555197684167522777e-07,2.147885107662446797e+06
2.712419629664651311e-07,3.853318912518625148e+06
3.170761007386495415e-07,3.646021958010716364e+06
3.729048507940429117e-07,3.684603238659910392e+06
6.856344734906527870e-07,2.283429966644849628e+06
8.150680946661808781e-08,7.673402067159296945e+06
2.257203308242589493e-07,3.677522738330692984e+06
1.034754047286666060e-07,9.032547256811771542e+06
2.027337337880913970e-07,4.476524583037226461e+06
2.450581931950514202e-07,3.828762556629490573e+06
2.992955763689081860e-07,3.138456134044830222e+06
2.600366009942984587e-07,4.181171202005099505e+06
2.228552796654417879e-07,5.110310468536698259e+06
2.960509802329324347e-07,3.978708600237682462e+06
4.110550658936901372e-07,2.932531213888551109e+06
4.367500152537470809e-07,3.207745510699267033e+06
4.832836424422199669e-07,3.067341078177397605e+06
6.232884158479263940e-08,3.654484502574115992e+07
1.779225890142427423e-07,1.833858487202497944e+07
1.430890754669689453e-07,5.720621145148226991e+06
3.117769643532194110e-07,2.935319772852063645e+06
4.307746530901526577e-07,2.218810166551853996e+06
2.452694748606439425e-07,3.941434154366652481e+06
3.457147557159899428e-07,2.679834577756561339e+06
4.717185717494556476e-07,2.074155965085770469e+06
1.513290940715245621e-07,7.272682918028645217e+06
2.693298405954975062e-07,3.965577076978588477e+06
4.281846248795490118e-07,2.952554290135393851e+06
4.398866278833809810e-07,3.022527041872709990e+06
3.462156842486531919e-07,1.245450809611405712e+06
1.747270754614096382e-07,1.275313824053747021e+07
5.127969456824035392e-07,9.825863634781982983e+05
8.153209404040660491e-07,1.238573658962927293e+06
1.892587719082800349e-06,5.149707804412494297e+05
1.061159087525896318e-06,9.862540956945422804e+05
2.065575301406077176e-06,5.371569806862331461e+05
1.356189557790811510e-06,8.798072363564939005e+05
1.327857367143426247e-06,9.853958919582102681e+05
2.472978769068745023e-06,6.335339589774796041e+05
3.433805669207655077e-07,1.740704184884075075e+06
3.254545102447505879e-07,2.022842774333695183e+06
7.205857387922887517e-07,1.299210688714293996e+06
1.636543066403858606e-06,5.630817688765682979e+05
1.943086846272612059e-06,4.804599832716945675e+05
5.914377263434897707e-07,1.833301656450594310e+06
1.061159087525896318e-06,9.862540956945422804e+05
1.409683268100711480e-06,8.804734571844249731e+05
1.279836412088115314e-06,9.797906245255107060e+05
1.015504897287752905e-06,1.208600522152607562e+06
1.556017597530240082e-06,8.551835455843370873e+05
2.468510450487057244e-06,6.348025187557835598e+05
2.236637961434783928e-07,2.919906988662541844e+06
3.328897343664554635e-07,2.086515950982453767e+06
3.427594748542903565e-07,5.725857956678601913e+06
3.988166955301126541e-07,2.045734019629464019e+06
4.066019283685644242e-07,2.020577866096738493e+06
4.090291959631066849e-07,2.084187240572523093e+06
3.556552272179218245e-07,2.466539365669723600e+06
7.381598099105177315e-07,3.241521200701922644e+06
4.452745636124383298e-07,2.907810057837780565e+06
1.569657229722588714e-06,9.984079847752503119e+05
1.234385114044568109e-06,1.359344559366028290e+06
2.824825960610824237e-07,2.219677536226233467e+06
1.681927075332622960e-07,4.273252140596672893e+06
3.402772697484899481e-07,2.960040403536088299e+06
4.309250305255546471e-07,2.428956987294597086e+06
3.386509721170334410e-07,3.193267367661393248e+06
2.980036431625574032e-07,3.821055101030434016e+06
1.627918223509367969e-07,6.792678099054779857e+06
2.950797443493439065e-07,4.049603848216835875e+06
4.252137629678406197e-07,2.927069533859755844e+06
3.408232481348737249e-07,3.606367842766365036e+06
5.008808028790408070e-07,2.705068071849988308e+06
5.987405314528123196e-07,2.343466024078276474e+06
5.576600943736606989e-07,2.654841905772613361e+06
7.695935344306577615e-07,2.037112097358898725e+06
1.500690892645099637e-07,4.360708708266071975e+06
2.443018084904258605e-07,3.174949153101793490e+06
1.681927075332622960e-07,4.273252140596672893e+06
2.572693694993699293e-07,3.427088642743567470e+06
3.212055417897540651e-07,3.482437007705575228e+07
5.123085659311176916e-07,2.002476129715749295e+06
3.012143221432578782e-07,3.291885967687199824e+06
3.917228674684935398e-07,2.797849673294683918e+06
4.309250305255546471e-07,2.428956987294597086e+06
3.386509721170334410e-07,3.193267367661393248e+06
7.383741581211371023e-07,1.902823403222084977e+06
7.056121955936152461e-07,1.983432574588056887e+06
1.460254609497844098e-07,4.306826772506549023e+06
1.264239684975177824e-07,5.291469824005091563e+06
2.443018084904258605e-07,3.174949153101793490e+06
2.479100954862055689e-07,3.409106541644381825e+06
2.902472900903864207e-07,3.645160662123161368e+06
3.785103083263569488e-07,2.787864988555114716e+06
4.116058480325665022e-07,2.762135285303714219e+06
4.211281601317453958e-07,2.839349653189653065e+06
3.136509528981900499e-07,4.643743573857370764e+06
3.675835193804277687e-07,3.468141084333762992e+06
3.811573575404032097e-07,3.614955327930123545e+06
7.040351259872997977e-07,2.225092358300159220e+06
7.495095004457964367e-07,2.090796669900813140e+06
8.917943648417094197e-08,1.068524711768227220e+08
2.650292702872568613e-07,2.865375989037138410e+06
1.222314976265690455e-07,5.252579851646456867e+06
1.859420966517060007e-07,4.364918089750543237e+06
1.723835368763266301e-07,5.299381867228827439e+06
3.294711452090704648e-07,3.341459561247982085e+07
3.040342104857455246e-07,3.324604961003834382e+06
3.668894458528913152e-07,3.018461310087315273e+06
4.444680997662888385e-07,2.559664599393233191e+06
5.326738967794914557e-07,2.631518194926991127e+06
7.417942531184388663e-07,1.996583532572591910e+06
9.891445973361160156e-08,6.630150998985684477e+06
6.620493644224525455e-08,1.083637569764344580e+07
1.070211277844314818e-07,7.500317451705186628e+06
2.193982293674109109e-08,3.514946408560785651e+07
8.755730397368337330e-08,1.248945433349528015e+08
1.086663265308148418e-07,9.381011407117666677e+06
1.185593875594613150e-07,9.120939531083717942e+06
1.061570256776136394e-07,9.935317544554458931e+06
2.506602492226600199e-08,4.554500053295253962e+07
1.414817718785082274e-07,8.132095569600840099e+06
9.081016121453881328e-08,1.373728783190161735e+07
2.729411403617481117e-08,5.021006887713476270e+07
1.061146335304289058e-07,5.744348617738244124e+06
3.634514550890903027e-08,1.826371938613586873e+07
1.050819455144172833e-07,6.142648088159243576e+06
9.891445973361160156e-08,6.630150998985684477e+06
1.342445779780112892e-07,5.153465727189444005e+06
1.165801626593064325e-07,6.163484793582336977e+06
1.574287008341889069e-07,5.671333968255404383e+06
9.827142517169232122e-08,1.104565537355404533e+07
1.795402355121111275e-07,5.831311638462595642e+06
1.240168012886265669e-07,9.240934701847219840e+06
1.342445779780112892e-07,5.153465727189444005e+06
1.123198934878051211e-07,7.442343224793598056e+06
1.165801626593064325e-07,6.163484793582336977e+06
1.150791899609407651e-07,7.835403782459921204e+06
1.371705349795779416e-07,6.975611432322255336e+06
1.210389348962323546e-07,8.195881746369470842e+06
1.346417587059133584e-07,7.385303877181636170e+06
9.827142517169232122e-08,1.104565537355404533e+07
1.673538752431173560e-07,6.931469450814787298e+06
1.699645017576823699e-07,6.831283563082537614e+06
1.240168012886265669e-07,9.240934701847219840e+06
4.020659996760582929e-08,2.738617122972594202e+07
8.553609708221706798e-08,8.297995748406508937e+06
5.533471416616351900e-08,1.574322889308845997e+07
1.150791899609407651e-07,7.835403782459921204e+06
6.682583509887505854e-08,1.466631929678208940e+07
1.210389348962323546e-07,8.195881746369470842e+06
1.130136493725650523e-07,9.172889139170639217e+06
1.346417587059133584e-07,7.385303877181636170e+06
7.375114374316856193e-08,1.640070161961282045e+07
1.225099982613053455e-07,9.341335315726984292e+06
8.641677255556963037e-08,1.509479607400455326e+07
9.391225409857688280e-08,1.400107178520318866e+07
1.554814184385121020e-07,8.296328186864050105e+06
1.716832335852440089e-07,8.160331809519873932e+06
7.348674653968388578e-08,8.283894597265136428e+06
9.160750997847377412e-08,6.164101773388442583e+06
8.908368761531549902e-08,6.851381457398663275e+06
1.452009882191237314e-07,6.865636709111806005e+06
5.195537979782565351e-07,1.816236859750200296e+06
5.283554727130064346e-07,1.859535784570351942e+06
4.445356844242017195e-07,2.549179026129759848e+06
4.325988666245520261e-07,2.861249819342361763e+06
4.113317270296302011e-07,3.116769508588378783e+06
3.280806980148133898e-07,3.906527420907093678e+06
7.022979448135962044e-07,2.178071620678857435e+06
2.970931217515566782e-07,1.972014413280823734e+06
2.726306030065736014e-07,2.258157613624049351e+06
7.870507079627478060e-08,8.937332348970692605e+06
1.181895200681943520e-07,6.084252473825216293e+06
3.825834392193141509e-07,2.590319376819594763e+06
4.445356844242017195e-07,2.549179026129759848e+06
3.236402758802563289e-07,3.642876017826960888e+06
4.093509829251111852e-07,2.908729878164790571e+06
4.025574555629811421e-07,3.086843312448705547e+06
4.091582458705550311e-07,3.184423399850666989e+06
7.701146759420064336e-07,1.922298817807533545e+06
7.368969790641542100e-07,2.125745321917916182e+06
7.114075649505039444e-08,3.204734101613559946e+07
1.787668576128788807e-07,5.139665400486909598e+07
7.333217935469222626e-08,1.097378401842438243e+07
2.171370309771186232e-07,4.392161231170686893e+06
1.830118442748596911e-07,5.204611897886535153e+06
2.025834849308210662e-07,5.410785453744415194e+06
1.996708038742147260e-07,5.630204219058348797e+06
2.601767518110737097e-07,3.952668283762501087e+06
3.002295334687796205e-07,3.831723989275099710e+06
3.466551996572505138e-07,3.545789301105948165e+06
3.323789436943531340e-07,3.822504049386775121e+06
2.439132637351624964e-07,5.539264891395462677e+06
4.971344542566437988e-07,2.987550538729170337e+06
1.341459534571001691e-07,1.321693325983092561e+07
2.784328407483157218e-07,2.351303692667875905e+06
2.016244299989341455e-07,3.655465931392136030e+06
2.739794294195840857e-07,3.249040343371666502e+06
2.374905885389495214e-07,3.564315184009401593e+06
3.284745980659837400e-07,2.956578768175213598e+06
3.098325438272016583e-07,3.445932245902045164e+06
4.175125767475052640e-07,2.677997659771972802e+06
4.769798194774426198e-07,2.272561168873492628e+06
4.509147240002624109e-07,2.638016847796875052e+06
4.053289669146025109e-07,3.248803968554902356e+06
6.517621998248115048e-07,2.154612327967460733e+06
8.166019479197946807e-07,1.809996941718598595e+06
2.975417358521245649e-07,2.028126261350680375e+06
3.874967228624549982e-07,1.636512225677254377e+06
4.893603707653511792e-07,1.839249354534761049e+06
5.589566102699746079e-07,1.692706304316173540e+06
5.625638566859744908e-07,1.687758339780095033e+06
7.864792299585959161e-07,1.326371214839175576e+06
5.687421968258201928e-07,1.952646618546091020e+07
5.534922270590419488e-07,1.844775953013041988e+06
1.277620584870382022e-06,1.040973934335929109e+06
8.127938622702794730e-07,1.704654662426439347e+06
6.542832428956814516e-07,2.211520216481700074e+06
1.442787514609190754e-06,1.093971428000242449e+06
1.630464481807921948e-06,1.020105468676306307e+06
2.481401165183097252e-07,9.927754665531804785e+06
2.822128908610290404e-07,1.902218953226578655e+06
8.339922135147468979e-07,8.997742939875011798e+05
8.823170638464597861e-07,1.038749451528691454e+06
4.371232531138305151e-07,1.932194894170946442e+06
9.286239484144689319e-07,1.051451776287919842e+06
8.795489182844442553e-07,1.109084546171967406e+06
9.866487989931728036e-07,1.144486906224369537e+06
7.787890074485576249e-07,1.575842388419872383e+06
9.239877791818776615e-07,1.350317370135711972e+06
1.678300773562305401e-06,9.340002189986520680e+05
4.967052436120163582e-07,1.008005924118027207e+06
2.822128908610290404e-07,1.902218953226578655e+06
8.845067175900459829e-07,7.618213822408397682e+05
2.657344121392074840e-06,3.412079042050024727e+05
2.487881885132961484e-06,3.821542834706321592e+05
1.678463402619536748e-06,5.929845262843084056e+05
1.959577143304248346e-06,5.380271146386906039e+05
2.060001517834231812e-06,5.708816900342269801e+05
2.650654123853564851e-06,5.644187466539447196e+05
3.422912796846384670e-06,4.583223856636583805e+05
9.122513016537068759e-07,2.796106876368104946e+06
1.567894498230211277e-06,5.096844985062732012e+05
2.657344121392074840e-06,3.412079042050024727e+05
2.487881885132961484e-06,3.821542834706321592e+05
1.678463402619536748e-06,5.929845262843084056e+05
1.783829926958965071e-06,5.896570686819406692e+05
1.959577143304248346e-06,5.380271146386906039e+05
1.550651348825568019e-06,6.969772617868285161e+05
1.426926380523146637e-06,7.628089418266698485e+05
2.060001517834231812e-06,5.708816900342269801e+05
2.701999098884485394e-06,4.924797880901806056e+05
3.477173890946577824e-06,4.033993494191906648e+05
4.219970071789185468e-07,9.976595608762776246e+05
1.434321763998124816e-07,4.760322071776179597e+06
6.743869008588103814e-07,1.302747477414395893e+06
1.058289462239932025e-06,6.836726313547899947e+06
4.754924679177698668e-07,2.073897929157052189e+06
1.020207212241405766e-06,1.032487157866399386e+06
1.209907599108013838e-06,9.715860741040287539e+05
1.282936499647948842e-06,9.320582721652982291e+05
5.313995704082757394e-07,2.217579160617763642e+06
1.771856190936224916e-06,9.581469400819429429e+05
2.405483789533014591e-06,6.549109074659779435e+05
2.571042525030167952e-06,6.113568533226769650e+05
1.685032390796287239e-07,3.462893199096487835e+06
3.312215178813214972e-07,2.605366293417287525e+06
7.091660938309656376e-07,1.324236250957198441e+06
4.653878472945862392e-07,2.073089571234734962e+06
7.045062457773571660e-07,1.447861970505290199e+06
6.230563905921541716e-07,1.625816552931673592e+06
6.890374747621716577e-07,1.551601979260945693e+06
5.779709747044640336e-07,1.851064401311742142e+06
3.184589202010727647e-07,3.347475803560528904e+06
5.256836419783287241e-07,2.246403092357001267e+06
4.012208929387217709e-07,3.145711333252558950e+06
8.726788605651842135e-07,1.696539696521742968e+06
4.629502607850285901e-07,1.298640799973839195e+06
4.377685300008693699e-07,2.529348657279251888e+07
6.566806889207692123e-07,1.410006516843124991e+06
3.426591119232325378e-07,2.866749779101041611e+06
4.140030489268234180e-07,2.472198093872190919e+06
3.241052700174433229e-07,3.253756918142256327e+06
4.130669430568858400e-07,2.601748645406318828e+06
4.518632052536657777e-07,2.536582441293804906e+06
5.935774502549097610e-07,2.089355385007890873e+06
6.365108385131833772e-07,1.992182170891840709e+06
6.808419957073076475e-07,1.953560288261698093e+06
8.932472785955386551e-07,1.483526590415233979e+06
9.661878731426934053e-07,1.449787712927752174e+06
1.063067632689257618e-07,1.167273765573036298e+07
2.629926108579170486e-07,3.191702521042332053e+06
2.680647442658447147e-07,3.222716917008465622e+06
3.709252612982992902e-07,2.523194407890576869e+06
3.417225411215604756e-07,2.929617258972747251e+06
4.285376038743148046e-07,2.286413592884012498e+06
3.956417263619498065e-07,2.844900437678195536e+06
2.743631267857443831e-07,4.195570576686161570e+06
6.263049038054520348e-07,1.931374709720493527e+06
5.759494484329716659e-07,2.434947558537672739e+06
6.779675027404243943e-07,2.183918000493237283e+06
1.266140279933863870e-07,4.306033961079668254e+06
6.094503336643122554e-08,1.022617133920197375e+07
1.333618816876620754e-07,5.971743783458069898e+06
1.043788570691630280e-07,7.976535583341903053e+06
1.762210511819682468e-07,5.244530739172074012e+06
1.311491630089182653e-07,7.948525850362977013e+06
2.290786987864286919e-07,4.682880214166666381e+06
2.590262177432431936e-07,4.651137664836402982e+06
1.980814171416144484e-07,5.952786656039314345e+06
2.504227925976085367e-07,5.325060239266940393e+06
3.649638861444518027e-07,3.848310749209049158e+06
1.563362306519309367e-08,1.459612023228993118e+08
1.434225174469477556e-07,2.723624474536336027e+06
1.550230268542635245e-07,4.294980625729091465e+06
1.212724671454264272e-07,5.678845163817588240e+06
1.760327914141961283e-07,4.226381094360076822e+06
5.380098766631848811e-07,1.908036582323638955e+06
3.803641034578013566e-07,2.866802368223126512e+06
5.183778594825164769e-07,2.265248056525675580e+06
3.835039730295082180e-07,3.054728538768790662e+06
4.064574438758391516e-07,3.263358126498921774e+06
8.799281939616240394e-07,1.683780265035769902e+06
1.842202723758341090e-08,1.225676119092369527e+08
1.835058448622205843e-07,3.573658702830363531e+06
2.852792012149180247e-07,2.207401874795468058e+06
4.228709600739306924e-07,1.824657041790449293e+06
4.495423538801583408e-07,1.961715602081859950e+06
3.330767642553393289e-07,3.302036338024590164e+07
5.630222951232419525e-07,1.894040218881185167e+06
4.146021498226542077e-07,2.697868317928455770e+06
4.804182600553285605e-07,2.295050768733483739e+06
4.621478081775212000e-07,2.588964446374764200e+06
5.151344646781005122e-07,2.406787448831693269e+06
8.025745539079604158e-07,1.662177847958306316e+06
8.932039930279949252e-07,1.658047047093246132e+06
4.226435788281201181e-07,1.352254638384766644e+06
2.852792012149180247e-07,2.207401874795468058e+06
3.385987851521099792e-07,1.985319625863938825e+06
4.403555374808383337e-07,2.305438337736005895e+06
5.684289397856028136e-07,1.804745363334434573e+06
5.921352986336602098e-07,1.711175708191766171e+06
6.075161981893185362e-07,1.750576781057822285e+06
6.257578233161941208e-07,1.773752146436232142e+06
4.146021498226542077e-07,2.697868317928455770e+06
2.507005279793529874e-07,4.993438817486379296e+06
4.490774506361479051e-07,3.043576554525589105e+06
8.273925391361406919e-07,1.790880277418359416e+06
4.331901413413322136e-07,1.205088805037315935e+06
3.149650512647403740e-07,1.918257660542916507e+06
5.700045092291144647e-07,1.976303373357041180e+07
5.197939559025692691e-07,1.839978340553056682e+06
5.921352986336602098e-07,1.711175708191766171e+06
7.540142196852384492e-07,1.439724122058084002e+06
6.075161981893185362e-07,1.750576781057822285e+06
6.257578233161941208e-07,1.773752146436232142e+06
5.948336304923710663e-07,2.003101512070161058e+06
6.426012824302817145e-07,1.925115306145686191e+06
1.287133649602660462e-06,1.031885542786405073e+06
1.106374748329623922e-06,1.337890297203164781e+06
4.797478912650009450e-07,1.741136859796666773e+06
7.601687375682913793e-07,1.199202938147041714e+06
8.803567899220996824e-07,1.036344453585672658e+06
8.091304106479514038e-07,1.160789737199001713e+06
3.747336353201704852e-07,2.506438179361647926e+06
9.176294882776604053e-07,1.027084103929198231e+06
5.864442168075797370e-07,1.779566372752540279e+06
8.663862418763407510e-07,1.180677999283787329e+06
8.763383235739716296e-07,1.162601230466510402e+06
6.780869444395661443e-07,1.557455554318627575e+06
8.236284749931133021e-07,1.337624074019623687e+06
7.467939298394144060e-07,1.563486260767228436e+06
5.130807863650350739e-07,1.098608887717171805e+06
5.084481042369156261e-07,1.648850435519605875e+06
5.974187897477312115e-07,1.405095472642247099e+06
3.222331541318082267e-07,2.848538421168288216e+06
3.629379594318774836e-07,2.695456719813209958e+06
5.864442168075797370e-07,1.779566372752540279e+06
6.780869444395661443e-07,1.557455554318627575e+06
8.236284749931133021e-07,1.337624074019623687e+06
7.737760065683848379e-07,1.524378984555866569e+06
5.846334595140148655e-07,1.973385947654689429e+06
7.467939298394144060e-07,1.563486260767228436e+06
1.210540796267786993e-06,1.224081084221533500e+06
3.802946098973561965e-07,1.102449797683271114e+06
5.024547723321256438e-07,1.113539753032267326e+06
5.084481042369156261e-07,1.648850435519605875e+06
5.974187897477312115e-07,1.405095472642247099e+06
9.855394617308621928e-07,8.996510480905825971e+05
1.103847959459169291e-06,8.466876074751564302e+05
3.109921390426823982e-07,3.070876700605020393e+06
9.987343478654731089e-07,1.186617599996076664e+06
5.817609268231671721e-07,1.984401717854383169e+06
1.778809857899400219e-06,8.813061520534734009e+05
5.024547723321256438e-07,1.113539753032267326e+06
9.855394617308621928e-07,8.996510480905825971e+05
1.103847959459169291e-06,8.466876074751564302e+05
7.613632986980948912e-07,1.225505485581658548e+06
6.763170044886921070e-07,1.461836170482153771e+06
4.731801421113401961e-07,2.328404771454296075e+06
8.961471108381886390e-07,1.311507128238631412e+06
7.820223098581806640e-08,7.181660847903057933e+07
9.987343478654731089e-07,1.186617599996076664e+06
9.650813264928614754e-07,1.233938592182311695e+06
7.280199496353999692e-07,1.714068462689823005e+06
1.452467566022417938e-06,9.664032676390557317e+05
1.795335151790797921e-06,8.241424261295344913e+05
1.937996206844309172e-07,6.094883755804555491e+06
4.815744977575059036e-07,1.103081630195469828e+06
2.837548917607071514e-07,1.967601096125992481e+06
2.333274902318505328e-07,2.445247940744962543e+06
6.998608119454533039e-07,1.353649247964898357e+06
7.403182980821182771e-07,1.315854038133407477e+06
9.365944873952022487e-07,1.195331607103037881e+06
1.016564831402772365e-06,1.116562423388326075e+06
7.280199496353999692e-07,1.714068462689823005e+06
1.434551139038939263e-06,1.033814854798598564e+06
2.837548917607071514e-07,1.967601096125992481e+06
2.333274902318505328e-07,2.445247940744962543e+06
3.231880179043863197e-07,1.895350782681975281e+06
1.941199771044942094e-07,3.353343927294953726e+06
1.954065778942213627e-07,3.768180411959258839e+06
4.480545296786465657e-07,2.303012308172904886e+06
4.912818854586142346e-07,2.075569247053128434e+06
4.277032269262615514e-07,2.615722841560918838e+06
4.286801350759330737e-07,2.893187176086883526e+06
5.697274040093743385e-07,2.371016446053448133e+06
7.655280290994554822e-07,2.170886692697053775e+06
3.231880179043863197e-07,1.895350782681975281e+06
5.000442531539070433e-07,1.789879658849203028e+06
5.662987179712499980e-07,1.598733561408962356e+06
1.964105223573754137e-07,4.201976809018179774e+06
4.214798921476948237e-07,2.334357325115945190e+06
4.694012748868722654e-07,2.181681579994919244e+06
4.480545296786465657e-07,2.303012308172904886e+06
4.912818854586142346e-07,2.075569247053128434e+06
4.244177763022032144e-07,2.440591507865079679e+06
3.254320433799619559e-07,3.317116768543065526e+06
6.505596805108662440e-07,1.951819763104890240e+06
1.887764242840125016e-07,7.102761460551823489e+06
1.424072074888096071e-07,1.069021689015001059e+07
1.818031250870132928e-07,3.953144939825592563e+06
1.431341120615187315e-07,5.170067566692947410e+06
2.206248197552080481e-07,1.407025311947985739e+07
2.516910250548248014e-07,4.215845549462175928e+06
2.433410780544481779e-07,4.380056739201446064e+06
3.730915832637463524e-07,3.017831551363559440e+06
3.242512139983142638e-07,4.076491482895125635e+06
3.719840507438359060e-07,3.527297830594216939e+06
5.557331177240150618e-07,2.683385499021150172e+06
6.443625526917979870e-07,2.435082562091013417e+06
6.476018717704453527e-07,2.563442388798159547e+06
9.398524081285076186e-08,2.285393830242818967e+07
2.149960177846772243e-07,4.543271900838745758e+06
1.424072074888096071e-07,1.069021689015001059e+07
3.634507883395359512e-07,2.636500553140015807e+06
4.379150774440313756e-07,2.288819070182837546e+06
7.627355657427258874e-07,1.515355256141279824e+06
1.123477926655753948e-06,1.117156138642627280e+06
9.032079091085428098e-07,1.433733461096274201e+06
8.368029103946682752e-07,1.858772016662691720e+06
1.515676853012654404e-06,1.033680833607657347e+06
1.915241691345925327e-06,9.273655948078746442e+05
2.132503415337621950e-06,8.294560004265519092e+05
4.559375423389048395e-07,1.161158297686311649e+06
4.773456491495227712e-07,1.188334458117578877e+06
9.627344382820322168e-07,9.659476227189281490e+05
7.562766013479255576e-07,1.329252326409382513e+06
1.144837167849672375e-06,8.479459432485045400e+05
9.468403622301607321e-07,1.061198100331287133e+06
1.310069692336795889e-06,8.575887927869589766e+05
1.330006852132708515e-06,8.872131193794157589e+05
1.126208153618403450e-06,1.111257418889177730e+06
1.005066887699205127e-06,1.305959265842371853e+06
2.229299430860937239e-06,6.640017166177959880e+05
2.055028722753055511e-06,7.211593372905864380e+05
4.955902808062969782e-07,2.262677050816746056e+07
1.038100688708153232e-06,7.787912456412854372e+05
4.435491736492370848e-07,1.868891772085142089e+06
1.435577656180118077e-06,6.361691888256726088e+05
1.185413036111943424e-06,8.511071207697432255e+05
1.573179183367949005e-06,6.185717705725827254e+05
2.448559284114234516e-06,4.184257712105820538e+05
1.513943373580341576e-06,6.929529343693197006e+05
2.128810658802044665e-06,5.300746652432738338e+05
1.675377455176087711e-06,7.519100613894789713e+05
3.296503062750056993e-06,3.668815436102739768e+05
3.460586803901160090e-06,4.532327678051035618e+05
1.258615287511684537e-06,5.711753854884583270e+05
9.031941234185660463e-07,8.262076738921401557e+05
8.428317300669089452e-07,9.227599001755018253e+05
1.355451696950293558e-06,8.370395202589163557e+06
9.484569928463460612e-07,9.674002802963424474e+05
1.957224390205460377e-06,5.362172707283502677e+05
1.413816253183547490e-06,7.536095245156837627e+05
2.226377838418740744e-06,4.834471449294125778e+05
2.061016851609698207e-06,6.015672468960161787e+05
2.097705391836325198e-06,6.360656462698199321e+05
3.398462880437875135e-06,4.131549727091872483e+05
3.551930295317359662e-06,4.413620926200916874e+05
8.651907052405448071e-07,8.695248414147088770e+05
6.055156663640210249e-07,1.176279018827266293e+06
6.409601485132141370e-07,1.100841157953015063e+06
8.815816305232210596e-07,8.774238920544519788e+05
1.022049636160254584e-06,8.032168100014511729e+05
9.910059407202588702e-07,8.931890573152441066e+05
7.319176744107867183e-07,1.292873335244451417e+06
7.505713485696239361e-07,1.353889604902021121e+06
1.413816253183547490e-06,7.536095245156837627e+05
2.096411693068135241e-06,6.707575349287831923e+05
1.024862304261534525e-06,1.619674412673566723e+06
3.392656425046557850e-07,1.921522146321592154e+06
5.897591814920432409e-07,1.556841037121938309e+06
7.587593098847426763e-07,1.266399880393233383e+06
7.319176744107867183e-07,1.292873335244451417e+06
5.344389773983510798e-07,1.811334472742471611e+06
7.505713485696239361e-07,1.353889604902021121e+06
1.028873205703637793e-06,9.924759454403556883e+05
9.770368773771687032e-07,1.050485221380215371e+06
8.949934554141077196e-07,1.135352577567907050e+06
8.881256646592230252e-07,1.187594700990481768e+06
8.856188888757880761e-07,1.201649872159088496e+06
7.109951083843704122e-07,1.803247792897639563e+06
2.169636103683924937e-07,2.166886763430288993e+06
2.504672106496486308e-07,3.408647377699434757e+06
3.000088234511074765e-07,1.785222255452522077e+06
2.799987648759535462e-07,1.884713058995823842e+06
6.291784736673777814e-07,1.830112095962584950e+06
8.103479568764248818e-07,1.537489917419554899e+06
6.700212930410745257e-07,2.053213849200644996e+06
7.768743600826496445e-07,1.769481881919110660e+06
6.739862389444927441e-07,2.141359392562387511e+06
1.169249826022581550e-06,1.420428639031213243e+06
1.415027797429683232e-06,1.173559400582062313e+06
2.615502504016368348e-07,2.393975582536408212e+06
2.459654349925673741e-07,3.277195069986798801e+06
1.401412275744419294e-07,6.942862421346236952e+06
3.019937422478118647e-07,3.317372947203090414e+06
3.545859536724661118e-07,2.876977466906418558e+06
3.406894292536122609e-07,2.997872611263685860e+06
3.566903243037755655e-07,2.957084260144728236e+06
2.438093906347638121e-07,4.597613773129403591e+06
2.791968203595428453e-07,3.956171573228268884e+06
3.243152045815474121e-07,3.676920708417018410e+06
3.335479786570514937e-07,3.747494410085635260e+06
6.211700518670774221e-07,2.381327662635469809e+06
5.793307729687380638e-08,2.859097385901293159e+07
1.069333568603518287e-07,7.674322285405454226e+06
3.490413995643417892e-07,1.370925605820696335e+06
4.132371442646774434e-07,1.638923685280592879e+06
4.199441614903282553e-07,2.177484854919119272e+06
4.332411113062077974e-07,2.181871546856916975e+06
3.541287912922239485e-07,3.515401034500533249e+06
7.240783887048272707e-07,1.719345830213450594e+06
9.204252967721639962e-07,1.397462740769924130e+06
5.010293358341430681e-07,2.588336772126479540e+06
8.606687744142308648e-07,1.717505882393866777e+06
1.348463259503433088e-06,1.162554449662634870e+06
1.137085704303375154e-07,4.988033559618900530e+06
6.849962523145911757e-07,9.693090160417215666e+05
8.255828373066158479e-07,1.070856563812887296e+06
5.244813776631694254e-07,1.731035232183630578e+06
9.698492873329305087e-07,9.342437784428414889e+05
9.361069697314831472e-07,1.012600368021729984e+06
8.723959795620243884e-07,1.081161065910556354e+06
6.225270577637083787e-07,1.629007309354481520e+06
8.242994857399473634e-07,1.374431739750537323e+06
8.269650246514745876e-07,1.431932118208372500e+06
1.438833649673759522e-06,1.089515951561144553e+06
2.097864080485075860e-07,2.838760597788413614e+07
2.644831796946250261e-07,1.203465256251448765e+07
4.245546883713326122e-07,1.786980752800714225e+06
3.514851506243122664e-07,2.344600425640707370e+06
6.640240421887262307e-07,1.379545818405652652e+06
7.570198989199218123e-07,1.359709831044583349e+06
6.419019204433101783e-07,1.779167906813202891e+06
7.137243421699724494e-07,1.660265978718620725e+06
7.836200188662165338e-07,1.516119713755292585e+06
1.435903151870527929e-06,1.091826624515777687e+06
1.226325173330372664e-06,1.278232673610614380e+06
2.199541034579980353e-07,2.286518810226250812e+07
3.994624878030971632e-07,1.689185522249309579e+06
1.542552069900975599e-07,5.094402383741914481e+07
4.409030605063174052e-07,1.649152307306465227e+06
4.160496096386159189e-07,1.895460021622701315e+06
5.343256470006026437e-07,2.064459957738427445e+06
6.712895095140435335e-07,1.699032747446138877e+06
6.323630154226941742e-07,1.977472187361081596e+06
5.883014754702762897e-07,2.209454921721801162e+06
1.046854326492920450e-06,1.412963997070377460e+06
1.187437563469329360e-06,1.398888715581825003e+06
4.705954816341215387e-07,1.284023580133497249e+06
6.642723580724722803e-07,1.343533345997338183e+06
4.867965292662743891e-07,2.304304540432255715e+07
5.263108411240112211e-07,1.780364478589876788e+06
7.773721530366008827e-07,1.204017709504509578e+06
5.334876721640327150e-07,1.754951013082123594e+06
5.766780995675962344e-07,1.695884907429770799e+06
7.054885923429641440e-07,1.606993892468816368e+06
5.685557562934631018e-07,1.984402721973062726e+06
5.308396048645812996e-07,2.129529757819879800e+06
1.188536583740766278e-06,1.117414754019534681e+06
9.791055755837893740e-07,1.354575568931607064e+06
2.738506273043535279e-07,1.470144271885199007e+06
5.334876721640327150e-07,1.754951013082123594e+06
5.263108411240112211e-07,1.780364478589876788e+06
6.638861705301220562e-07,1.427246102480718167e+06
5.209704447806120199e-07,1.896870309546768200e+06
7.575521369079314099e-07,1.333457122381079709e+06
5.945156034888674383e-07,1.772021469757557381e+06
5.539831584933745720e-07,1.946670587674632668e+06
6.426975281737915043e-07,1.655720547272576019e+06
6.129580366832303544e-07,1.802462318563456647e+06
6.091005093633952015e-07,1.837300416461755522e+06
3.205642749626477026e-07,1.450792291455677478e+06
2.173278958898486779e-07,2.526722088389744982e+06
4.984497952145299047e-07,1.650590957912253914e+06
8.583890923321639048e-07,1.117224315035609528e+06
5.209704447806120199e-07,1.896870309546768200e+06
9.214275648846523446e-07,1.289362470998542150e+06
5.945156034888674383e-07,1.772021469757557381e+06
6.091005093633952015e-07,1.837300416461755522e+06
7.018915927255054230e-07,1.649541051434393041e+06
8.020192777503630380e-07,1.642889965297123883e+06
1.666454293896092201e-06,8.891115356561731314e+05
3.401020691336631449e-07,2.804440508500319347e+07
1.278335423648335923e-06,6.093709726379540516e+05
9.202366855485019875e-07,8.467830591057279380e+05
7.509207846545640745e-07,1.475479066528613307e+07
1.320341846734544698e-06,7.108369095598716522e+05
1.323448938188672957e-06,7.104409502512802137e+05
9.493512090935673944e-07,9.755806274646628881e+05
1.036816825332028140e-06,1.135203499914835440e+06
1.089646108964556105e-06,1.075017857154563535e+06
1.630458560407867243e-06,8.608215690146391280e+05
1.967368842156852134e-07,1.136609044077642821e+07
2.767155868833994943e-07,3.168073124629035220e+07
5.167380923147136828e-07,1.080205811008020304e+06
3.708127481894734739e-07,1.551367077127961442e+06
1.255117356497404345e-06,7.739085330671297852e+05
1.108359233740175377e-06,8.916445682014162885e+05
8.438424401888264886e-07,1.320887483461700613e+06
8.837299135242260324e-07,1.252527294508150313e+06
1.034318553453584719e-06,1.199116229969425593e+06
1.249311850312971735e-06,1.082070990519661922e+06
3.230597433928461019e-07,5.098491240974615328e+06
1.837670154395334145e-06,8.533128076589707052e+05
2.767155868833994943e-07,3.168073124629035220e+07
3.708127481894734739e-07,1.551367077127961442e+06
5.578129793529267033e-07,1.291366980889113620e+06
5.767632076236383547e-07,1.792332592987232376e+06
6.676103586967845049e-07,1.645503892742742551e+06
1.055080782532631919e-06,1.109243505291401874e+06
7.792306428116192108e-07,1.704160895190921845e+06
1.111612953820619658e-06,1.174020992695604917e+06
9.722803783039033146e-07,1.339548837805809220e+06
1.118898371687697487e-06,1.165591672618053388e+06
1.664208259827165666e-06,9.411580640751734609e+05
1.940782442327405931e-06,8.556038251439167652e+05
1.827453308431238560e-07,2.874519213948594406e+06
7.348924755217805173e-08,9.553685253971634433e+06
2.492440503035708919e-07,3.369647330852213781e+06
2.445040425316641551e-07,3.764443818569637369e+06
2.721625110255803681e-07,3.437945112415869255e+06
3.351968147136234787e-07,2.744727813618444372e+06
2.241673372911064070e-07,4.490480194499115460e+06
2.968150700972514430e-07,3.720750815390278399e+07
2.790780197105873698e-07,3.644803186892234720e+06
3.989160461919687727e-07,2.597214298416151199e+06
6.182018550698766406e-07,2.397396613575303461e+06
2.318909373978901054e-07,3.881333168414694723e+06
2.525140295023269930e-07,3.503226498615532648e+06
3.467661593306077763e-07,2.438490231373541057e+06
4.430702150115291726e-07,2.061698865758974338e+06
5.403674367371487169e-07,1.827661457124921959e+06
5.116586537008792662e-07,1.936463630682660732e+06
5.789713020258764996e-07,1.684011965444193454e+06
4.384229400561794091e-07,2.244814755927414633e+06
5.912808890917912467e-07,1.651474969628955703e+06
4.569399334923430184e-07,2.223473648014145903e+06
4.624344789888266170e-07,2.196911922393187881e+06
1.708974300442666000e-07,1.026487898174406216e+07
3.987570234384933455e-07,1.654134515342924278e+06
1.894109321193550877e-07,3.665620758084733039e+06
2.837295501103350633e-07,2.497105392132184934e+06
4.384229400561794091e-07,2.244814755927414633e+06
3.557377345672209800e-07,2.769105373790848535e+06
5.116586537008792662e-07,1.936463630682660732e+06
3.530331871533355675e-07,2.808137698830840643e+06
5.789713020258764996e-07,1.684011965444193454e+06
4.569399334923430184e-07,2.223473648014145903e+06
5.295466665904129369e-07,2.118044823284780607e+06
7.753978411994043919e-07,1.718666427803626982e+06
1.940385621196149825e-07,3.489142283128760289e+06
3.667521160691459180e-07,1.664957407053982606e+06
2.811141647099426478e-07,2.612731289178706240e+06
4.220763108285687274e-07,2.299043573904064950e+06
3.832876556698933738e-07,2.558805302671215963e+06
2.670806760744554637e-07,4.143331160407403484e+06
3.992846939661496452e-07,2.808418523642722052e+06
4.575503522836118008e-07,2.403304776573711541e+06
5.157166082384182736e-07,2.212744655039317440e+06
2.772286260620424572e-07,4.472050992703648284e+06
2.611083573267125812e-07,5.064522470886181109e+06
5.261309840737312365e-07,2.663208815758764744e+06
4.704037891749736708e-07,1.161716898419527803e+06
3.219391892528108590e-07,3.504293115314276516e+07
3.566662910258338389e-07,1.640897316158793401e+06
4.573085722842539519e-07,1.791103908797649667e+06
5.351831332469650435e-07,1.720238543419640511e+06
7.751858199386882871e-07,1.284727137570723658e+06
5.890001520967676004e-07,2.130084401583922096e+06
8.003802128333465879e-07,1.626058815948303789e+06
6.298803607641230414e-07,2.180255210615341086e+06
7.752360904274701619e-07,1.770461290667259833e+06
1.142640460200922880e-06,1.370268863989745034e+06
1.398929243310461663e-06,1.119872641230330570e+06
1.892680426960047936e-07,4.925043796410733461e+07
2.981957537444378380e-07,2.790102122409222182e+06
4.602945295504587790e-07,1.845400405394295231e+06
5.919473368133290575e-07,1.553490126686643343e+06
7.505683607963249595e-07,1.325131065194081049e+06
1.017859245519164173e-06,1.000056003155573504e+06
8.348502000588380043e-07,1.212511014511950780e+06
9.971112198767727913e-07,1.023496423558318405e+06
8.334906263350762039e-07,1.383859844575875439e+06
7.087947359451221750e-07,1.628589835182338720e+06
8.754636365744512200e-07,1.701944541006969288e+06
2.132618210874340032e-07,1.169044230690031312e+07
1.177185283950531410e-07,4.916482764575432986e+06
3.005061129607341108e-07,2.614822423576143570e+06
5.769527908333535743e-07,1.475761794836357003e+06
4.829578770321340541e-07,1.749759108721424593e+06
4.362026660869658632e-07,1.953520626924999757e+06
6.170512749562592741e-07,1.411332158897060901e+06
6.545178078851034250e-07,1.340093743640191620e+06
6.376253564192512538e-07,1.426502738794861129e+06
1.985229171505475071e-07,1.269309436874126643e+07
1.732602039200430311e-07,7.470011971913453192e+06
4.829578770321340541e-07,1.749759108721424593e+06
4.008830548433851348e-07,6.994061944710393436e+06
4.451619094220250473e-07,2.138874880625753198e+06
1.060485152838656617e-06,9.451880254839960253e+05
4.452921490830463915e-07,2.546090842531309929e+06
7.176197958769279566e-07,1.694496578332404140e+06
4.602785793623073019e-07,2.745812291485031135e+06
8.553790525240426906e-07,1.476368811627972405e+06
9.904087075007267104e-07,1.587031441719315015e+06
2.711050390128708779e-07,1.496585743047169177e+06
1.297744672971131459e-06,6.116701452717420179e+05
6.497317739830664994e-07,1.417489361358582508e+06
1.446691544056781365e-06,6.352641931812483817e+05
8.141177379661809792e-07,1.229552781647675205e+06
1.570000719451980980e-06,6.462838673992410768e+05
1.526850740243129136e-06,7.401759047883964377e+05
1.243457648963945447e-06,9.374878633363718400e+05
5.592809991352301734e-07,2.171239048440534621e+06
1.338745562288790049e-06,9.796783772331177024e+05
2.501701809037064268e-06,6.641694243251584703e+05
6.072955420621236398e-07,7.639716816899961559e+05
2.320391767717390841e-07,3.167768520790382288e+06
5.278054681395503562e-07,1.508458168976525776e+06
6.921121021908764096e-07,1.216897681632517138e+06
1.479952225024207181e-06,5.980495291460654698e+05
5.726929610682125385e-07,1.688778119460395770e+06
1.048253623284043598e-06,1.200863050036262721e+06
1.339833766662853207e-06,9.191989556227668654e+05
1.375374705957056208e-06,9.065189724238698836e+05
1.421355654801154600e-06,8.760099345816806890e+05
2.538898749880867220e-06,6.170648174267136492e+05
2.122911896938036464e-06,7.387284953823629767e+05
2.229495675295616491e-07,4.247326445627031475e+07
3.014113035025701765e-07,3.117847798476361483e+07
2.227318625916508605e-07,3.505108654422354419e+06
5.165180016709133275e-07,1.892319610952319112e+06
5.146152891198534635e-07,1.758535829857556382e+06
8.655759494750860843e-07,1.084957052598086186e+06
6.320204982196565783e-07,1.675737412017652066e+06
4.715123022872278707e-07,2.405175236535717268e+06
8.089334355873353434e-07,1.649919027224243153e+06
1.073558463254412032e-06,1.295549765231776983e+06
2.156207585944629020e-06,8.204735497034904547e+05
5.167888349903259506e-07,1.424087515293339267e+06
1.968165786508427120e-07,2.619425797874248400e+07
9.902168800022006911e-07,1.141060724368665740e+07
1.545046684876144804e-06,6.405939131490329746e+05
1.661217850232090659e-06,6.661080764627563767e+05
1.753784904062916681e-06,6.751612620407259092e+05
1.706780616067229957e-06,6.964617044952574652e+05
1.464134426568535750e-06,8.939721397093831329e+05
2.447932267968985517e-06,6.095533389382292517e+05
2.835908598925847971e-06,5.535505806749355979e+05
3.068955973427098182e-06,5.108128850439246744e+05
8.082459863404204228e-07,6.233240004969326546e+05
1.480546350502790764e-06,4.179242408253603615e+06
1.516174733879051342e-06,5.227814815915103536e+05
1.906817847915716251e-06,4.342203831061155652e+05
1.558293350537576648e-06,5.223940785427186638e+05
1.186390749406377809e-06,7.129902701009283774e+05
2.116804705085132975e-06,4.104526098962711985e+05
1.211973626052115016e-06,7.471444754784384277e+05
1.923220809249871393e-06,5.602120680254114559e+05
3.039942081489752730e-06,4.373795356559319189e+05
8.118452490819255872e-07,1.307215554855430964e+06
5.373836331934144232e-07,1.098487085187470075e+06
1.354040021375462273e-06,6.798031844739662483e+05
8.061663298885213055e-07,1.282656604087337386e+06
7.705020769340280856e-07,1.322746297633860726e+06
7.967221169024019056e-07,1.320905883652755059e+06
7.281657657201074737e-07,1.469933202811281895e+06
7.205058336557582001e-07,1.483736949220515089e+06
1.013914929078021466e-06,1.112885649103623582e+06
8.594779171556623468e-07,1.386792578005610034e+06
2.138572626129884629e-06,5.640552323070322163e+05
1.709706139419982068e-06,8.201472437603174476e+05
4.402065388631631386e-07,1.137568321250152774e+06
2.254461629546115558e-07,2.459227767175932880e+06
5.373836331934144232e-07,1.098487085187470075e+06
7.705020769340280856e-07,1.322746297633860726e+06
5.654635272338208693e-07,1.844714430390362861e+06
7.281657657201074737e-07,1.469933202811281895e+06
7.506379040540680425e-07,1.505019833899930120e+06
6.536543485117543074e-08,1.906373972099858522e+07
6.586965767101593143e-07,1.904055784638123820e+06
5.128521169582600623e-07,2.663530332034209277e+06
9.570842113569631033e-07,1.547115049026979133e+06
1.265419262229546545e-06,1.238918613008654211e+06
2.254461629546115558e-07,2.459227767175932880e+06
1.359481765328884621e-07,5.212841857358716428e+06
2.937180496285329394e-07,2.519552786836932879e+06
6.123130896508109792e-07,1.564758420714876847e+06
6.341079295407461081e-07,1.549999342863513390e+06
4.127749748489730765e-07,2.583599837235623505e+06
4.121295076934955567e-07,2.590515703548257705e+06
8.563706524770337299e-07,1.412232364583062241e+06
3.783158057467186153e-07,3.352406989489356987e+06
4.868650224431040173e-07,2.541657587785050273e+06
9.167657372491524821e-07,1.382381912537670694e+06
7.624914269188491966e-07,2.003609932459564647e+06
1.183376869333374880e-07,9.213911042441214621e+07
2.727998675196476737e-07,2.487790922681320924e+06
2.917885287595566270e-07,2.841256906681038905e+06
5.373159969599942445e-07,1.718525417974099750e+06
5.966578273110108603e-07,1.636859416736369254e+06
1.989099048860385182e-07,5.238896681009426713e+06
3.261785578958639531e-07,3.431165345822283532e+06
5.269913721022742884e-07,2.058760996256180806e+06
5.379903782545747034e-07,2.195826752501668874e+06
4.133447764189969519e-07,2.981853752906432375e+06
7.235614157584235069e-07,1.933823334532590117e+06
9.237132659259300324e-07,1.697444059134991607e+06
1.069286015101582688e-07,8.801056656944617629e+07
2.106167407743996296e-08,9.108453071016539633e+07
2.619354541057444551e-08,3.586937841928883642e+07
1.636600720227273176e-07,5.411584179176284000e+06
2.537602948141399827e-07,3.900463949458790477e+06
3.261785578958639531e-07,3.431165345822283532e+06
2.011744670393001304e-07,5.366982459580410272e+06
4.538912781760262846e-07,2.465761786470079329e+06
3.388639304879710424e-07,4.361555520077533089e+06
7.078251349784718507e-07,2.215062855735602323e+06
2.773822413940863562e-07,6.293551152091370896e+06
2.082149208660665680e-08,7.692849439639587700e+07
2.659397536212612138e-08,2.554284548429745436e+07
2.467188771600373771e-07,3.285111765193667728e+06
1.560385663184577587e-07,5.538184877198036760e+06
1.522867254701778518e-07,5.865037602516856976e+06
2.473942515738400019e-07,3.663804800114428625e+06
3.798950642505405356e-07,2.955453878253548406e+06
3.270384148510351908e-07,3.794865134510912932e+06
3.411730373959276401e-07,3.780894320706428029e+06
5.201994778985269602e-07,3.018211818045446649e+06
5.948249326108330710e-07,2.795096046055358835e+06
2.295841112838843945e-07,2.451677521868383046e+06
1.969108808540404743e-07,3.863950406708448660e+06
2.757954027717492592e-07,2.679970089633698110e+06
2.459037988836797331e-07,2.473216911232449580e+06
4.363840352424475836e-07,2.018417285173516953e+06
4.040092970335395601e-07,2.263301227528695483e+06
3.543129427913825442e-07,2.497034809323547408e+06
4.396219429346093435e-07,2.134076509293678217e+06
5.243160222374167657e-07,2.046701678122799378e+06
1.052289700238677981e-06,1.404206558240702376e+06
2.295841112838843945e-07,2.451677521868383046e+06
2.459037988836797331e-07,2.473216911232449580e+06
3.700062990227795059e-07,1.950112270232270937e+06
6.074197458647946429e-07,1.552371707126313820e+06
7.929420660460539046e-07,1.220593879324390553e+06
8.918251133191365174e-07,1.215769839635165641e+06
9.081307464665689076e-07,1.246514370953416219e+06
6.884332583157756734e-07,1.922910505696666893e+06
7.108721327599067844e-07,1.946729764221033081e+06
5.944777165778477163e-07,2.321602082672554534e+06
1.591404334093517276e-06,9.303950343218622729e+05
1.554670972106956402e-06,1.011046096879063174e+06
1.492142258688329735e-06,1.118745543083737837e+06
5.644962149306643051e-07,1.737219369481009990e+07
1.140166937004614349e-06,7.220229303186313482e+05
1.104353950094226480e-06,7.678336797346638050e+05
1.130607518779368548e-06,7.739761725160278147e+05
1.128329180166315590e-06,7.783805756330826553e+05
8.549629233050418059e-07,1.099747263688955922e+06
1.234146700681615847e-06,8.766752397049178835e+05
1.480245285979414753e-06,7.404990367272581207e+05
2.054243002248736401e-06,5.554072332422893960e+05
2.247571731188799760e-06,5.250107240770481294e+05
5.033344265551485263e-07,3.066865753822484985e+06
3.705217301841976674e-06,4.485428622413784033e+05
7.082280393792590186e-07,3.931696899090136401e+06
1.445316942715729075e-06,3.591594224041893613e+05
1.040613049894150261e-06,9.370014730437821709e+05
1.682385903962994914e-06,5.777534311474509304e+05
7.663989328805357712e-07,1.351475125186574413e+06
2.159638587966804614e-06,5.044330792923495173e+05
2.419256490702015188e-06,4.674013698662735987e+05
1.979381410061172044e-06,6.052822691407039529e+05
2.277529188966693086e-06,5.585908653866417008e+05
2.015283372710632089e-06,6.482223092844635248e+05
4.015678737088393600e-06,3.687890345236806315e+05
3.743380910701006180e-06,4.187897467254485819e+05
9.891511860125682227e-07,7.276344548603356816e+05
1.033341630492281094e-06,6.929871062058840180e+05
4.840773595153755882e-07,1.468469852875984041e+06
7.208191711110470011e-07,1.041754419215735747e+06
7.739496797885605875e-07,1.055129177696960280e+06
9.943317272091453009e-07,1.020075712295523845e+06
1.112915849064825727e-06,1.005987948224527203e+07
2.050977329201929437e-06,6.402474105119981105e+05
2.265850607735254518e-06,5.879291403774542268e+05
2.163129622760786543e-06,6.526640787749347510e+05
3.326485173465816601e-06,4.490654625769225531e+05
3.927352238077254107e-06,4.234217448524663923e+05
2.552745414611343620e-07,2.335871036268045194e+06
2.389668799620116706e-07,2.544502209302173927e+06
3.610746948280396866e-07,2.007459495634347666e+06
5.699108959317669105e-07,1.710008058742291993e+06
3.380707412002500208e-07,2.981217768682616297e+06
3.706362965351080346e-07,2.786458361814158969e+06
6.158898896739406650e-07,1.756932768392495345e+06
6.100951535381087922e-07,1.965667816086033825e+06
6.433605372384941445e-07,1.967264188715473283e+06
1.087158337659172797e-06,1.224621844613051275e+06
1.399200974547341489e-06,1.060894203298661159e+06
1.285195244943334135e-06,1.226551370030105347e+06
2.029583198765244928e-07,2.627280077378138900e+06
3.049112099004206268e-07,1.994299670389418956e+06
3.254081560309376481e-07,2.570868987434706651e+06
4.058698022843566272e-07,2.050514010500292061e+06
2.351074521742993304e-07,3.482958997267785016e+06
2.204589441561381469e-07,3.692854137674620375e+06
3.873586021900014082e-07,2.504692977588748094e+06
3.576794092994870117e-07,2.738151607800420839e+06
3.817449588460875671e-07,2.751819959663981106e+06
2.733495545347150311e-07,3.914600573043777607e+06
1.786621687532151174e-07,2.429995938233036548e+06
3.049112099004206268e-07,1.994299670389418956e+06
3.217195972681527562e-07,2.800706016961390618e+06
4.291804449829029132e-07,2.226142641767113935e+06
3.576794092994870117e-07,2.738151607800420839e+06
3.817449588460875671e-07,2.751819959663981106e+06
3.411904017115597404e-07,3.392016663686584216e+06
7.068048116071791945e-07,1.751260303597889375e+06
4.974713621956849242e-07,2.527979282443583943e+06
6.108204607301554640e-07,2.026399541093114298e+06
9.298390023749843441e-07,1.642787841097552329e+06
1.172348481004588359e-06,1.336852598674335051e+06
3.611141268186712342e-07,3.112811133506413549e+06
5.445092098896569019e-07,1.467626890778015135e+06
4.447570951461972157e-07,1.818808979248581920e+06
6.416645533008170695e-07,1.337155963937723311e+06
3.217195972681527562e-07,2.800706016961390618e+06
4.291804449829029132e-07,2.226142641767113935e+06
5.993627359542589108e-07,2.089318533973169280e+06
6.108204607301554640e-07,2.026399541093114298e+06
4.974713621956849242e-07,2.527979282443583943e+06
6.294899777530484246e-07,2.184717485143806320e+06
1.193949790455404617e-06,1.171462098175826017e+06
9.298390023749843441e-07,1.642787841097552329e+06
5.961862300155136231e-08,3.043883118524889275e+07
1.281554820608874016e-07,4.857917765583630651e+06
2.076797914107126181e-07,3.013930374232779257e+06
9.038294966377403032e-08,7.827780767223281786e+06
3.069578695679170518e-07,2.855459921893600374e+06
4.475549025503572239e-07,2.229826380155465566e+06
3.498073033425474734e-07,3.089281554635079578e+06
3.549609546095455187e-07,3.031975434865777846e+06
5.394556207714811367e-07,2.063223059714120347e+06
5.993627359542589108e-07,2.089318533973169280e+06
5.632440894586976855e-07,2.536103587141214870e+06
8.128227725972849572e-07,1.824500065515915863e+06
1.628547120397727751e-07,4.404648269348019734e+06
5.891766595691388042e-08,1.550846321804279648e+07
1.934703579177701470e-07,5.293127694248102605e+06
2.104975185320722776e-07,4.522035349717083387e+06
4.515205763082918496e-08,2.210542722818315402e+07
1.823517147022933986e-07,5.704118962521173991e+06
2.259558486113330261e-07,4.751813888000157662e+06
1.922627928659277830e-07,5.397743487634194084e+06
2.437881207336011512e-07,4.363528118376412429e+06
2.204199680577391399e-07,5.305130096071947366e+06
2.171155510783933584e-07,5.364408525188514963e+06
3.641363053822957413e-07,3.277015025684781373e+06
3.399220974020762955e-07,4.622872517767482437e+06
2.508550980008658961e-07,1.986354138631302631e+06
2.097560924856439632e-07,9.767209387733630836e+06
1.628547120397727751e-07,4.404648269348019734e+06
4.907423245712516444e-07,1.816948102818459971e+06
2.595331880492738313e-07,3.571543134997461457e+06
2.910254142067826263e-07,3.443124000460675918e+06
6.264464089233622040e-07,1.707731469215098536e+06
6.341785196854858766e-07,1.752990083429257385e+06
6.484581140563268560e-07,2.024027093885521870e+06
7.241934991529019559e-07,1.881474468725176528e+06
1.195684580441976089e-06,1.388697064567675348e+06
5.028587289331404994e-07,3.497855212012929376e+06
3.829140035551462352e-07,1.504906178593667224e+06
6.740254440605850884e-07,7.606085968651387375e+05
5.394320192851879187e-07,6.136129245658781379e+06
9.389837641069284897e-07,9.397020964033455821e+05
1.055000956939136912e-06,9.335526846393411979e+05
8.272341701521227389e-07,1.244020656490481459e+06
8.989613561271417561e-07,1.176360414994655177e+06
1.063857144260820358e-06,1.002918941310561961e+06
8.657405848368293463e-07,1.509474144700793782e+06
8.320559014077975085e-07,1.652406817436281359e+06
1.551716046433250237e-06,1.009131197393041803e+06
8.972949835545146255e-08,4.912774264824897051e+07
4.197642031993505751e-07,1.170654649665611563e+06
2.279727670148192131e-07,2.479703135627030861e+06
9.788037895592462341e-07,1.201315370058825240e+06
9.161788004964419640e-07,1.354148762497109827e+06
5.416923932040761514e-07,2.334993080178078264e+06
7.150603348401804962e-07,1.809691947168003768e+06
8.320559014077975085e-07,1.652406817436281359e+06
1.459630859276074501e-06,9.611515583401172189e+05
1.150109823285481403e-06,1.363410324304683367e+06
1.531700318520864461e-06,1.084378163821295369e+06
8.972949835545146255e-08,4.912774264824897051e+07
1.148360550822551423e-07,8.649247316291350126e+07
3.592351680233309676e-07,2.592690024962863419e+06
2.167237424114777989e-07,3.437878005310812034e+06
4.308160037085215095e-07,1.862192435107840691e+06
6.779367777086930938e-07,1.618067980606002035e+06
7.273077909777466442e-07,1.795415367108824896e+06
1.160118387677859305e-06,1.441402270484315930e+06
1.331829379838632557e-06,1.248500194514034549e+06
8.764382718597109458e-08,1.937330220699100196e+07
3.133904166132848908e-07,3.197710417481342331e+07
3.266917219076692485e-07,3.000829404109015130e+06
5.966924427605494497e-07,1.327709826875810511e+06
8.356443001653031032e-07,1.286018514909903286e+06
6.978273198456816235e-07,1.495636417524271877e+06
8.492247132868352407e-07,1.324438348198102787e+06
6.653083517873766486e-07,1.716672239935935009e+06
7.549964773178786566e-07,1.564079890470038867e+06
1.350408218565200285e-06,1.162133772220761282e+06
1.262816634723202230e-06,1.317708080258623464e+06
1.230130518259478529e-07,1.886582275111489370e+07
3.133904166132848908e-07,3.197710417481342331e+07
6.670870993982230490e-07,8.137461739167628111e+05
5.966924427605494497e-07,1.327709826875810511e+06
7.523180861164996887e-07,1.504025242254671408e+06
5.986012949527307036e-07,1.870703270225187764e+07
7.332762420311349579e-07,1.424877106327899965e+06
1.048304082143270085e-06,1.179372269654416712e+06
8.920036500084796458e-07,1.390072780393899651e+06
8.969826103569146640e-07,1.462541536608270369e+06
1.312532309232662506e-06,1.011433280912455986e+06
1.630802488962597507e-06,8.596550869851255557e+05
1.724507653302189047e-06,9.088086871297723847e+05
1.126965953963298195e-07,1.104747877857438102e+07
3.310683397947112151e-07,1.979017270581845194e+06
7.400756932218387102e-07,8.744782204694735119e+05
1.205169287356866620e-06,7.168080700470269658e+05
5.519191502749746038e-07,6.270712253615138121e+06
1.274388392646979920e-06,7.660511685279426165e+05
1.189304927888742088e-06,8.287644012487011496e+05
4.363833193509353485e-07,2.566507478470698930e+06
1.344913417528647766e-06,9.043168656886958051e+05
1.010452289174914147e-06,1.387385596756134415e+06
1.126965953963298195e-07,1.104747877857438102e+07
2.345361575619043893e-07,3.404297977996224910e+07
2.722942009663292798e-07,3.155156104814347811e+06
4.974798715738786261e-07,1.806652233265146380e+06
4.098610949846320632e-07,2.858311471158132423e+06
4.064172831322569947e-07,2.795620391152470838e+06
4.500287253738621261e-07,2.559207753212186042e+06
2.983138038128856680e-07,4.079299298263209872e+06
5.978619234324299822e-07,2.133079943954810966e+06
8.230892255151824734e-07,1.627895158612038940e+06
6.993872349184260618e-07,2.003442069365063217e+06
9.621288784812343639e-07,1.634563790776412236e+06
1.573655487451160464e-07,2.226795620442481339e+07
1.675738000974852912e-07,4.363280682279367931e+06
2.156850607329884789e-07,3.499660891815643758e+06
2.998087499807242312e-07,3.145673420746259391e+06
3.143374614088095951e-07,3.086561060667858925e+06
1.990231007666490046e-07,5.218332806787257083e+06
4.219943073011146958e-07,2.436403751364237163e+06
3.022838444272198063e-07,3.716321907639218960e+06
4.279131052456534897e-07,2.762233828736639116e+06
6.489309912873416565e-07,2.058032187743406277e+06
6.997840031278245234e-07,2.114478294274959248e+06
1.629059812026874407e-07,2.164261061312920600e+07
2.148797557090165655e-07,2.456219233842810150e+06
1.762695479911466306e-07,3.222674837985079270e+06
5.253367478100190598e-07,1.836328958546931855e+06
6.623233116317068596e-07,1.512650529010255355e+06
9.360331768443545013e-07,1.216459246101386845e+06
9.029433515781989739e-07,1.378117126666480210e+06
9.290088430937756698e-07,1.570792021876432234e+06
1.661899651695540076e-06,9.428943008661386557e+05
1.381248268729510912e-06,1.222175338262786623e+06
1.914209631625383613e-06,9.269324816580378683e+05
2.008338828179229346e-06,9.353068402689660434e+05
6.535507722535542507e-07,7.407286730838480871e+05
1.508374717074602756e-06,6.043850672383977799e+05
1.204579746861499935e-06,7.498960407085724873e+05
1.654761153727338751e-06,5.655016880837552017e+05
1.507465290980865264e-06,6.304856176197647583e+05
1.106967045002222131e-06,8.617460229635966243e+05
1.772003428644200194e-06,5.549184204135430045e+05
1.560666666472555593e-06,6.232758457099659136e+05
1.799763487373477063e-06,5.680542327163198497e+05
1.101937834712599723e-06,9.685305437561332947e+05
1.461168243918182001e-06,7.898614282171700615e+05
5.945501536086513128e-07,8.505929620156141464e+05
8.231441937268146339e-07,8.270787263266142691e+05
6.053458740475592250e-07,1.416285819504324580e+06
1.566835107803723681e-06,6.356111537837361684e+05
5.459733209645657939e-07,1.596349601983084343e+06
8.435098846575421645e-07,1.331653717001070082e+07
1.772003428644200194e-06,5.549184204135430045e+05
9.109465193320227406e-07,1.156014691495556617e+06
1.503120503566493095e-06,7.105255171219708864e+05
1.629492385048445240e-06,8.148017498581324471e+05
2.139503025177460048e-06,6.569196352534369798e+05
5.750188628668148967e-07,1.461130321302683558e+06
2.291143070760010086e-07,5.148899288991709799e+07
4.343462661905158441e-07,2.042626474141577492e+06
6.834379889595491424e-07,1.315897605346678291e+06
7.063168987165758030e-07,1.386163822161538526e+06
7.053548317203812998e-07,1.448743622889499413e+06
5.097834589100403400e-07,2.116937891674756538e+06
6.062439303555552315e-07,1.734467069596706657e+06
4.409106273262272158e-07,2.559229107856881339e+06
4.930170911480592807e-07,2.357600688756781630e+06
6.425866901175981328e-07,1.880240779061702546e+06
7.795295297596874176e-07,1.801841365250645904e+06
3.685681977316094568e-07,5.090841646348214708e+06
6.434926360286695574e-07,1.134691778781361878e+06
5.664877631303205426e-07,7.194229985360107385e+06
4.720085486662549700e-07,1.677342120476130629e+06
4.521046839525992183e-07,1.818504872565559112e+06
4.763694375970412240e-07,2.064813669180670520e+06
8.327121702144702049e-07,1.141828447679936187e+06
1.266067263297280591e-06,8.126210180983289611e+05
1.311150467178624463e-06,7.763397417621614877e+05
1.483789496325484585e-06,7.587614678843159927e+05
1.415027205294503309e-06,8.372644003089382313e+05
2.413600971618056531e-06,6.884383788551725447e+05
5.557392255829114710e-07,3.604060053349869326e+06
1.184687378025478560e-06,5.432665593269763049e+05
8.469833946771624034e-07,7.222109123866906157e+05
1.699044855061539414e-06,5.014895308268126100e+05
1.775317509608995362e-06,4.744283940965271904e+05
1.311150467178624463e-06,7.763397417621614877e+05
1.140826818099652821e-06,9.147770235472455388e+05
1.266067263297280591e-06,8.126210180983289611e+05
1.145048663958282539e-06,9.855006635565558681e+05
1.416745563711245018e-06,8.331445109485061839e+05
1.342606708512298496e-06,9.270097206855863333e+05
2.039322839476995647e-06,6.878007049989546649e+05
2.463952003966773440e-06,6.003082648055454483e+05
2.400068304749147821e-07,2.201313213372023776e+06
4.300620592452909267e-07,1.198692922665199265e+06
9.312268534395723809e-07,9.513492696157968603e+05
1.043443633281516299e-06,8.629981702571805799e+05
1.189674931690202923e-06,8.407641730622256873e+05
1.286443840445205894e-06,8.871664275591319893e+05
1.090792365861308779e-06,1.084775665597011335e+06
2.068737492306052686e-07,6.397767347972915508e+06
2.079599936890669695e-06,6.446298660566279432e+05
2.032895800639217288e-06,6.902281537595150294e+05
2.421717815629749486e-06,6.871248790505039506e+05
4.300620592452909267e-07,1.198692922665199265e+06
1.447180569534764052e-07,6.954901814207024872e+07
3.224068223897458516e-07,2.277226074016958475e+06
3.704147518516476574e-07,2.145713376111153048e+06
3.505064856512465104e-07,2.270181005539884325e+06
5.309276540878825437e-07,1.985545377046647249e+06
6.799244153335703535e-07,1.542738935377604561e+06
6.540018432365311133e-07,1.684773851597309485e+07
8.097051559364876897e-07,1.537644067538917065e+06
5.991157979594989455e-07,2.217158422537580598e+06
1.383152942221585221e-06,1.068011762853270164e+06
1.697738681158802412e-07,2.771414888847171329e+06
2.446073927250301204e-08,7.951770014682605863e+07
2.063551771191532206e-08,3.137002784666509926e+07
4.066739091567313965e-07,2.159624696141154971e+06
4.452185618961648620e-07,2.088850045687952777e+06
4.044747689731728350e-07,2.500706619730695616e+06
3.432249470976389942e-07,3.153191124103554990e+06
4.077777865693058571e-07,2.938009429367145058e+06
5.074353504574337008e-07,2.323205881641604938e+06
4.849807636571631079e-07,2.687426057119936217e+06
8.274356259540147584e-07,1.789184767838222208e+06
4.557659968088563170e-07,1.957003120048132027e+06
3.947282731438711106e-07,2.313215884563989006e+06
6.362063491221585571e-07,1.461096217265705578e+06
5.156857980081312363e-07,1.860864092674836284e+06
4.400576558085491184e-07,2.213635453710100614e+06
6.881491708815522775e-07,1.454470206422993448e+06
5.323149726674719846e-07,1.945941041928838240e+06
5.747474162459795640e-07,1.776783249577207025e+06
3.469436725675720429e-07,3.297541066479439382e+06
3.782886855664623119e-07,2.940560189024076797e+06
8.012068290105568338e-07,1.667255401466628071e+06
1.113222164613153307e-06,1.194983819286823738e+06
8.898966290414404470e-07,1.577123906063719420e+06
6.975924720604312568e-07,8.560167640140525764e+05
3.240506837558259575e-07,3.553868662701500952e+07
7.628125535312592060e-07,1.160431400071246084e+06
5.942797146595474651e-07,1.535240390897656558e+06
8.502021673930580711e-07,1.136041868795745540e+06
7.753641463861139147e-07,1.374077869470002595e+06
7.561625508097474585e-07,1.416115162142856745e+06
7.636956847777260679e-07,1.399786168102625990e+06
8.182126125056169069e-07,1.289499983687769622e+06
7.689802735168603303e-07,1.516313459548529936e+06
8.279068217896188462e-07,1.396744224931189092e+06
3.491854643061854453e-07,5.315381856938907877e+06
6.975924720604312568e-07,8.560167640140525764e+05
4.449656451860547820e-07,2.334704022790472023e+06
6.222245406349348654e-07,8.996323012553006411e+06
7.485578791736677042e-07,1.215849221785442671e+06
8.063542682310879933e-07,1.116269317036755383e+06
7.002045390565934849e-07,1.342753554844976403e+06
8.393973684975002955e-07,1.106458304607706377e+06
6.623602385077328035e-07,1.431960957792654168e+06
4.898505454562897937e-07,2.062498231700703502e+06
7.561625508097474585e-07,1.416115162142856745e+06
7.753641463861139147e-07,1.374077869470002595e+06
5.602584319252515049e-07,9.678688706986816833e+05
4.178715285735454437e-07,1.377278254669768037e+06
4.403398458913653328e-07,1.388061913683324587e+06
6.336357136214383360e-07,1.060281901121419854e+06
6.623602385077328035e-07,1.431960957792654168e+06
7.002045390565934849e-07,1.342753554844976403e+06
7.005100294401080127e-07,1.411571262301781680e+06
4.898505454562897937e-07,2.062498231700703502e+06
5.009927901432916612e-07,2.012983236026615370e+06
1.046918736370761436e-06,1.150300910828472115e+06
1.487702902763316822e-07,1.306583979449081421e+07
4.743752901133793875e-07,1.528046013081191806e+06
4.513336460512101261e-07,1.873007053695251932e+06
2.610334934410739517e-07,3.562487987236418296e+06
5.454578233166990606e-07,1.863309603446898516e+06
3.640182949925355311e-07,2.717702728431677446e+06
5.248434897736828955e-07,2.040305924759633839e+06
5.118377062192709949e-07,2.179404317342260852e+06
3.755853291494494743e-07,3.105078427964282222e+06
5.332589692912607137e-07,2.179486531648686156e+06
4.016096661090607995e-07,3.021497483271835838e+06
1.487702902763316822e-07,1.306583979449081421e+07
2.989425441726784320e-07,2.687156856788109988e+06
3.227560539413859478e-07,1.473959695136645995e+07
3.964473890532194883e-07,2.516393777872488368e+06
5.842565611176753600e-07,1.758272008330120472e+06
5.226262967722651100e-07,1.989243750989715802e+06
6.052144062228164630e-07,1.745299514564397279e+06
6.328738816632075524e-07,1.674700133836204652e+06
3.644279524554951145e-07,3.041158128940810915e+06
4.880516036126355555e-07,2.243723027454437688e+06
4.929641988740018640e-07,2.573855292313148268e+06
1.458363196718974526e-07,4.592429321514043026e+06
3.370608792738339340e-07,2.418922649529217277e+06
3.241039920210013075e-07,2.596037641741049476e+06
3.097253395267428846e-07,3.028578343359269667e+06
6.248843812088626858e-07,1.505268782531038160e+06
3.999217316275914628e-07,2.417263982413834892e+06
5.226262967722651100e-07,1.989243750989715802e+06
4.008254181012685312e-07,2.691884275483693462e+06
6.052144062228164630e-07,1.745299514564397279e+06
5.862542844511145816e-07,1.994820858434607508e+06
4.162116608704787985e-07,3.254804374751775526e+06
1.010042701099183602e-06,1.475808247064145515e+06
3.640519514915081961e-07,1.859022452343892073e+06
6.313263935945661160e-07,1.192774698603327386e+06
1.447859076383251048e-07,5.071097631720561534e+06
8.994508306371891808e-07,9.186128652933633421e+05
2.478665288892943992e-07,4.117462636562799569e+06
5.289749147006543143e-07,1.925999870444672182e+06
9.190381758063644602e-07,1.151941587373072281e+06
9.963547250241108844e-07,1.093702197440749034e+06
9.743387462903938959e-07,1.169905912886652397e+06
1.163325656434011682e-06,1.151106042362244101e+06
1.636704626590347167e-07,8.676027276068931445e+06
1.780534589670119257e-06,8.803302669648133451e+05
3.104349490651200654e-07,2.591386481911024079e+06
3.444300508111027531e-07,2.536816938894086517e+06
1.237830401547091685e-06,7.091229230623431504e+05
1.209378964222791206e-06,7.309092807411850663e+05
8.638657568279508594e-07,1.036106021580919973e+06
9.717815225952981957e-07,9.956421707718576072e+05
7.033132206226965855e-07,1.409343480149221839e+06
7.068904107514039902e-07,1.586718215590092586e+06
1.213309987259037296e-06,9.171371850929312641e+05
8.766240656478329792e-07,1.341738414291064022e+06
9.920906893776216838e-07,1.219240887129805982e+06
1.070265936339126623e-06,1.140235288391377777e+06
3.959214564778891615e-07,1.579725202906413935e+06
1.298329458885942728e-06,4.270716892175740795e+05
1.004304758629071003e-06,5.737614747205124004e+05
7.622046345876462173e-07,9.123306480891440297e+05
1.513326598167975428e-06,6.148183505544003565e+05
1.976820855547168269e-06,5.155330731904756394e+05
1.926964248587464196e-06,5.319258136386538390e+05
1.500314400242144689e-06,7.550033786894804798e+05
1.679507667680837820e-06,7.009540910556552699e+05
2.783269847389183781e-06,5.322136446896886919e+05
1.071217051346478644e-07,1.727434931891747937e+07
4.136640803153531091e-07,1.153194911559971282e+06
5.455398655486052273e-07,9.482978820809911704e+05
1.252082167378369457e-06,7.143691195298619568e+05
1.032256721280351677e-06,8.445658713220151840e+05
1.513326598167975428e-06,6.148183505544003565e+05
2.049261474763685138e-06,4.579733961746869027e+05
1.572457848006552609e-06,6.883440912645998178e+05
1.835038213156508212e-06,6.100943824779567076e+05
1.679507667680837820e-06,7.009540910556552699e+05
1.199782439570775554e-06,1.016109598433997948e+06
2.763384578310362027e-06,5.676744532730323263e+05
4.136640803153531091e-07,1.153194911559971282e+06
5.455398655486052273e-07,9.482978820809911704e+05
1.079022926544516304e-06,6.248439054603913100e+05
1.252082167378369457e-06,7.143691195298619568e+05
1.257446390695654350e-06,7.501197799414376495e+05
1.276371852255557604e-06,7.987595531033456791e+05
1.271305336084848232e-06,8.044581938370886492e+05
1.285894085734798412e-06,8.295399052315447479e+05
1.029954501649323285e-06,9.997051231843923451e+05
9.417990050510510131e-07,1.192703866510837106e+06
2.029206178980443763e-07,4.441183894714700058e+06
2.687545822474277662e-07,2.021493040955382865e+06
3.306266368532159863e-07,1.712613718385370448e+06
7.362885450877508136e-07,1.269622774060919182e+06
9.569116178495909864e-07,9.639609042243952863e+05
1.312233718211611732e-06,7.452029939016260905e+05
1.276371852255557604e-06,7.987595531033456791e+05
1.059732201092659069e-06,1.172775547980555100e+06
9.176050071512432011e-07,1.479352590870088665e+06
9.340188260826730344e-07,1.557896441682911245e+06
1.807830778962034107e-06,9.184498619654516224e+05
2.718991176505496982e-07,1.732949290437347256e+06
3.916557800249312958e-07,1.037029238090478629e+07
1.944578773075763347e-07,5.505921471989599988e+06
7.147227879924032648e-07,1.355781920512312092e+06
1.584603349552414149e-06,6.817263395373272942e+05
8.543920749732705776e-07,1.233568403232426615e+06
1.334349538850426160e-06,8.436538381214370020e+05
1.206788420543855882e-06,9.422609960457661655e+05
2.614649634716551095e-06,5.365431593569210963e+05
2.192488282533682666e-06,7.154567179434431018e+05
8.478841863775872606e-07,5.674099737159123179e+05
4.455218471455947048e-07,1.397348470133684808e+06
7.514626776009149811e-07,1.132469898118968820e+06
8.429177940593312416e-07,1.211468185777915176e+06
1.148760718659961626e-06,9.536759579220261658e+05
1.514923585049248186e-06,7.467494399685972603e+05
1.113008060193941311e-06,1.053391420581292361e+06
1.271457850943282162e-06,9.290690979138625553e+05
1.441364797732139037e-06,8.242831585317258723e+05
1.807555131486374617e-06,7.371044601597394794e+05
2.217583370259933002e-06,6.675700169724222505e+05
2.619324172592469978e-06,5.651831596986524528e+05
6.736932322485253867e-08,3.386294771265755594e+07
3.221856977345655635e-07,1.184762424666687846e+06
4.399639175882214461e-07,1.545060952631537803e+06
6.776278082888655019e-07,1.216317683270728681e+06
8.184000295904976592e-07,1.107966510217359988e+06
7.872178216764324792e-07,1.208177828012343496e+06
8.843875849454347939e-07,1.109237550563332159e+06
6.214172802461688395e-07,1.684388141238010954e+06
1.113008060193941311e-06,1.053391420581292361e+06
1.285702521450130426e-06,1.022030011709940271e+06
1.804666353021932732e-06,7.782196664730806369e+05
1.243638622649551519e-08,1.823971958827677369e+08
3.846754352511633592e-08,1.017920009564813413e+07
2.081306837346141398e-07,4.349628367406261154e+06
1.743570919875560474e-07,3.943379510103549808e+06
3.818462387738304077e-07,2.312046122665442992e+06
5.033549742654925857e-07,2.076149424055898329e+06
5.313781905960417157e-07,2.208537555938232690e+06
4.253298683453731399e-07,2.823013814748916309e+06
5.732645924793469240e-07,2.296483389189057983e+06
4.514741668430602337e-07,3.432139481793759391e+06
1.091891307928440644e-06,1.621220239763386082e+06
1.010134104327011169e-06,1.757828737567980541e+06
3.963041459380271122e-08,1.109413546947548166e+07
1.743570919875560474e-07,3.943379510103549808e+06
2.932853805244179739e-07,2.622661648376580793e+06
4.700581207698474121e-07,1.917890896724377060e+06
3.818462387738304077e-07,2.312046122665442992e+06
3.817855564579701797e-07,2.945284146889137104e+07
5.187763621393729475e-07,1.926309801305129426e+06
6.296011650506112415e-07,1.733949401722640963e+06
7.984338716327698188e-07,1.583202591167598497e+06
8.507229066380072821e-07,1.648433480267319828e+06
2.730012631174162879e-07,2.413127955697766971e+06
3.340713748413102678e-07,3.390316460602681339e+07
2.850106969623694724e-07,2.781008901560968254e+06
5.477358508166120638e-07,1.663697951754294103e+06
4.425847513056224168e-07,2.050005734893305460e+06
4.336321254729701001e-07,2.249359241259223782e+06
7.314853052541959206e-07,1.512509634737265995e+06
6.230960177845653976e-07,1.755997816775620449e+06
4.839200933910468169e-07,2.565964337321977597e+06
4.701828528290208592e-07,2.626959787770463619e+06
8.699184095290919268e-07,1.610231315582243958e+06
8.039128649347942591e-07,1.842919992924985243e+06
2.714375065582523698e-07,2.500070616182743572e+06
3.160333755525649264e-07,3.584641513434369862e+07
5.915825944539139917e-07,1.368225627990959911e+06
4.419038660931014159e-07,1.910941048661882989e+06
5.550883323918100325e-07,1.575201922292239266e+06
1.139938798081595328e-06,9.305741558127842145e+05
6.132297919680053215e-07,1.987538657223249553e+06
1.655863486543937029e-06,7.111310110428711632e+05
1.415323407044647022e-06,8.831532411745085847e+05
1.213878133824871513e-06,1.201208886797912186e+06
1.552376268758712448e-06,9.075660029745550128e+05
2.691309398964939897e-06,5.825166709067495540e+05
2.488198371010611496e-06,6.689783208798656706e+05
7.617649238241594355e-07,1.394132665499367518e+06
1.487108201511011925e-06,4.707892229619335267e+05
5.675745238292987130e-07,1.213047902739263372e+06
1.727864712590132627e-06,5.140100086950050318e+05
1.302369057472447345e-06,6.548223309635339538e+05
1.068438601151746969e-06,8.011700833814019570e+05
8.805293131251494422e-07,1.075769388846598798e+06
1.881036859869281382e-06,4.988182794867171324e+05
1.495738293908608034e-06,7.956299015882110689e+05
1.574827678788681028e-06,7.861557324119489640e+05
2.703414806851991851e-06,5.797020740839520004e+05
7.126828891828143245e-07,1.381945170303674228e+07
1.385207839544605601e-06,3.839208455850744504e+05
1.104153282298599116e-06,7.163987530838882085e+05
1.671463577907171352e-06,5.529537724888339872e+05
1.848077090696388185e-06,5.099239366001198650e+05
2.275665841805066855e-06,4.531539901077832328e+05
1.934452382055983927e-06,5.414863597059131134e+05
1.863941067102549914e-06,6.155249450279416051e+05
2.050421152817595121e-06,6.048154498308140319e+05
3.610502820088658147e-06,4.346820070119574666e+05
3.554957415429677425e-06,4.408396020240648068e+05
1.487169546806956208e-06,3.901438660382311209e+05
1.762088568172269843e-06,4.150925939331603004e+05
1.913596504759797242e-06,6.149414817433183780e+05
1.428914435779071837e-06,5.176166350164488540e+05
1.448555833810103972e-06,5.429939638091912493e+05
2.036903437026866200e-06,3.966486961770615308e+05
2.670214076191412183e-06,3.371431148608890362e+05
2.183336294322737835e-06,4.939293830267792800e+05
1.841393242643324813e-06,5.944825393310167128e+05
3.672465387597581219e-06,3.820193343967833207e+05
3.096648454916431556e-07,1.356627519773466978e+06
7.560756042627261875e-07,6.796355977283950197e+05
3.825226682571431127e-07,1.641055143524031388e+06
1.248048830230932574e-06,7.344121331352135167e+05
1.251683027762086519e-06,7.563643064937115414e+05
1.174837041595416480e-06,8.122795846293427749e+05
1.286758430515407569e-06,7.871223736408151453e+05
1.173880940993617924e-06,8.809885853359916946e+05
2.017931648492082746e-06,6.601930058433121303e+05
2.635767512479323793e-06,5.334021905238192994e+05
2.027180943273102326e-07,1.007401487983835302e+07
3.825226682571431127e-07,1.641055143524031388e+06
3.732462057256732777e-07,2.194176339774907567e+06
3.079025026762937842e-07,3.095530540188931394e+06
2.750385317528344377e-07,3.527203166171949822e+06
3.406444334493633649e-07,2.970483076465076767e+06
1.997955055022855901e-07,5.433028142991413362e+06
4.758455121321084347e-07,2.528673683473424520e+06
6.108610873588111282e-07,2.233259568496716674e+06
4.784388254936725738e-07,3.071016270213232376e+06
5.520013999302109066e-07,3.170491563761383295e+06
9.943166240451986392e-07,1.670175571382655296e+06
2.095396072299865308e-07,9.637526634245852008e+06
2.878631005539649543e-07,2.762593133531182539e+06
3.732462057256732777e-07,2.194176339774907567e+06
4.094087393712115436e-07,2.201108064979057759e+06
2.010570588211759136e-07,5.175672019522327930e+06
5.969901972234626182e-07,1.904345272562057246e+06
4.498074295881210415e-07,2.591239949421528727e+06
4.010355632335694890e-07,3.099396730855407659e+06
5.227188772108053918e-07,2.392467493162396364e+06
6.357214087649780629e-07,1.996916239325722214e+06
7.571956634241930094e-07,1.955394521187645383e+06
1.003149714794337864e-06,1.563601941486340016e+06
9.485602890335461124e-08,1.439423678130629845e+07
1.686894864578184744e-07,4.007364543318543117e+06
3.587077304484921781e-07,2.156563082062736154e+06
3.081158367504985792e-07,2.743353412939916831e+06
5.250872890981809769e-07,1.757951574366930639e+06
4.110969562354345987e-07,2.647589623711283784e+06
4.448321214538567815e-07,2.531963088637971319e+06
5.527013306645744004e-07,2.154678170632678084e+06
5.668520885920569462e-07,2.105049447454348672e+06
7.577843664404520591e-07,1.954037670707455836e+06
1.008806304673996165e-06,1.553970097731248941e+06
1.130537336733098104e-07,9.500770588866695762e+06
1.681986495046576839e-07,4.416775753488704562e+06
1.206284610548278782e-07,7.329524246197556145e+06
2.775666228689726807e-07,3.299591409928432200e+06
3.066325548814114606e-07,3.210188643298230134e+06
4.482638199737921176e-07,2.227830435487973969e+06
2.692862099101905400e-07,3.535596143087924924e+06
3.341568916660063039e-07,3.156043681582418270e+06
2.672475856049219617e-07,4.116352664266226348e+06
3.612749760745380554e-07,3.901173878899414558e+06
1.612314921725588367e-08,1.341649910835018456e+08
1.681986495046576839e-07,4.416775753488704562e+06
2.368531766485049547e-07,3.387373456624362152e+06
2.903992540049930476e-07,2.777965920481571462e+06
1.388849033418461737e-07,7.463221194207032211e+06
2.692862099101905400e-07,3.535596143087924924e+06
3.066325548814114606e-07,3.210188643298230134e+06
2.703091399108622168e-07,4.045353016274685506e+06
3.341568916660063039e-07,3.156043681582418270e+06
3.565426771932612191e-07,3.242874022897148971e+06
4.288912772550719526e-07,2.744444127055739518e+06
4.785434843749367331e-07,2.791827071586538106e+06
6.785753378029979854e-07,2.068419825793520082e+06
2.368531766485049547e-07,3.387373456624362152e+06
3.849424165249544730e-07,2.161674556799260899e+06
2.833405664537758090e-07,3.230587096010786947e+06
5.248022973079392600e-07,1.709744879255012609e+06
4.180079134272979682e-07,2.095600673086035531e+06
9.344608140459103033e-07,1.023696573769068462e+06
5.341237724331787297e-07,1.818015432860805187e+06
7.613403390825151164e-07,1.350021249234559480e+06
6.348947775322973749e-07,1.832285984482519329e+06
1.307925014169588601e-06,9.232858257878605509e+05
5.533831922223062135e-07,2.270949006048427429e+06
1.192229633964444652e-06,1.178521654262319440e+06
6.269209934996818950e-07,1.039095380005810759e+06
8.883929091715686878e-07,9.410205035488023423e+05
9.931884887522029859e-07,8.870347462070627371e+05
7.941349291695285796e-07,1.113165567979561863e+06
9.798757555559900612e-07,9.271666467794828350e+05
5.341237724331787297e-07,1.818015432860805187e+06
7.084363586541055565e-07,1.406131629404047970e+06
8.488823447702440583e-07,1.187419628445738694e+06
6.348947775322973749e-07,1.832285984482519329e+06
7.131816599020384930e-07,1.756347593665744876e+06
7.945444128388285165e-07,1.562784838760785526e+06
1.391085232423413255e-06,1.064531558834703639e+06
4.708815225711523119e-07,1.087933383406743174e+06
5.440386052028779055e-07,9.971313625682228012e+05
5.858034791695521585e-07,1.494916683854427887e+06
9.673536602194157110e-07,9.398437494184415555e+05
3.377833195767625946e-07,3.284712404183425754e+07
5.111633452707025086e-07,1.920091197796679568e+06
7.084363586541055565e-07,1.406131629404047970e+06
8.488823447702440583e-07,1.187419628445738694e+06
4.644493992581948562e-07,2.380156493214057386e+07
5.349660525482699784e-07,2.050177581172905862e+06
1.255823047151236006e-06,1.183461591735629365e+06
3.242527751396358856e-07,1.714388708701908588e+06
1.510257391649531265e-07,5.637730346745301969e+06
2.584534040971686564e-07,3.449351045005653985e+06
2.312871107594738019e-07,4.380852220515560359e+06
4.181831747735146985e-07,2.572771396395571996e+06
4.634450646709375758e-07,2.388996455841480289e+06
5.243034502456812953e-07,2.118249028289630078e+06
3.318435964929618003e-07,3.399798663241843693e+06
3.942473907628742766e-07,2.782419106195921078e+06
4.891181844700299167e-07,2.395921987015308347e+06
5.113318760623002155e-07,2.282056754663421307e+06
4.983436578213923388e-07,2.346561806538273115e+06
1.879246027542062583e-07,1.056098905584824458e+07
1.504889103427035578e-07,4.346724435707790777e+06
1.553537217644217674e-07,4.697084213347923011e+06
1.021756154993819929e-07,7.813864129945682362e+06
4.112756279270089840e-07,2.005492345338116633e+06
2.524749212749682233e-07,3.679201965042965021e+06
2.384862588245039273e-07,4.075170748174584936e+06
2.354200907061045935e-07,4.681185588076832704e+06
3.163534372222569696e-07,3.668014808882708196e+06
2.864706082258993779e-07,4.109934991937713698e+06
3.449984605675679302e-07,3.568377071270061657e+06
4.232170389383274845e-07,3.097444808315021452e+06
5.398709368027586775e-07,2.602135261165116914e+06
1.521698734689354205e-07,3.720161684275403153e+06
1.366124777944870888e-07,7.728644762545476854e+07
4.156133284906417727e-07,1.929240023950095288e+06
5.681800036182453320e-07,1.632894851969693089e+06
3.920237280232862688e-07,2.709684001996476203e+06
4.144377232985540696e-07,2.732934250930750743e+06
4.484684704451141730e-07,2.773715746727764606e+06
3.996871499907077697e-07,3.127594391197367571e+06
4.070493418179144166e-07,3.038574837421154603e+06
4.882048355235332838e-07,2.615463509770859964e+06
7.209167604000226109e-07,2.055754029524128884e+06
7.619725292193291781e-07,2.058089475608765380e+06
2.033875738539980006e-07,3.063803562194561120e+06
4.402434129976528414e-07,1.966551676520177396e+06
5.159101317766947134e-07,1.690988035898187431e+06
5.806670386755049370e-07,1.530433031898617046e+06
3.518164746513501823e-07,2.662956180122625083e+06
5.148397299773348241e-07,1.822212096010867506e+06
4.545266604508314747e-07,2.050163981679145945e+06
4.539984809892079642e-07,2.278167852816683240e+06
3.222085757414631981e-07,3.719887378501957748e+06
3.996871499907077697e-07,3.127594391197367571e+06
7.025836872587943629e-07,2.000664790784330806e+06
7.706832257775738256e-07,1.919827676882909378e+06
1.879830678120515996e-07,2.661485799540667329e+06
2.736052876245985775e-07,1.927813424823407549e+06
5.172259366378582220e-07,1.687592468496843940e+06
3.518164746513501823e-07,2.662956180122625083e+06
5.197964926995474275e-07,1.760837661488936748e+06
4.545266604508314747e-07,2.050163981679145945e+06
5.705285533592835361e-07,1.756882405901802704e+06
6.846080248839537033e-07,1.475820404739987571e+06
7.483646085340189614e-07,1.511907070020338753e+06
7.351247372984800231e-07,1.860056942051450489e+06
1.251085976631337836e-06,1.328726688085743692e+06
2.736052876245985775e-07,1.927813424823407549e+06
8.767199807050996185e-07,1.075704865828254959e+06
6.846221936456409243e-07,1.456436995529372245e+06
5.705285533592835361e-07,1.756882405901802704e+06
9.548716303958991332e-07,1.027153713225179352e+06
5.717417810762704580e-07,1.720839972967722220e+06
8.310734304042315895e-07,1.160754241550785024e+06
9.083962205691154096e-07,1.075342338833828922e+06
5.797753631176132065e-07,1.761943787256557494e+06
6.846080248839537033e-07,1.475820404739987571e+06
9.313106693529634310e-07,1.098833252917297650e+06
6.341401835707728750e-08,3.491414824997529387e+07
5.193577626815970840e-07,1.024357958066581632e+06
5.063172627922203510e-07,1.037770034288624884e+06
5.083385266995047534e-07,1.136903457523173420e+06
5.717417810762704580e-07,1.720839972967722220e+06
8.310734304042315895e-07,1.160754241550785024e+06
9.548716303958991332e-07,1.027153713225179352e+06
6.846221936456409243e-07,1.456436995529372245e+06
8.896731876045356385e-07,1.108598692175770178e+06
4.068282139167504558e-07,2.492575197406828403e+06
5.797753631176132065e-07,1.761943787256557494e+06
3.153914003885785517e-07,1.638969321712150937e+06
3.096331387473037661e-07,2.672307035026031081e+06
3.985029128926812502e-07,2.356943223848101217e+06
3.883739325784940146e-07,2.525878379086326808e+06
4.191235796082320417e-07,2.317207812161720358e+06
3.789642171108087419e-07,2.698460488344799727e+06
4.893686279514021663e-07,2.266827760882848874e+06
4.552135795100209017e-07,2.470072155355731025e+06
4.753415575928608625e-07,2.339970419009609148e+06
4.971137989782439050e-07,2.213169064095439855e+06
4.835094446380233997e-07,2.395309674653936177e+06
4.616943229590179109e-07,2.637914431235591881e+06
2.840051930009555521e-07,2.088069168790916912e+06
3.660966863692216336e-07,1.998878813178351615e+06
4.208163237709109249e-07,1.941485103465101449e+06
4.101804197890824161e-07,2.196913149307712447e+06
3.388350406499186817e-07,2.783448731580113061e+06
3.883739325784940146e-07,2.525878379086326808e+06
3.963808287603771281e-07,2.463820853232136928e+06
3.287241607865694035e-07,3.087887861505266745e+06
3.789642171108087419e-07,2.698460488344799727e+06
3.061885727797006825e-07,3.449366146055428777e+06
2.842306764196505244e-07,3.917794603256218135e+06
3.393683270068654868e-07,1.661790846599046839e+06
3.590809114676931387e-07,2.103737825020578224e+06
2.687586493828811287e-07,7.693879577030847780e+06
4.265675612787822938e-07,1.844128737114780815e+06
3.569788114579259554e-07,2.431052035662961658e+06
3.649738708408294645e-07,2.509221527692927513e+06
6.137045850779664764e-07,1.590824273151607020e+06
4.078585120258296902e-07,2.292697371110132895e+06
8.280666174176480040e-07,1.210258054390130099e+06
9.836002338495048984e-07,1.344238875615469180e+06
2.045217601561325477e-06,8.143044481848034775e+05
4.276318381729025280e-07,1.778493838383437321e+07
5.269956843034763488e-07,1.395883942986595631e+07
3.765915754727830945e-07,2.337812703864631709e+06
8.778023822868770861e-07,9.985231578640656080e+05
1.098986489822224403e-06,8.924278546407655813e+05
1.175593905850641557e-06,9.706601241735946387e+05
1.309657440320631319e-06,8.708206115417761030e+05
1.336876958265398207e-06,8.876875787473579403e+05
1.216237890020165432e-06,1.070249953925904119e+06
1.508294272099848668e-06,8.855796737609019037e+05
2.381410341826120028e-06,6.581020995100094005e+05
2.138745250951273042e-06,7.326451551485116361e+05
2.919396531747659960e-07,1.846015031864192104e+06
1.005920349727663975e-06,7.307394058151496574e+05
3.591114986545562230e-07,2.416561288167651743e+06
5.942042720351144909e-07,1.421905606134318514e+06
1.165924759976076146e-06,7.732022149468006101e+05
1.464275519134516592e-06,7.298848527366127819e+05
1.432907846597359563e-06,7.688032961653698003e+05
1.406489222475180693e-06,8.039307287122432608e+05
1.241477977237967491e-06,9.631396224897700595e+05
2.571803495818177671e-06,5.746576122124352260e+05
2.372655649604411912e-06,6.607521160114313243e+05
2.869603073530545807e-07,1.878603566880284343e+06
4.933469904538301886e-07,1.159131862092550611e+06
1.639188085447770830e-06,5.893086341480467236e+05
1.792229621296408119e-06,5.474401534893052885e+05
2.590630509211431121e-06,3.960080753517001867e+05
1.949480963697689825e-06,5.402615458140672417e+05
1.887641965886216918e-06,6.097465019971452421e+05
2.341319580972997985e-06,5.059253179549903725e+05
2.243437809943198103e-06,5.306203262001674157e+05
3.864884259077726933e-06,4.061495753691222635e+05
4.097014547816565438e-06,3.825133105105253053e+05
6.497559143064355205e-07,9.207991081519597210e+05
9.323330052216337208e-07,7.896082453180950833e+05
1.683957264577831345e-06,4.492551180781480507e+05
1.164016621178229326e-06,6.688752987476860872e+05
1.940068744509511895e-06,1.551101306195225334e+06
1.992033954389086994e-06,4.192895350661956472e+05
2.492934038066343756e-06,4.304721029808168532e+05
1.778233316029556494e-06,6.782893991086076712e+05
2.218273606707660216e-06,5.612098848486717325e+05
3.927373934668324638e-06,3.571873547940635472e+05
4.132093358151366107e-06,3.579661988808160531e+05
3.198007062503028532e-07,1.695901425676142331e+06
1.676334104695878476e-07,3.261600452734502498e+06
5.308021019636151076e-08,1.394310845877932757e+07
4.203014420009333390e-07,2.229032715517676901e+06
5.400889270498004415e-07,1.840548312278934289e+06
4.008256425360745432e-07,2.543595750245565549e+06
3.058750869180015484e-07,3.467531036473731510e+06
6.624850576522305243e-07,1.594347065535242902e+06
3.040050827520513125e-07,3.683596044677985366e+06
3.440151218838959428e-07,3.205174250459211878e+06
3.116488064301832827e-07,3.552727164377688430e+06
3.191730769749015238e-07,1.675826531020899769e+06
5.122274932066312917e-07,1.672713825107188895e+06
5.864128989109841453e-07,1.537544988645849749e+06
4.203014420009333390e-07,2.229032715517676901e+06
5.196865165687643910e-07,1.773123744610273046e+06
5.647164008881901269e-07,1.672874035588543862e+06
6.151073306559684230e-07,1.585061698369270889e+06
5.400889270498004415e-07,1.840548312278934289e+06
4.008256425360745432e-07,2.543595750245565549e+06
5.067606372163145337e-07,2.227663200530746952e+06
8.322574666722892384e-07,1.595271145663138945e+06
7.913460743926206306e-07,1.050068337037210120e+06
5.439022924019976505e-07,1.563113861917127157e+06
5.122274932066312917e-07,1.672713825107188895e+06
5.196865165687643910e-07,1.773123744610273046e+06
5.868239877690321384e-07,1.610442378810994327e+06
8.662199158659588327e-07,1.090734136492374120e+06
8.146402861731164079e-07,1.145282143722381210e+06
8.305061687448984154e-07,1.147788995434493059e+06
5.647164008881901269e-07,1.672874035588543862e+06
7.100251131337234404e-07,1.338336335998576833e+06
5.891264542561729750e-07,1.605680307727689389e+06
1.502212432263071794e-07,3.414213958985320758e+06
4.057629416209276428e-07,2.801907263486348465e+07
1.835498365862063696e-07,5.794611059130239300e+06
8.305061687448984154e-07,1.147788995434493059e+06
4.814699001035914319e-07,1.978101789235828910e+06
9.036562129834475010e-07,1.084111746456330176e+06
5.368380473362703241e-07,1.810198325570475077e+06
6.553386835326428294e-07,1.715663940663612681e+06
6.072908129461386752e-07,1.944061245199363679e+06
4.834952262901658022e-07,2.601584098450245801e+06
1.042405416525688681e-06,1.214823924284672132e+06
1.030430586678000010e-06,1.360498678657343378e+06
3.125936220596155338e-07,1.512109266432813834e+06
1.448701341305272040e-07,3.378375106959064491e+06
4.814699001035914319e-07,1.978101789235828910e+06
5.611170808736844487e-07,1.681457533780494938e+06
5.540659252093316717e-07,1.713931236387625104e+06
5.148795441949944513e-07,1.815360073733660392e+06
5.580378739465684768e-07,1.829682544396379963e+06
5.547914627571577914e-07,1.835505290114914300e+06
3.277161703356446957e-07,3.029192449577254243e+06
6.545779162682890964e-07,1.578547183009643340e+06
3.088396187868273760e-07,2.374513294179472607e+06
3.642948237857792969e-07,2.068660619967048056e+06
7.624052286589145628e-07,1.746056863941784948e+06
4.412852740598237783e-07,2.128203433870706707e+06
5.611170808736844487e-07,1.681457533780494938e+06
8.339883089932014215e-07,1.134377151271670358e+06
5.540659252093316717e-07,1.713931236387625104e+06
3.873166881288115889e-07,2.438976859243827406e+06
5.919952789982257118e-07,1.695331713270695182e+06
5.580378739465684768e-07,1.829682544396379963e+06
5.547914627571577914e-07,1.835505290114914300e+06
3.307371868064291179e-07,1.760724387304313481e+06
7.574846720247735276e-07,1.205465635166445747e+06
6.057954473228709463e-07,1.583427941912384704e+06
1.017315459596031725e-06,9.712077723365894053e+05
1.076805560368074415e-06,9.108874181367318379e+05
4.410194907585892781e-07,2.291026512107048184e+06
8.061171891137149031e-07,1.225679401739399647e+06
7.971271818772387606e-07,1.220151379453669069e+06
1.079387863446012090e-06,9.424369130563775543e+05
1.039340067079916625e-06,9.871691843042997643e+05
9.149673490875772365e-07,1.149462303693882888e+06
8.952445955066210006e-08,2.644977653653844446e+07
2.591135824909416916e-07,2.282930810408341698e+06
2.003574002044137933e-07,3.072400431779615581e+06
8.078476779043605226e-07,9.393467903853280004e+05
3.943752360154953479e-07,2.180742008537007030e+06
4.920826109413710710e-07,1.821019154711812967e+06
1.017315459596031725e-06,9.712077723365894053e+05
1.079387863446012090e-06,9.424369130563775543e+05
1.039948547752969530e-06,9.867137212445611367e+05
6.851695393354632254e-07,1.712789590227531502e+06
1.320567146333628221e-06,9.624165876815555384e+05
3.267795235713395870e-07,4.255747904871052131e+06
2.591135824909416916e-07,2.282930810408341698e+06
2.003574002044137933e-07,3.072400431779615581e+06
3.812510301414454827e-07,2.342090869776837528e+06
5.575184742932556727e-07,1.597507786970259389e+06
7.182520821414682645e-07,1.282372933948036516e+06
4.678818764374662135e-07,2.106060302131997887e+06
8.342886319491261975e-07,1.239729162696956191e+06
4.766794566193950027e-07,2.141119724096648861e+06
5.616528106538794507e-07,1.794327056822377024e+06
4.667725429416371569e-07,2.355173913151228055e+07
1.231168283551243534e-06,1.082305572186081437e+06
5.537966306460206472e-07,1.378888396687043132e+06
7.408737433932854589e-07,1.208787199506774079e+06
7.132840609696760147e-07,1.278189383412851254e+06
5.385578010132585441e-07,1.717886508702176390e+06
7.314323353725715501e-07,1.207126791078330483e+06
1.063142975295739404e-06,8.860004963146713562e+05
8.978610436485307158e-07,1.055019940089016920e+06
1.040015643303986455e-06,9.039991403477299027e+05
9.621629930150354558e-07,9.890670360419906210e+05
1.014719355381094535e-06,9.340176626067716861e+05
9.232742261755246145e-07,1.064395656269724946e+06
1.673656723024927958e-07,8.258240945883285254e+06
2.900694462297748971e-07,2.740358912954811938e+06
6.461707024501633631e-07,1.277680299619853962e+06
4.296088368646240809e-07,1.934934316867403686e+06
3.685638155579681124e-07,2.250590881043775007e+06
7.408737433932854589e-07,1.208787199506774079e+06
9.944129011457901035e-07,1.034067928366308333e+06
8.118727869207096445e-07,1.403534404105537571e+06
7.702189826918570248e-07,1.696442480870981235e+06
1.375296283873398915e-06,9.223398333690036088e+05
1.432679737870747898e-06,1.093829265375179937e+06
1.795158284607608720e-07,6.977378339273383841e+06
3.736436185714022831e-07,1.572580578248313162e+06
3.346064262357288015e-07,2.796132536188446917e+06
3.751529042330955462e-07,2.384810284745772835e+06
6.676153057153820119e-07,1.391105976554875262e+06
4.153318251950959375e-07,2.444414678033796139e+06
1.647624584053738190e-07,6.725321311456171796e+06
3.742880265803847367e-07,2.997382471202524845e+06
4.169148410483546529e-07,2.769407413963612169e+06
4.031532518332863909e-07,2.888008910671254620e+06
5.145107388143798236e-07,2.468317857935261447e+06
4.311991871230460531e-07,1.211581408864736324e+06
4.563944492044334842e-07,1.230999079480021959e+06
4.401100385392832397e-07,1.271539076757867122e+06
3.736436185714022831e-07,1.572580578248313162e+06
6.554996177584567006e-07,1.552581946866072249e+06
6.350846435432364818e-07,1.613935303433462512e+06
5.794532809231541610e-07,1.840484137048858451e+06
6.224100600182054169e-07,1.773593652086963877e+06
5.899036782699831321e-07,1.898413261629552115e+06
6.103963304637446503e-07,1.821951380153878592e+06
4.563944492044334842e-07,1.230999079480021959e+06
4.520851471036423080e-07,1.266948441512813559e+06
4.888962306084629145e-07,2.299707088038120046e+07
5.456117426984771783e-07,2.042456358482715860e+07
6.580687233318880914e-07,1.252174504209037405e+06
7.247512288017420251e-07,1.142222189052288420e+06
6.626143033519813854e-07,1.290689570548550226e+06
6.460765818663798260e-07,1.367358990109704202e+06
5.001400762864105210e-07,2.745242728118276689e+06
3.579258140284468458e-07,3.840307522517760284e+06
4.520851471036423080e-07,1.266948441512813559e+06
3.245541104715985745e-07,1.948202808749940945e+06
2.550802981226891763e-07,2.811066149343370460e+06
6.237263297930350850e-07,1.385575938799086725e+06
6.189267636718209077e-07,1.561381207913854858e+06
5.336145187177867336e-07,1.944396743328971323e+06
6.279048988877609754e-07,1.674616267892240779e+06
4.575566756647338657e-07,2.314937713711755816e+06
4.107566030969651216e-07,2.740031730755161960e+06
5.219187666410031162e-07,2.250975101981051732e+06
5.024476283368754066e-07,2.462075437921857461e+06
2.639841245429603381e-07,8.022804199109039269e+06
3.245541104715985745e-07,1.948202808749940945e+06
5.457049165750777348e-07,2.151429841780508403e+06
2.550802981226891763e-07,2.811066149343370460e+06
4.844014178974694462e-07,1.841721905808055773e+06
8.476634211492902221e-07,1.160458955191314220e+06
8.649052598421767895e-07,1.175695303367328132e+06
6.451739965740602641e-07,1.554433939258654369e+06
9.182032095303744945e-07,1.092364723073923960e+06
5.115618677768835371e-07,2.122256275137456600e+06
7.838613864625044781e-07,1.590656750442553312e+06
7.686974328402794971e-07,1.786651314276828896e+06
1.415103264154428076e-06,1.107043641735731624e+06
2.043173249462439309e-07,2.447288853126755450e+06
4.506653151130806954e-07,1.238218525058105821e+06
3.204372849111407125e-07,2.568946640708727762e+06
3.780391425025675970e-07,2.404843197841676883e+06
7.015721802280243085e-07,1.333011928050980205e+06
8.948780887069266331e-07,1.174867780968284933e+06
8.348201240884734187e-07,1.275480913880794542e+06
7.838613864625044781e-07,1.590656750442553312e+06
1.091721978241219273e-06,1.161138968474741327e+06
7.686974328402794971e-07,1.786651314276828896e+06
1.415103264154428076e-06,1.107043641735731624e+06
4.360347090842247771e-07,4.015781619962043129e+06
3.954945052447186577e-07,1.241738855309238657e+06
2.043173249462439309e-07,2.447288853126755450e+06
4.506653151130806954e-07,1.238218525058105821e+06
5.872642774837534161e-07,1.677616829082781915e+06
9.245791554389962026e-07,9.611293911498462548e+05
1.051127514688984697e-06,9.338625501933064079e+05
1.048202335749413752e-06,9.371965366480188677e+05
8.590660463563623575e-07,1.201090527308212128e+06
9.074634525081731579e-07,1.224870452566578984e+06
4.186851177430143045e-07,1.584299284056687728e+06
6.441827758555238137e-07,1.324981698188293958e+06
6.838501662851567046e-07,1.278972220561719500e+06
5.764548419202671924e-07,1.508501506598592736e+06
3.192304436980118991e-07,3.026136560580200050e+06
4.969399483698085744e-07,2.322212073144296650e+06
7.714531597755506329e-07,1.512552376777623547e+06
8.411104778622217061e-07,1.480534725088748150e+06
7.957508286074145273e-07,1.645745198315272573e+06
7.918043501608506963e-07,1.638189457367143594e+06
1.136329406099249366e-06,1.237030271900223102e+06
1.219879502899121168e-06,1.149408137348167598e+06
1.500361928690097888e-06,1.043898825008537504e+06
4.590610362195052351e-07,1.475812074031418655e+06
5.122608972722165705e-07,1.841165270130249485e+07
5.555430908531065400e-07,1.356081644324587192e+06
2.851880990716070678e-07,3.080052400172325782e+06
6.647344767949949302e-07,1.370529144401925849e+06
7.033492035540518500e-07,1.348107501864679391e+06
1.047673164691329868e-06,9.618122978147563990e+05
8.094865984717911298e-07,1.311191563706845278e+06
4.926892792120797173e-07,2.177641668755737599e+06
1.027076517172650647e-06,1.234968299379778793e+06
7.713236095841485593e-07,1.726274058939541224e+06
3.478413130838268488e-07,2.106965713924545795e+06
4.641036764643245893e-07,2.447298036533470824e+07
4.945513787322569262e-07,1.594387950248448877e+06
6.351951175777361250e-07,1.398555957719620084e+06
7.033492035540518500e-07,1.348107501864679391e+06
4.669759526784019190e-07,2.092708145792404190e+06
5.448741066443663914e-07,1.905876214420126751e+06
4.889080772705296850e-07,2.326409571387132630e+06
7.383974648174530811e-07,1.560905335193408653e+06
1.020435603881142205e-06,1.183825897426443174e+06
1.025512675685025288e-06,1.234772893108711811e+06
9.500062100783381442e-07,1.474308364555745386e+06
1.966954688578977386e-07,3.027390878859458957e+06
2.278528783160823381e-07,2.785035120887885336e+06
2.204328770657479445e-07,3.641500548043308314e+06
3.082125116415877874e-07,2.657135522889872547e+06
3.772810107311028947e-07,2.391659891440910753e+06
5.370469787026581444e-07,1.938715449467275292e+06
4.209043249188504147e-07,2.519840712554556783e+06
4.974089042667224164e-07,2.281614697313306853e+06
4.662736716421902393e-07,2.566757010788108222e+06
5.676894562025215098e-07,2.134733451750905253e+06
9.496134138309526990e-07,1.475880405402768403e+06
2.483468705681904937e-07,2.185239299600025173e+06
1.620425280750113839e-07,4.051804621252294630e+06
2.003371971718019746e-07,3.246272622343883850e+06
2.239006467954185188e-07,3.581590273958582897e+06
2.386804504940958199e-07,4.303773751550714485e+06
2.803792917122603660e-07,3.728509815527026542e+06
2.086542540083285359e-07,5.148249268468387425e+06
2.948361396372913190e-07,3.809002493804993574e+06
3.017050589575681389e-07,3.921673645993776154e+06
4.047019635391158687e-07,3.226509330446628388e+06
5.103848736596643787e-07,2.900105831392007414e+06
3.950803865878658913e-08,5.647751588523726910e+07
2.680925417626944258e-07,5.445494451030515134e+06
2.549258008698060418e-07,2.204475681161066052e+06
1.501730167891193657e-06,6.174404335260658991e+05
1.470434279868213512e-06,6.600202407587934285e+05
5.712618587759385716e-07,1.815081607073884225e+06
8.834598601479656108e-07,1.173389887368765194e+06
1.395401180411681154e-06,8.447855398249815917e+05
1.223443374222341290e-06,9.644876356326180976e+05
1.145877124611840840e-06,1.266607625493712258e+06
2.249795601458854761e-06,6.967885246180832619e+05
5.363419988963073340e-08,3.887161351199547201e+07
6.399211968948193958e-07,1.153368541027103085e+06
4.498788142498315620e-07,1.787880293265611865e+06
8.463596280574473001e-07,9.369240312634971924e+05
9.459551942983973375e-07,8.707414831118090078e+05
1.509775477365468897e-06,6.149720097511478234e+05
1.227913280401369343e-06,8.159258924165075878e+05
8.173990446432407643e-07,1.234496587629500544e+06
1.380643924740303038e-06,7.412623430825069081e+05
1.375228626179456058e-06,7.727185040406163316e+05
1.326513426931741031e-06,9.342326710631762398e+05
1.225037764760462479e-06,1.120694240166816162e+06
2.267023729733022373e-06,6.910640317522246623e+05
7.735750683572532701e-07,9.498566081796142971e+05
5.064644611672626228e-07,1.733513676216230495e+06
4.595287640627506385e-07,1.965896378132440383e+06
4.229135381024685296e-07,2.188004079365095589e+06
5.552661515616991348e-07,2.331747774351556785e+06
1.276172539179202284e-06,7.527169640841939254e+05
5.304176123408048453e-07,1.853696373575808015e+06
5.439936708902844758e-07,1.884856394417638192e+06
6.540600163005141873e-07,1.786924513644788414e+06
9.858925193794392363e-07,1.225638942001305521e+06
7.927630544154876339e-07,1.604560903347911080e+06
1.059833343629806833e-06,1.197006255510143004e+06
4.012785677255003891e-07,2.834201746437039226e+07
7.351743325658060734e-07,1.301376791673865402e+06
4.228253598731389606e-07,2.300816571978435386e+06
5.439936708902844758e-07,1.884856394417638192e+06
7.894767005302233479e-07,1.281332206490724348e+06
7.190420698699132656e-07,1.409624269559697248e+06
9.627328439887823577e-07,1.227070736067355145e+06
1.000648075032496216e-06,1.203754686600466492e+06
9.565660970867567394e-07,1.294160134955589660e+06
8.596249277345680381e-07,1.451158245694141835e+06
7.381010458871368379e-07,1.717195500310967211e+06
9.455151456348768992e-07,1.345531141044822754e+06
1.620022809917248374e-06,9.134828113999934867e+05
1.604327798007743654e-06,9.771413956788114738e+05
2.833761932758926015e-07,2.594260242278483231e+06
2.762706114446599689e-07,1.730555233136734925e+06
1.822889385480828978e-07,2.820431202415143140e+06
6.821954592297257636e-07,1.314801558471301338e+06
1.116263094033922788e-06,8.469590887230216758e+05
1.168728109802658936e-06,8.368006480311518535e+05
1.135128349924922253e-06,8.630103442727371585e+05
7.894767005302233479e-07,1.281332206490724348e+06
1.292228474216555244e-06,8.222623540704349289e+05
1.639663793338390034e-07,2.787579920827801339e+06
2.459815677397310811e-07,3.961712816022795439e+07
1.336912339315986263e-07,6.035109828983564861e+06
2.898685357807971087e-07,3.031511941655105446e+06
4.131346109533388525e-07,2.432012886321409605e+06
4.404357466816722296e-07,2.269259163941820618e+06
6.227752219563390525e-07,1.628094053265058668e+06
5.050921741405247015e-07,2.084068694158309838e+06
3.458612427000202217e-07,3.579293002124809660e+06
4.297074103594732416e-07,2.796056288125888910e+06
2.459815677397310811e-07,3.961712816022795439e+07
4.180317047232226499e-07,1.422417653178538196e+06
3.193938983253752742e-07,2.025887389727409463e+06
6.610122469973729928e-07,1.254407932564166375e+06
4.384100338202596455e-07,2.390559740441031288e+06
4.404357466816722296e-07,2.269259163941820618e+06
4.633648636986257337e-07,2.298489452345625963e+06
4.198799266763834640e-07,2.514080901017923839e+06
4.034821188015989113e-07,2.750835112980547827e+06
4.315455472287227877e-07,2.988199804249998648e+06
4.687991353792374570e-07,2.938745339301692788e+06
3.193938983253752742e-07,2.025887389727409463e+06
7.035581962660302869e-07,1.197081585866360692e+06
5.673983746963601753e-07,1.553243268185790395e+06
4.112737317116504910e-07,2.322683469515386503e+06
6.271429766833964904e-07,1.491728766023654491e+06
4.633648636986257337e-07,2.298489452345625963e+06
5.542880378214759997e-07,1.945512375465467107e+06
4.198799266763834640e-07,2.514080901017923839e+06
4.528092824773788543e-07,2.369236957577544730e+06
4.740951763872589779e-07,2.235025101490828674e+06
4.034821188015989113e-07,2.750835112980547827e+06
7.541061820979225026e-07,1.681248295921816956e+06
5.673983746963601753e-07,1.553243268185790395e+06
6.653235245848992288e-07,1.368684352480725618e+06
6.671978972322219574e-07,1.366261753171044867e+06
7.414497080360695331e-07,1.250096241662388202e+06
4.886327976347671625e-07,2.010361143677304499e+06
8.466062962565088328e-07,1.199624367516593076e+06
3.811734189632791953e-07,2.715935565125798341e+06
5.238542962463439572e-07,1.947347204855522141e+06
6.734530270352875587e-07,1.502074088571656263e+06
4.407403145115383794e-07,2.682793893845584709e+06
7.402783555498352089e-07,1.716207831098582363e+06
8.212195927305913213e-07,1.620981449252800317e+06
4.295007628425906690e-07,4.077132666331964545e+06
3.242797522301009898e-07,3.438118304859089851e+07
6.003227366842937679e-07,1.352183686104273191e+06
6.019296191867429038e-07,1.386168662953473860e+06
5.946663117711648175e-07,1.405971251144473674e+06
7.138185613032836838e-07,1.354221373843280599e+06
7.653735349226015595e-07,1.282286124796363525e+06
8.711712281141412292e-07,1.114753132342374651e+06
6.223523681196788449e-07,1.592832714561535511e+06
7.697393710781997796e-07,1.325303889310383238e+06
6.851075178050947225e-07,1.815684805806986988e+06
6.941680111158992661e-07,1.786539382896750234e+06
1.222086733867918200e-06,1.282721633117371239e+06
5.353985635471817669e-07,9.677594403874356067e+05
2.580369611398860491e-07,2.229503564323494211e+06
2.839346654862174094e-07,2.141407562473221216e+06
3.483603987160775161e-07,2.522911163800832350e+06
7.653735349226015595e-07,1.282286124796363525e+06
7.349570723712639420e-07,1.276085439315369120e+06
7.697393710781997796e-07,1.325303889310383238e+06
7.898647185815107452e-07,1.360714656299656024e+06
1.076464655816766121e-06,1.171503078594541876e+06
1.187271276256384842e-06,1.120033438295620261e+06
2.186270943554362187e-06,7.164152501062569208e+05
2.326699518755341890e-07,3.485298395013845991e+06
6.822514708202090517e-07,8.228134604561179876e+05
1.444755528406802772e-06,6.626057328700176440e+05
1.423683771444731176e-06,7.104016232250385219e+05
1.747901088695988501e-06,5.989511833347830689e+05
1.616655135610379677e-06,6.542606193050309084e+05
1.800172841851399814e-06,6.610366815979739185e+05
2.652102610766231010e-07,4.382223801196028478e+06
1.768109420075745850e-06,7.036507252346310997e+05
1.752065784121628953e-06,7.071633560236186022e+05
3.227283158596346875e-06,4.855698736827731482e+05
3.095463093426541760e-06,5.064683687436904875e+05
8.137444710202792380e-07,8.948932325153765269e+05
1.368536620832959884e-06,5.739274024525397690e+05
1.074809322207860618e-06,7.477833119454339612e+05
1.380143062019263712e-06,8.106230945633226074e+06
5.322406616149276777e-07,1.711713341094486183e+06
1.381273186877881407e-06,7.664950219056926435e+05
2.048885553735499871e-06,5.249551245604641736e+05
1.578919948207813581e-06,7.256697392945165047e+05
1.721472791610877444e-06,6.736670163991210284e+05
1.842992053036172169e-06,6.397825118051694008e+05
3.156276693837028864e-06,4.444752049735029577e+05
3.120618307776353395e-06,4.741951782099602860e+05
1.355358474459869756e-06,5.232746851645100396e+05
5.322406616149276777e-07,1.711713341094486183e+06
1.327795789264604506e-06,7.047099345335544785e+05
1.193340009760517899e-06,8.026910460022490006e+05
5.585217399352081337e-07,1.787536810984790558e+06
1.386359599319495596e-06,7.341960669285702752e+05
9.043738611858389436e-07,1.136957744957061484e+06
1.296970042449849450e-06,7.893888815597363282e+05
1.309283769046089176e-06,7.779487450058960821e+05
1.354285870816897513e-06,7.850833740822963882e+05
1.689734360709644644e-06,7.197212142141987570e+05
1.392744606263935303e-06,9.111540046556020388e+05
4.575278657004164997e-07,1.095781477609300287e+06
2.850125413187979377e-07,2.348782872069598176e+06
1.147900887764634208e-06,8.585146471039151074e+05
1.159525513218786476e-06,8.467453554613733431e+05
8.178567077681577803e-07,1.206139567887638928e+06
1.296970042449849450e-06,7.893888815597363282e+05
8.825690260916427262e-07,1.146791644907904323e+06
1.309283769046089176e-06,7.779487450058960821e+05
1.095315229328283072e-06,1.076576205135598779e+06
1.070235392116164210e-06,1.280498104237599531e+06
1.058643593487853039e-06,1.294613313821666641e+06
1.900188844746466220e-06,8.241013728042099392e+05
2.323062877853453621e-07,4.979130681998090446e+07
3.363385853624581649e-07,2.122657665197853465e+06
3.854026317211320462e-07,2.136908624254989438e+06
5.492414849947636426e-07,1.618215835405891063e+06
4.551334989846678170e-07,1.874710947931293398e+06
5.461324264728705885e-07,1.575321526009135880e+06
5.996547662273043388e-07,1.571025934223396471e+06
4.144343918353161848e-07,2.844421862781589385e+06
6.577873806148123412e-07,1.890257468613473233e+06
6.763929274533738163e-07,2.022529159522371832e+06
7.485785944083073407e-07,1.957668157811906189e+06
1.189591049966179825e-06,1.316792968254983658e+06
4.481464359560165320e-07,1.391023055382997263e+06
3.854026317211320462e-07,2.136908624254989438e+06
5.492414849947636426e-07,1.618215835405891063e+06
4.551334989846678170e-07,1.874710947931293398e+06
5.282554943997323242e-07,1.631074803316457896e+06
4.795926243946061384e-07,1.830660398410443915e+06
5.996547662273043388e-07,1.571025934223396471e+06
3.120383489923056322e-07,3.218299529640458524e+06
4.747781717223817818e-07,2.672321284223464318e+06
7.165649279226528569e-07,1.888731966913939919e+06
2.393272264218688445e-07,6.318899871030687355e+06
1.041975041556708515e-06,1.505925426741383737e+06
5.549148485892216821e-07,1.228611238541953731e+06
4.343487659512539871e-07,1.694862733105190098e+06
3.512466959491021121e-07,2.371801636243531480e+06
1.040562401851689216e-06,8.107576909355741227e+05
1.051349298864228665e-06,8.299270433166107396e+05
6.524088076718662859e-07,1.481102041988179088e+06
8.217334036886515998e-07,1.225163745687989751e+06
7.762237619517059796e-07,1.517408385990496958e+06
8.496507917775077406e-07,1.462490270764853572e+06
7.733886086709960470e-07,1.617830849998049671e+06
1.292942315787613178e-06,1.029047745225314633e+06
1.506322905670311865e-06,9.820034891951536993e+05
4.836187261362111264e-07,1.394576505693991203e+06
6.085796400096374665e-07,1.277252634693862405e+06
6.206759497474650107e-07,1.290469931306494633e+06
2.224306280540646726e-07,4.258301040176773444e+06
9.762822207247069478e-07,9.434786306820347672e+05
1.082346749237850306e-06,8.697125807002957445e+05
6.325677367332856856e-07,1.736072416156445630e+06
8.437900577267661360e-07,1.281818939770386787e+06
8.463233436538746285e-07,1.335440453500691568e+06
7.762237619517059796e-07,1.517408385990496958e+06
1.291508585205906038e-06,1.086180748308160808e+06
1.479531776394721004e-06,1.001230758188991342e+06
1.324437357801925810e-07,5.668124281599567272e+06
3.088980380789365322e-07,2.608103957980588078e+06
5.745796036531658361e-07,1.544425166929668514e+06
4.402095007640698638e-07,2.013723687330741901e+06
6.384355296775229393e-07,1.466433825398764806e+06
5.302652703407895621e-07,1.836408972757248674e+06
4.265778815900483276e-07,2.361880485824388452e+06
4.233042172342351390e-07,2.448223604574090801e+06
5.103350717664833594e-07,2.102285013844940811e+06
5.988573678704748304e-07,1.918421601289134473e+06
4.697340051940906459e-07,2.936400368016475346e+06
8.041253307552396047e-07,1.750929239545234479e+06
3.088980380789365322e-07,2.608103957980588078e+06
6.173780039529396427e-07,1.459313213456636993e+06
8.922565806203523777e-07,1.009281836036303313e+06
5.554916348645977152e-07,1.661977473903416889e+06
4.402095007640698638e-07,2.013723687330741901e+06
6.553223752214309895e-07,1.369467899406510638e+06
7.972500662307731702e-07,1.146609299229940400e+06
7.078351335549955659e-07,1.382799264974642545e+06
5.891167196411859219e-07,1.918458032710645813e+06
6.086258249663708469e-07,1.934325922197628068e+06
8.978144510754271887e-08,1.504925050516782328e+07
1.062444686344429095e-06,1.319221552410954144e+06
3.526826914063498419e-07,1.810155694672293728e+06
3.341776827222990352e-07,1.977279197766997386e+06
5.462407128922022911e-07,1.704698635249792784e+07
1.056977435466556539e-06,8.234704926116167335e+05
6.186422505466600777e-07,1.559423746201024856e+06
6.371198569489909754e-07,1.554344360989458859e+06
7.611838915401796154e-07,1.277633721934985602e+06
7.529135548967974677e-07,1.371402507240707055e+06
7.017848086812966034e-07,1.440288997687007999e+06
1.069197185772280938e-06,9.797753402280352311e+05
1.164699216163965629e-06,1.143293257861587452e+06
3.526826914063498419e-07,1.810155694672293728e+06
3.421910095196908473e-07,2.015256126409562072e+06
4.976523239240611395e-07,1.654719464922764571e+06
6.371198569489909754e-07,1.554344360989458859e+06
7.597357294408592787e-07,1.300066966030612122e+06
7.017848086812966034e-07,1.440288997687007999e+06
8.071526532546524750e-07,1.311294939478958724e+06
9.068025817967753980e-07,1.240706144964262610e+06
7.728681439543479967e-07,1.614618283165603410e+06
7.754866833674038256e-07,1.684709949084021384e+06
7.334972303980174541e-07,1.879138833760792622e+06
1.415667918622322242e-06,1.106251068933312781e+06
1.439090727109989181e-06,1.089738419998771278e+06
2.782237097255959713e-07,1.660892685416534077e+06
3.433596683716013335e-07,1.351346038831883343e+06
4.370003664542016316e-07,1.282565725021770922e+06
2.752245989722972108e-07,2.217337552721387707e+06
7.597357294408592787e-07,1.300066966030612122e+06
8.071526532546524750e-07,1.311294939478958724e+06
9.059049130428077878e-07,1.241133820440384792e+06
8.649902843239730455e-07,1.365082713758485857e+06
7.811854091551995621e-07,1.672835433214584598e+06
1.450960690409092011e-06,1.080239302974538645e+06
1.187065384956299310e-07,1.614975048965619877e+07
2.181038437467792178e-08,3.759716964295431226e+07
3.143859650470114128e-07,3.528199851484246552e+07
3.526683266630675653e-07,2.980265471181310248e+06
2.129371704705023747e-07,4.990558817325276323e+06
1.942972097918849877e-07,5.546143931139418855e+06
3.135661676946288903e-07,3.431029052334200125e+06
3.898074244640805578e-07,2.890985498060022015e+06
3.554132872103973094e-07,3.315602385285606608e+06
6.210043704381216895e-07,2.384908029207600746e+06
5.935517179263048542e-07,2.491291613566725980e+06
1.337528238927491814e-07,1.466765618222098984e+07
6.298564351792293544e-08,1.156364124524112046e+07
3.180185033725564908e-07,2.753127002407380845e+06
2.455857606383945338e-07,3.726049389813581947e+06
3.704914402726316492e-07,2.553484038813241757e+06
3.176535595149866436e-07,2.933165518965966534e+06
4.169429206892608096e-07,2.356190076738255564e+06
4.380417522696747759e-07,2.238017743547043763e+06
4.600084650284592927e-07,2.196955225225606002e+06
4.387542936468495646e-07,2.311295404182865284e+06
3.411816183746751590e-07,3.233126770139152184e+06
3.672419644199791869e-07,3.156313456765648443e+06
1.985114377848552168e-07,7.285601779526803643e+06
1.006785970242678563e-07,9.859780161744594574e+07
2.988495387847928315e-07,2.969492700093090534e+06
3.353614460871298433e-07,2.659014864472117275e+06
4.453490835274471083e-07,2.129564699168808293e+06
1.994849290658524935e-07,5.171612540441093966e+06
3.667166985288427215e-07,2.701115386905845255e+06
3.592487941459492397e-07,2.869461182353719138e+06
3.334557251710355661e-07,3.234091287516903132e+06
4.067839484110875570e-07,2.675823107272922527e+06
4.353114453559421958e-07,2.792707856244003400e+06
4.851330662503970294e-07,2.611808020830111112e+06
6.223986969910636961e-07,2.254434164346086793e+06
4.452700507949225131e-07,1.766547252054449404e+06
3.595445192090369152e-07,2.129051738661692012e+06
4.397624901189803836e-07,1.792061057992253685e+06
4.259673728640601009e-07,2.223088735766832251e+06
4.155331220520033348e-07,2.488436634065858088e+06
2.790322512000832548e-07,3.756212194165593479e+06
3.760362060598607970e-07,2.942327485762229655e+06
5.756676370483078477e-07,2.063243188969098032e+06
5.362922292432519069e-07,2.188426957576445770e+06
6.199406235079375621e-07,2.051998814034026349e+06
7.643502714923898498e-07,1.684299134521448053e+06
8.404241473201101216e-07,1.670454151745866518e+06
1.099492237291624043e-06,1.427993714433614630e+06
2.020538730679031438e-07,4.711686445582965016e+07
2.569761354506714741e-07,4.527486056590471417e+07
5.427093257832055806e-07,1.431227112314688973e+06
7.406379804660632277e-07,1.236475453755045775e+06
7.475983442783444223e-07,1.264739173631828511e+06
8.349680628360059838e-07,1.121079364962126128e+06
7.696256141443238942e-07,1.271323673989061732e+06
6.031653105875680689e-07,1.688539154396636877e+06
5.770419646338827325e-07,1.924375603018087568e+06
7.731066270367059204e-07,1.648293956280208658e+06
9.477162139292569163e-08,1.802384525354093313e+07
2.061849925171484622e-07,4.729994084608187526e+07
1.817852279499273986e-07,5.257161371774095297e+07
5.427093257832055806e-07,1.431227112314688973e+06
4.611285026119900588e-07,1.880152360554540297e+06
6.550685464770564950e-07,1.441085246935613686e+06
6.342654747680261817e-07,1.556044404208935332e+06
6.366881548028789125e-07,1.776171683874839684e+06
5.448438725915332579e-07,2.223050074566124938e+06
4.961589278644832977e-07,2.759153111827430781e+06
1.316353723551995871e-06,1.131438875666146399e+06
1.078140472668675082e-06,1.453659318289368181e+06
3.298141868227027241e-07,1.768768724430517526e+06
9.514052043620463800e-07,7.717933930766888661e+05
1.542929996486975810e-06,5.848362567142337793e+05
6.550685464770564950e-07,1.441085246935613686e+06
1.049265335496004273e-06,9.268045965450599324e+05
6.342654747680261817e-07,1.556044404208935332e+06
1.303720016612385004e-06,8.307618449047512840e+05
9.213618659594124366e-07,1.308291514862019103e+06
1.292631863034618432e-06,9.121264581157090142e+05
1.989361988229510915e-06,7.914913412068617763e+05
2.206458215460791968e-06,7.107436140201161616e+05
1.645250684951345463e-07,1.423141600253165700e+07
2.393101275832705148e-07,2.703527301150740590e+06
1.120987986925786240e-06,7.161526209709814284e+05
7.096456874987106357e-07,1.240916889878611779e+06
1.280169239869562065e-06,6.541097148731215857e+05
1.078962161371248213e-06,8.629216286405761493e+05
1.184196782841463708e-06,8.184113118420533137e+05
9.741257240955940756e-07,9.510303466571167810e+05
1.353944234213842592e-06,8.300205581927159801e+05
1.184273303977082012e-06,1.003878316133985412e+06
1.237106983398911019e-06,9.522501816498178523e+05
2.138790984115724684e-06,6.923817838841283228e+05
2.219123803634770844e-06,6.673401295894101495e+05
4.110189659528451383e-07,2.513232365835429356e+07
2.274787450292086835e-07,2.209713531319526024e+06
7.372454931465394230e-07,1.150311096992293838e+06
9.512462843638404263e-07,1.017311253189769923e+06
1.418580418387389640e-06,3.524059087852376513e+06
9.741487525469949750e-07,1.106754197830722434e+06
1.006172941906563896e-06,1.124443992894498631e+06
1.086531287013841775e-06,1.132313073964189272e+06
1.259760826353555765e-06,1.059304251846210565e+06
1.744910207122857347e-06,8.038977944061775925e+05
2.751267855918790819e-06,5.368805977386037121e+05
5.397941982112800070e-07,2.933553011754528619e+06
2.287675707088552847e-06,4.077652948648588499e+05
1.758976849435489705e-06,5.665930051516972017e+05
2.380009383646475795e-06,4.139573497332514380e+05
2.065328467409715319e-06,5.333363755798286293e+05
2.638274881481562844e-06,4.279383280044408748e+05
2.265122738295321666e-06,5.259982816262512933e+05
2.396468546535364088e-06,4.970860685640673037e+05
2.455982176401962455e-06,5.040945544828781858e+05
4.206444656289523770e-06,3.725754643387602991e+05
4.428533602145237094e-06,3.540676178398535121e+05
5.037132387821619713e-07,8.616303867430946557e+05
5.875660142710848014e-07,1.021905177347966703e+06
1.004370401744122215e-06,6.591672004280113615e+05
1.506367436181041565e-06,7.027814387587890960e+05
2.916763265258425741e-06,3.507397591856676736e+05
2.523071771626096915e-06,4.502512818643866922e+05
1.817055951131968497e-06,6.797891322283400223e+05
2.376682493395514797e-06,5.239718344940462266e+05
3.794568095397213184e-06,3.185574870813586749e+05
3.108492053704534735e-06,4.510356617075196700e+05
4.474555717858694567e-06,3.307427940991258947e+05
4.218037359965481603e-07,1.561290103213650873e+06
4.680619425066898423e-07,1.421547478101550601e+06
4.114315502562724486e-07,2.039989403921699384e+06
3.022167225001836322e-07,2.784730421032471582e+06
3.244327156014744985e-07,3.050910142755766865e+06
5.191286055274333732e-07,1.919468196959148860e+06
5.970688788165318651e-07,1.771943423863792093e+06
7.712972866222680229e-07,1.506379585316409823e+06
5.297201646968910310e-07,2.174664311329678167e+06
9.251787090712330411e-07,1.383855363340923097e+06
1.130831313783864003e-06,1.390247861200713553e+06
1.950602314987885513e-07,1.094853507001766004e+07
3.695626269762323966e-07,6.010889367983358912e+06
3.673914418566024565e-07,2.304653829493598547e+06
2.784479961628553637e-07,3.366070503637717571e+06
4.212753465670538065e-07,2.309544976804577280e+06
3.521350662313857083e-07,2.851948611969727091e+06
5.191286055274333732e-07,1.919468196959148860e+06
5.160905142560486593e-07,2.297893084402291104e+06
5.970688788165318651e-07,1.771943423863792093e+06
5.606303281723811410e-07,1.885261354988544481e+06
5.044254060001771713e-07,2.194486596921899822e+06
5.151577898500104156e-07,2.171141298993823584e+06
5.039350860033425641e-07,2.414337680130750872e+06
2.603753461296104520e-07,5.075465404487634078e+06
8.761922808950631284e-07,1.603245330168243265e+06
4.888975704305041414e-07,9.801377282128802035e+05
6.386012004012410155e-07,1.045280391709720250e+06
4.683619168999487979e-07,1.735104179074948654e+06
7.125008815531052887e-07,1.196647626325472491e+06
1.078844669050117974e-06,8.245785929053882137e+05
1.196540343533089734e-06,7.829570955380018568e+05
1.564203346374167969e-06,6.273271505199833773e+05
1.920112987647924977e-06,6.012579739850122714e+05
1.198934821351113654e-06,9.948976240223970963e+05
1.302789814545527700e-06,9.498293169884717790e+05
2.217263812499299612e-06,7.068302947398585966e+05
2.441545487765577477e-07,2.345390622491087392e+07
6.431708751072443824e-07,8.250356666090365034e+05
1.539629054714615849e-06,5.930896191753301537e+05
1.196540343533089734e-06,7.829570955380018568e+05
1.595847736953848016e-06,6.131153881404743297e+05
1.084480793304626134e-06,9.203945592700517736e+05
1.197542530836589753e-06,8.238303285379832378e+05
1.298470658066821169e-06,7.768255045994676184e+05
1.343433982493844506e-06,8.784009245380162029e+05
1.185026964179674180e-06,1.104415494402007665e+06
2.244270023578822131e-06,6.983908628350078361e+05
4.516832458116116150e-07,1.216039784562312998e+06
2.748254227820762634e-07,2.159938959665489383e+06
2.197518387655164446e-07,3.251524514148855582e+06
4.848027802561167430e-07,2.141011214829151519e+06
6.388481392294717658e-07,1.668587754502271069e+06
5.751993066157774275e-07,1.867730106263163732e+06
6.139333997635572023e-07,1.819622702254452975e+06
5.746139242985211733e-07,1.914318848731707316e+06
6.300814425567271526e-07,1.827344132104915800e+06
8.445116181286914389e-07,1.487305112896980252e+06
1.060891445913588422e-06,1.221532850079841912e+06
1.676181253891503882e-06,9.918516241472201655e+05
3.413608018620486987e-07,6.785976821932589635e+06
2.405512672599420338e-07,1.957238134353750618e+06
2.507929088929444606e-07,2.295603981531989295e+06
2.401255537587323917e-07,2.623632511809031945e+06
7.974794072687376777e-08,1.317190211866547540e+07
6.388481392294717658e-07,1.668587754502271069e+06
4.530285758008746741e-07,2.413666913199781440e+06
3.720841298701295008e-07,3.035174498930810019e+06
6.139333997635572023e-07,1.819622702254452975e+06
2.604274111650372116e-07,4.893183058372313157e+06
3.442184391501795734e-07,4.051658755667955615e+06
4.560164633352765621e-07,3.154965167636131402e+06
7.493771566955749968e-07,2.090385340281826444e+06
9.708067417155445611e-08,4.939734270034151152e+06
1.608197908810845843e-07,5.303243876768473536e+06
1.332081231092426666e-07,6.214061461749299429e+06
1.697211714863955937e-07,5.619064847906733863e+06
1.996056611462110507e-07,4.853419772865890525e+06
6.289411367419765465e-08,1.795217146667822450e+07
2.576087815504328336e-07,4.049470951782531571e+06
2.326286886166358476e-07,4.982317904369570315e+06
2.175950785469818512e-07,5.634855459397324361e+06
2.336279114361575941e-07,5.206932212351863272e+06
2.134959081970811198e-07,5.998832136737499386e+06
4.528499481722207391e-09,4.251473795092598200e+08
1.126993435048034949e-07,4.353208753588221967e+06
1.724622096601994389e-07,4.845382571399563923e+06
9.300834034583452348e-08,1.012698273563602567e+07
2.745576035808408578e-07,4.881370659801493399e+06
1.634506385946975535e-07,6.074139582858568057e+06
9.122160717324450729e-08,1.137021486867736652e+07
3.144444477418968753e-07,3.151670497534240130e+06
4.084818699919789912e-07,2.732103420665681362e+06
3.082593225158575813e-07,3.856794510758620687e+06
3.884697475564435436e-07,3.205300676751371007e+06
2.926686802971012157e-07,4.402507979908899404e+06
6.606334407117764416e-07,2.369924825115700718e+06
2.782456852645805459e-07,3.445071791898091137e+07
3.333548463037893791e-07,1.770054219988293946e+06
1.720661754755340638e-07,4.592728121885975823e+06
4.144491475075881844e-07,2.128109575611718465e+06
3.318443114695995724e-07,2.492902779091088101e+06
4.516244799477579878e-07,2.156640050301144831e+06
4.641213048763625433e-07,2.212294882612059359e+06
4.570995418190575793e-07,2.247454060964020900e+06
4.219124760167597439e-07,2.722031396999114659e+06
5.277813955501357329e-07,2.479313034313595854e+06
9.581703168328736181e-07,1.633055469819120364e+06
3.333548463037893791e-07,1.770054219988293946e+06
4.247267731221932501e-07,1.430173586115112295e+06
3.940391032839311898e-07,1.713691580090404022e+06
1.965352912648143716e-07,4.075272507425066084e+06
6.716575828705202549e-07,1.385396238368785009e+06
6.017727357961802552e-07,1.639714265117714182e+06
8.221729136911383746e-07,1.243390551445155405e+06
6.680898261522478721e-07,1.534534129960476886e+06
8.130998181012025138e-07,1.259408532545522787e+06
6.711278051134923366e-07,1.586428063764697639e+06
3.091598955209684479e-07,4.743425916828749701e+06
1.969978425183642692e-07,4.422651359597569332e+06
3.427825722978513163e-07,1.499664624927556375e+06
3.428706544828603322e-07,2.644110362727906555e+06
3.861917986673687391e-07,2.398511683552008588e+06
3.611365971631337351e-07,3.285342388513600454e+06
5.363246516302391106e-07,2.296199106433546171e+06
4.818753640446000853e-07,2.581686384408024605e+06
6.453744597635347586e-07,2.027660165831128834e+06
6.161739174688042142e-07,2.235581235173328314e+06
4.854657442683382232e-07,2.998083554029819556e+06
1.157668521292439605e-06,1.352476369795385050e+06
8.896284773755689961e-07,1.762214218340308173e+06
1.969978425183642692e-07,4.422651359597569332e+06
4.702729758278384730e-07,1.047640380948241916e+06
3.428706544828603322e-07,2.644110362727906555e+06
3.861917986673687391e-07,2.398511683552008588e+06
5.831588408386858242e-07,1.773327540036967490e+06
6.681818845206461090e-07,1.644428258784660604e+06
9.094019635522446805e-07,1.371269395938022062e+06
1.062816686753731613e-06,1.304740987642069813e+06
9.278327932043286835e-07,1.473290628822481260e+06
1.640845424954193682e-06,9.547464669229690917e+05
2.209158365902976100e-06,7.539776268641257193e+05
1.074609374338537117e-07,1.847902941327717528e+07
6.653101081020639111e-07,7.537272079130229540e+05
7.479626918789157468e-07,1.004770458469358855e+06
1.357014920221863981e-06,6.114819322916010860e+05
9.837484138997909947e-07,8.429703393219155259e+05
1.582720303840074745e-06,5.675561507474787068e+05
5.070545859290820509e-07,1.811641871081243968e+06
1.133985045070670424e-06,8.701874742470653728e+05
1.209436027510617239e-06,8.376533229419925483e+05
1.280502597077698394e-06,9.285277531855712878e+05
1.268100300204988335e-06,9.807123815660125110e+05
2.341902124360640002e-06,6.317435910552146379e+05
5.129664029363772328e-07,1.501373425660680747e+06
5.562515562052695419e-07,1.429028532188747777e+06
4.448855491996284696e-07,2.087289605515700532e+06
4.264607847237225329e-07,2.185684833908354398e+06
3.245544048795300202e-07,3.037782634141259827e+06
8.700699248727252537e-07,1.170892727894556709e+06
9.601968713176044406e-07,1.201020642026995309e+06
7.887451561104313611e-07,1.392828493170668604e+06
7.953604851569815248e-07,1.365991074522814527e+07
1.182903759732676844e-06,1.074175220999583835e+06
1.823346077236013808e-06,8.169223709005690180e+05
2.067552547027814692e-06,7.622693846668066690e+05
2.027253781518484963e-06,7.753304825803595595e+05
4.296636416167649990e-07,1.559267615676065208e+06
5.448996208418558424e-07,1.293373654887275537e+06
6.267851060386398940e-07,1.182127417974666227e+06
5.838483371061170614e-07,1.312165098568122135e+06
9.979579089230937585e-07,7.484299946912134765e+05
5.415819179086650516e-07,1.519956493652532343e+06
1.970171312389946772e-06,4.862637177745462977e+05
2.249345465117513826e-06,4.490778402388333343e+05
2.543446500178543306e-06,4.441004042259496637e+05
4.201554726578530303e-06,3.335625746266432689e+05
1.004808827413088058e-06,6.930826876188172027e+05
1.864945295741794199e-06,4.603390867080578464e+05
2.701853933315512987e-06,3.254307751187235117e+05
2.828909871125295284e-06,3.192419333996404894e+05
6.706844095074461892e-07,1.351598992517539766e+06
2.050406747113493846e-06,4.578593380325507605e+05
1.970171312389946772e-06,4.862637177745462977e+05
2.249345465117513826e-06,4.490778402388333343e+05
8.868617007636331446e-07,1.227747343703138875e+06
2.414488108593704433e-06,4.910583185338229523e+05
2.293965439163837419e-06,5.431687419450801099e+05
4.207688190344557867e-06,3.724420011023115949e+05
3.052729694364058832e-07,3.715045209204277396e+07
7.352786273950797241e-07,9.025245851091520162e+05
6.230261519145999201e-07,1.327915966388629284e+06
9.814604755225733018e-07,8.213954410191972274e+05
1.526814792595837509e-06,6.898104455477135489e+05
2.375402052093706813e-06,4.734962089187818347e+05
2.152230607382446468e-06,5.272861825899988180e+05
4.610584339132085153e-07,2.657581667487154715e+06
1.515057958672864199e-06,8.617510717142877402e+05
1.869458086159340084e-06,7.824245242275395431e+05
2.863427896125207513e-06,5.166485040349441115e+05
3.863539364466629188e-06,4.059914863416574663e+05
1.738480632178560531e-07,3.266363582274086773e+06
1.603992909514903198e-07,4.655360505721021444e+06
2.345120009551100657e-07,3.407150423022622243e+06
4.402682598244666084e-07,1.969447769855853869e+06
5.631654303123561301e-07,1.644477575612656772e+06
2.255011030630871249e-07,4.071067942000794224e+06
5.957851279761444010e-07,1.724919303008039948e+06
3.342470215806400913e-07,3.518814846810203046e+06
6.349774463909383014e-07,2.137396812168301549e+06
8.455897669080086670e-07,1.756507895434123697e+06
3.480378209695359524e-07,4.329026224417304620e+06
9.910735048151075857e-07,1.591957379738811636e+06
3.169760515388914587e-07,1.674243379352458287e+06
1.838934863305445297e-07,3.185488750584179536e+06
1.603992909514903198e-07,4.655360505721021444e+06
2.345120009551100657e-07,3.407150423022622243e+06
3.345744523930974697e-07,3.337654207377887331e+06
3.609314865423342127e-07,3.202300105574046727e+06
3.986385588125574209e-07,2.925244677223119885e+06
4.393282589505332111e-07,2.970556590312684420e+06
3.884794505673088515e-07,3.725956199166652746e+06
7.166959678027387756e-07,2.067828679749446921e+06
7.306761084421925896e-07,2.022892491362514673e+06
8.091540414707407414e-07,1.935316773051270051e+06
1.317016714395169207e-07,1.591708029412440956e+07
3.461267421908994981e-07,1.840242539117013104e+06
4.915743125610202804e-07,1.634094638174490444e+07
4.581106358145669068e-07,2.029712521767996019e+06
4.138413279701395526e-07,2.194447584446366411e+06
4.191769468591395475e-07,2.156110427873164881e+06
5.110584350522024940e-07,1.826733906078269938e+06
5.754159780436947987e-07,1.701549334161987295e+06
5.398284650905099447e-07,1.876250253016741946e+06
5.273929383920943337e-07,2.014328337363208178e+06
4.301461753960894066e-07,2.490921405924247112e+06
4.868511656345631360e-07,2.254304264494956471e+06
4.513652041181413143e-07,2.478974761503829062e+07
3.196087966909495123e-07,3.568561934615365416e+07
6.239652636091088737e-07,1.324317097109692637e+06
5.858199947242799453e-07,1.506823803567614174e+06
5.716699559243897452e-07,1.643779615207877709e+06
3.939090219109432313e-07,2.496511699080213904e+06
4.942770091211646807e-07,2.077478086085780058e+06
4.301461753960894066e-07,2.490921405924247112e+06
5.275208556432867746e-07,2.089953179634764325e+06
4.868511656345631360e-07,2.254304264494956471e+06
7.977086351434272279e-07,1.591715737070685718e+06
7.288550671085010846e-07,1.738266646703635575e+06
3.389585601824296449e-07,2.268386553155451082e+06
6.334143078712870593e-07,1.252359156648770440e+06
6.317035879417368561e-07,1.320518878998099593e+06
5.579735374476557798e-07,1.556899820483554853e+06
5.106353050294415822e-07,1.792588839405254228e+06
5.588199243174037985e-07,1.908187124139149440e+06
6.193450610535417213e-07,1.800903282906815410e+06
5.009390386487146769e-07,2.175949108829216100e+06
9.353656669924627262e-07,1.190168186648854055e+06
3.718559168577649120e-07,3.088399188634980004e+06
8.322667316720795369e-07,1.602057990780378459e+06
1.366619095129376968e-06,1.085189602713789791e+06
3.634809842854137791e-07,5.835997999897377566e+06
3.824694924253839362e-07,1.471859567254791735e+06
6.507374288636072675e-07,9.990752414375781082e+05
8.499932992182386271e-07,9.899136743237208575e+05
9.548297229393165301e-07,8.944925601564511890e+05
1.083261024317318165e-06,8.241131188135498669e+05
1.092971862193343480e-06,8.536284052889167797e+05
7.177378649490392730e-07,1.353837393428750103e+06
8.158568927448572718e-07,1.361570373849307187e+06
9.888003074766710885e-07,1.202710901250354247e+06
9.882871017188735104e-07,1.204768722900648369e+06
1.842259573231492960e-06,8.030527836211095564e+05
5.781843088346355248e-07,1.180621539534385130e+07
8.231580794876871473e-07,8.724676151652380358e+05
4.845161387595096350e-07,1.685695725892078597e+06
6.910588024549090936e-07,1.183563781487372238e+06
5.956489409508718111e-07,1.457632376405784860e+06
7.542144489463818819e-07,1.183913508750814712e+06
1.229991952662278020e-06,7.704599644253290026e+05
7.189342095933108068e-07,1.587095849498914555e+06
1.609585809380490052e-06,7.174702447701746132e+05
8.868896263001664430e-07,1.386875781066799769e+06
1.441598676320354802e-06,9.727306234380615642e+05
2.667550130043972686e-07,4.159191202030875534e+07
4.196578116681187711e-07,1.648932672818135936e+06
2.570411606026132292e-07,3.138755339103741571e+06
2.742230038443496701e-07,1.325512336993537843e+07
5.595314597829871782e-07,1.928796481328839902e+06
5.965572658488547245e-07,1.777098307023641653e+06
6.289791619331227674e-07,1.784333852724910248e+06
5.846346845223553839e-07,1.926357453092084965e+06
4.733640569970071657e-07,2.417497053536633030e+06
7.837817869430232883e-07,1.479277422696737573e+06
9.958776138946360579e-07,1.489410181166805327e+06
9.475017855277868092e-07,1.563329740044303471e+06
1.664159549926035974e-07,4.804036056044269353e+06
1.989461856296833893e-07,5.996490204041094519e+06
2.587665941642950764e-07,2.220912708440350834e+06
4.081891589517269811e-07,2.232182868277589325e+06
3.531036379442365061e-07,2.742819078061397187e+06
2.943040440044775091e-07,3.484531256716761738e+06
5.239143586237103454e-07,1.995439985525537981e+06
3.254647040546699099e-07,3.918277574417559430e+06
4.310305493477360840e-07,2.882494292500453535e+06
9.585470145500408405e-07,1.462011228330455488e+06
7.155554858017718110e-07,2.190422748221924528e+06
2.700735207396444089e-07,1.477684261891686358e+06
1.632662572922778573e-07,3.796821173364708666e+06
6.006237157966127459e-07,1.167014882702322910e+06
5.267140337667301488e-07,1.644544131144815125e+06
6.767032078349330860e-07,1.417400611339892028e+06
1.057276461739772188e-06,1.042367771036436432e+06
8.005057080149493452e-07,1.578881817997430451e+06
1.030202856727805738e-06,1.200185362625360955e+06
1.104477925465266772e-06,1.178453000647580018e+06
1.693092596209686364e-06,9.259992730881572934e+05
1.921338703640280706e-06,8.649508216512097279e+05
4.980030409263194154e-07,3.723271827216868754e+06
7.148047855630445201e-07,7.383623979915392119e+05
1.127595641203439079e-06,8.167803510227893712e+05
1.374307063482374691e-06,7.132771003575755749e+05
1.420400729447607769e-06,6.875123186122910120e+05
1.262925005506422132e-06,8.045695830010555219e+05
1.221528141426365456e-06,8.321654702508200426e+05
1.228766694164443065e-06,8.666520297491099918e+05
8.497401057549124973e-07,1.272118266221320955e+06
9.333402407531029115e-07,1.184579678714945214e+06
4.903225443775292843e-07,3.791811229914241005e+06
8.097243184703164938e-07,6.591240652742730454e+05
8.497401057549124973e-07,1.272118266221320955e+06
1.228766694164443065e-06,8.666520297491099918e+05
9.333402407531029115e-07,1.184579678714945214e+06
1.370516319305694251e-06,8.053712009550589137e+05
1.052390959081917827e-06,1.076780585813717917e+06
1.011368735906974028e-06,1.177927261690044310e+06
9.866607174194078632e-07,1.259104502352612326e+06
1.338301114372651699e-06,1.063595859109061770e+06
1.827654624024022518e-06,8.098671929758702172e+05
1.903698237433052520e-06,7.775938542213313049e+05
7.889249713596916205e-07,6.547323287822267739e+05
6.109239087772162124e-07,2.159783665236164350e+06
7.602694558163240848e-07,9.962840548281613737e+05
8.395124300697076931e-07,1.188328184235913679e+06
8.628802345324299915e-07,1.250660586374308914e+06
1.103483572634148599e-06,9.806513499415259575e+05
9.154063691313649368e-07,1.204710450551539892e+06
1.011368735906974028e-06,1.177927261690044310e+06
9.866607174194078632e-07,1.259104502352612326e+06
1.461070869411521609e-06,9.612899599527957616e+05
1.908345587617807083e-06,7.345916823374049272e+05
1.827654624024022518e-06,8.098671929758702172e+05
5.005638939778808140e-07,9.254534964426500956e+05
5.602526564240862658e-07,1.034767575676184031e+06
7.587247645351009714e-07,1.033255237972709350e+06
7.020506597795460983e-07,2.534000730212150142e+06
7.287812762799577975e-07,1.113085159227168653e+06
1.372339580745216811e-06,7.644595839481140720e+05
8.395124300697076931e-07,1.188328184235913679e+06
1.419456046006266704e-06,7.270914811762798345e+05
1.331706293041140236e-07,6.751712651270669885e+06
1.469908200943245296e-06,9.061248774217535974e+05
4.091296915356546913e-07,1.701399403638460441e+06
5.466929680094619935e-07,1.263566174710860243e+06
1.489649417016465584e-06,6.151466827803578926e+05
1.594614326606898504e-06,5.898578726504080696e+05
1.419456046006266704e-06,7.270914811762798345e+05
9.416060656024713399e-07,1.055425310491413809e+06
6.798699863561709103e-07,1.623648136270612478e+06
1.554834869000808798e-06,6.944792524143490009e+05
1.526716225757306978e-06,6.941547715268365573e+05
1.343774765818660727e-06,1.021200039291439694e+06
2.502174232629067300e-06,6.267583380328119965e+05
3.443377526126414836e-07,1.602846993429684080e+06
7.561926443511051683e-07,1.109590862711215625e+06
8.819761386306451792e-07,1.026335073652363964e+06
5.635903652319775288e-07,1.737829524155994877e+06
1.489649417016465584e-06,6.151466827803578926e+05
1.736798632508613588e-06,5.456958420612928458e+05
1.594614326606898504e-06,5.898578726504080696e+05
9.576715123729661338e-07,9.912067293594181538e+05
7.297482511461937456e-07,1.482745416581643512e+06
2.090830685351503624e-06,5.042077727869372466e+05
1.209770781448144844e-06,9.948557696515686112e+05
3.305994609498154809e-07,1.500822160605753772e+06
4.733291065061593642e-07,1.521758126664484851e+06
5.326929837698140973e-07,1.369796805998804048e+06
4.187794022455826412e-07,1.858779708037884207e+06
7.561926443511051683e-07,1.109590862711215625e+06
3.916706853713693759e-07,2.242859852777196094e+06
8.819761386306451792e-07,1.026335073652363964e+06
6.592022988212555622e-07,1.600021405721202260e+06
6.603103671695934356e-07,1.801390885454284260e+06
1.232306565411491605e-06,1.201087913435755065e+06
3.204047057457779452e-07,2.148146891417690553e+06
4.318786194886449361e-07,1.677734371776028769e+06
5.774676541204048421e-07,1.948041941852294281e+07
3.739844005407378305e-07,2.556227767141866032e+06
4.352002629207235201e-07,2.257997325271049049e+06
1.120130207174434016e-06,9.100676973640397191e+05
5.619694470045249572e-07,1.980800045156889129e+06
7.038565098847533822e-07,1.718372641749335453e+06
9.475018528084848771e-07,1.384333153350153239e+06
1.481099772865137762e-06,9.022311804065657780e+05
4.539892277727943799e-07,3.088421362644609530e+06
1.116116580692404541e-06,1.253076251084368909e+06
1.857814450346217868e-06,8.445311898324963404e+05
3.786335442832342529e-07,4.178436428853730205e+06
6.813561616412430684e-07,1.371354083968856838e+06
8.480965884404986256e-07,1.037684105381723377e+06
1.091680626493518545e-06,8.357858609200954670e+05
1.187534210161291027e-06,7.865686451755297603e+05
8.034991788344683760e-07,1.212977516335356748e+06
9.070339839246420090e-07,1.251670152059770422e+06
1.062986613581025917e-06,1.114280650123052066e+06
1.021025332586705033e-06,1.217367539284164552e+06
9.036043561455529145e-07,1.374607833707662299e+06
1.657083527210483077e-06,8.930103224141137907e+05
1.891678029282529593e-06,7.818300366606867174e+05
1.566378126850958474e-07,1.076352269802445173e+07
6.219042290864510330e-08,1.225452623727289885e+08
2.749673306807728030e-07,3.109528393433282617e+06
2.982927628320680124e-07,2.841574180327426642e+06
2.037968500171943389e-07,4.212610059197166003e+06
4.555753560833449673e-07,2.014178478593748296e+06
5.280236443446055835e-07,1.833862814374983776e+06
5.552392428532472483e-07,1.803604880751369288e+06
6.117282301057911567e-07,1.819585563494517468e+06
4.903674485719164046e-07,2.671253364032694604e+06
4.874296446704013224e-07,2.702287144361717161e+06
9.064091258967246418e-07,1.831243296554277185e+06
4.625001691693276531e-07,1.198879564474577084e+06
5.317629788378881626e-07,2.124577230838297680e+07
4.217020552859250380e-07,2.061555443403748330e+06
7.151797208394091932e-07,1.150935407097687479e+06
5.644389606551734498e-07,1.547288180535297375e+06
7.054181333687626526e-07,1.305069657393841306e+06
5.280236443446055835e-07,1.833862814374983776e+06
5.818734826693208159e-07,1.898982269857508363e+06
4.712221295629995073e-07,2.361301479482131545e+06
5.106568801998843232e-07,2.165592163079850376e+06
5.511454558857244981e-07,2.123647232406618074e+06
4.625001691693276531e-07,1.198879564474577084e+06
2.592853618668842178e-07,2.956270678019174840e+06
3.863290158160679831e-07,2.187080375700651668e+06
4.925739268094701300e-07,1.893824069038438611e+06
5.251908937541534187e-07,1.958449566314263968e+06
5.730520001828527231e-07,1.846419276053573703e+06
4.712221295629995073e-07,2.361301479482131545e+06
5.106568801998843232e-07,2.165592163079850376e+06
5.511454558857244981e-07,2.123647232406618074e+06
4.874283738538673305e-07,2.387436013828683645e+06
4.941902093487080298e-07,2.457166951830771286e+06
6.631038030282862218e-07,1.911657722622837871e+06
4.745758168396386887e-07,1.804161595794531517e+06
4.008417807998984552e-07,2.170090492762996349e+06
2.200530961125615162e-07,3.953697892436215654e+06
5.480379799955266144e-07,1.641008906128061237e+06
4.925739268094701300e-07,1.893824069038438611e+06
3.331572140360123523e-07,2.944130217797490302e+06
5.251908937541534187e-07,1.958449566314263968e+06
5.730520001828527231e-07,1.846419276053573703e+06
4.370665956957186295e-07,2.664120161063164007e+06
4.542635020533931889e-07,2.612240970859717112e+06
5.631051273018356607e-07,2.402889333934846334e+06
8.685261036519594141e-07,1.612185569186458830e+06
3.402757546179213117e-07,5.056793542456222698e+06
3.988483532048731915e-07,1.572626405372012174e+06
5.646881493135386339e-07,1.279268716528223362e+06
4.745758168396386887e-07,1.804161595794531517e+06
5.997869005438712566e-07,1.459265716379164485e+06
5.965282158784436740e-07,1.470364121890295995e+06
5.480379799955266144e-07,1.641008906128061237e+06
8.544264413958956976e-07,1.099047167820982868e+06
7.633487568986340919e-07,1.249919017741813324e+06
6.240335838203768575e-07,1.709133126573973801e+06
5.494200949882513680e-07,1.971946001974349841e+06
9.533049411628453365e-07,1.647237799630414927e+06
2.320865625039424686e-07,2.376735891596397851e+06
5.986818473582749135e-07,1.343255214434017194e+06
3.477337077783650497e-07,2.339339078281842638e+06
6.013363637331625482e-07,1.235827127019747626e+06
7.253769374888996424e-07,1.187384263429825893e+06
6.563037329087587319e-07,1.387739632974501932e+06
5.285411995808582981e-07,1.804389194774600677e+06
6.202049052674850771e-07,1.726974259163598064e+06
7.095954062621596744e-07,1.662817849160268903e+06
5.705236087805075765e-07,2.203384843963769265e+06
1.154576119436465711e-06,1.357613351978336461e+06
8.965389045821745602e-08,2.627620880753715336e+07
2.423923464767877806e-07,2.393222774421881884e+06
3.195792343373262466e-07,2.705989221877613105e+06
3.269352233546978762e-07,2.821488977304054890e+06
2.337619248031675607e-07,4.265164741810999811e+06
2.703164407638932270e-07,4.565523296389002353e+06
4.880468229766682086e-07,2.563443717082967982e+06
1.553743514358914677e-07,7.983493983835854568e+06
5.082567039006550339e-07,2.574227500906215981e+06
4.603783570975268106e-07,2.800473927089393605e+06
6.770001237327042088e-07,2.320223180966448504e+06
9.194668706120547204e-07,1.703116391458939062e+06
8.965389045821745602e-08,2.627620880753715336e+07
3.528935267499312718e-07,2.064837405766327167e+06
2.314115079012710538e-07,3.560373870796171483e+06
3.195792343373262466e-07,2.705989221877613105e+06
4.283739617397206349e-07,1.998193306986777810e+06
4.919609395221529153e-07,1.697179091316733044e+06
3.269352233546978762e-07,2.821488977304054890e+06
3.641224083138673248e-07,2.810602937782250345e+06
4.942029025121165535e-07,2.458412457864695229e+06
2.501763311953912435e-07,5.177454108694143593e+06
2.191334735617922757e-07,2.428190259212358389e+06
4.062042644554824717e-07,2.121229649990061764e+06
3.178866540525900871e-07,2.746728372247950640e+06
2.868609917887935665e-07,3.149316084657536354e+06
4.171381444529642944e-07,2.302799558350390289e+06
4.074517428797210919e-07,2.649561802901671734e+06
2.640474084238438052e-07,4.070003236558711622e+06
1.737790315813177229e-07,6.020341800943562761e+06
3.789568819624305074e-07,2.924724981675102375e+06
3.226756049506724740e-07,3.552586647701150738e+06
4.788627540588655859e-07,2.525340929248607252e+06
6.538491562084043080e-07,2.148786056934546214e+06
2.359594473613686694e-07,2.501488939177176449e+06
3.595748042548932763e-07,1.968081337156172376e+06
2.156036312240191324e-07,3.325730263347615022e+06
2.868609917887935665e-07,3.149316084657536354e+06
5.042697235633119057e-07,1.927171699001947418e+06
4.720393241451330801e-07,2.084101493806406157e+06
4.754643472237880004e-07,2.278950448688784149e+06
1.737790315813177229e-07,6.020341800943562761e+06
3.316874847929717638e-07,1.094245543029041775e+07
3.789568819624305074e-07,2.924724981675102375e+06
8.611288690104744185e-07,1.727874264568575891e+06
9.011301878643694484e-07,1.745540510698960628e+06
3.114424516939101811e-07,3.325655021015464887e+07
6.470682223686583242e-07,1.194259699194485322e+06
5.594246245164409188e-07,1.416673479159944924e+06
6.940175367098512222e-07,1.170727586048005382e+06
7.833184332091010241e-07,1.167336034809293691e+06
8.791564388988784989e-07,1.036305002154729329e+06
8.510554322168383154e-07,1.077492588548413012e+06
7.940792418443199276e-07,1.227567186996450415e+06
8.728669546180922455e-07,1.105574952447247691e+06
9.510254844447576145e-07,1.113656508749985835e+06
2.441161010069542293e-07,4.268983078552233055e+06
7.833184332091010241e-07,1.167336034809293691e+06
8.514568508250820727e-07,1.116388087485647993e+06
9.020946667197154629e-07,1.036628066357902368e+06
6.599106251145906688e-07,1.518424939261135180e+06
8.728669546180922455e-07,1.105574952447247691e+06
8.473340196092306428e-07,1.158959013905974803e+06
9.350678224885805768e-07,1.088501918801592663e+06
7.564689199237305032e-07,1.399524817288119113e+06
9.187866487695895196e-07,1.208985707358411979e+06
1.061739168273991365e-06,1.042045696320634568e+06
2.337720965540518092e-07,9.665443747835215181e+06
5.146630703920375497e-07,9.337943870548566338e+05
6.599106251145906688e-07,1.518424939261135180e+06
8.473340196092306428e-07,1.158959013905974803e+06
8.303964059061540536e-07,1.257976370231354143e+06
7.564689199237305032e-07,1.399524817288119113e+06
1.214598772439858256e-06,8.838271471809715731e+05
1.006457879834995560e-06,1.047323743622557493e+06
1.409511633820694637e-06,7.811697082569011254e+05
1.011297194388224153e-06,1.138488685416668421e+06
5.146630703920375497e-07,9.337943870548566338e+05
9.771185287467048705e-07,5.297242110538195120e+05
1.123067801249972209e-06,7.939503521560216323e+05
1.306548070084463158e-06,7.429010311953475466e+05
1.693033968883182733e-06,6.007478336776788346e+05
1.262644062093905620e-06,8.112855704539943254e+05
1.648245294924578107e-06,6.474111949740566779e+05
1.298344894030745108e-06,8.537202992217421997e+05
1.445421420989885634e-06,8.992125414058937458e+05
1.238759406434057400e-06,1.114763715962200426e+06
2.420705561601972042e-06,6.472654231006467016e+05
1.401504300508703560e-07,1.145214900590521842e+07
4.367315721291077846e-07,2.629200481921292841e+06
4.969780486897208836e-07,1.103210258350542281e+06
8.808811316929436355e-07,1.141057030841139611e+06
1.786620930011428677e-06,5.682714042478334159e+05
1.572163689249437920e-06,6.532941775825507939e+05
7.118145781243794325e-07,1.460414072702981066e+06
1.671469702751077669e-06,6.144199435890908353e+05
1.693033968883182733e-06,6.007478336776788346e+05
9.343503605055321670e-07,1.336627841560547706e+06
1.016650037427724814e-06,1.276717702041742625e+06
1.791522723206438309e-06,8.257110820222670445e+05
2.962819812817807462e-07,1.999916988176944200e+06
3.016106312404463145e-07,2.266705890747143421e+06
3.908438564251788646e-07,2.598189599034485873e+06
3.793482962175244450e-07,2.698579070462628268e+06
4.510207505838987663e-07,2.299561932633816730e+06
4.066247756956693583e-07,2.603481666761523578e+06
4.890643269658485707e-07,2.177175145217986777e+06
4.334818620351366926e-07,2.585671363786349539e+06
3.909049280985643228e-07,2.841295239333427977e+06
4.964265669214491753e-07,2.319787574155480601e+06
5.374220539929905811e-07,2.466986097873828374e+06
8.046584998519280713e-07,1.767439180802855175e+06
1.120233661149271252e-06,1.483933070876177866e+06
2.630580176289733487e-07,1.963435361283116275e+06
2.962819812817807462e-07,1.999916988176944200e+06
3.186450240158273531e-07,2.780964738331992645e+06
5.111361878921305118e-07,1.697747973046604311e+06
4.320331558048372015e-07,2.073286441332899733e+06
6.668881428373831192e-07,1.492868528712496394e+06
3.793482962175244450e-07,2.698579070462628268e+06
3.908438564251788646e-07,2.598189599034485873e+06
7.355389683146763358e-07,1.435883932129613124e+06
7.827496692541875018e-07,1.569669909820414847e+06
1.197538133023365317e-06,1.171873878745097201e+06
3.522678952088044257e-07,1.072849018313861685e+06
8.293047385065135026e-07,8.801263695875136182e+05
9.863018105990013570e-07,9.595551654943588655e+05
9.708701929832286116e-07,1.014158776022891747e+06
6.668881428373831192e-07,1.492868528712496394e+06
8.626541740202919572e-07,1.134672125516923144e+06
1.012401832780542675e-06,9.689178931263099657e+05
1.001234661567055623e-06,9.814524003001166275e+05
9.082545796582591982e-07,1.113994939111418789e+06
7.355389683146763358e-07,1.435883932129613124e+06
6.165722866872459015e-07,9.075975763560617343e+05
5.125146541252536961e-07,1.259891203686373774e+06
9.708701929832286116e-07,1.014158776022891747e+06
1.001234661567055623e-06,9.814524003001166275e+05
1.003733133799440321e-06,1.016863231212928891e+06
9.566649451337400267e-07,1.078584394906548318e+06
7.435389730179132444e-07,1.423660824923875974e+06
6.898521916158824802e-07,1.537852445506625110e+06
7.974249069297419146e-07,1.492547356110763969e+06
7.319056453826935871e-07,1.881053056249769172e+06
1.428980490792202340e-06,1.035051856355782482e+06
5.478550323051828093e-07,2.802146130071379244e+06
7.338766011352827119e-07,2.098304070267496165e+06
5.177164447599062626e-07,2.221892642987684347e+06
6.165722866872459015e-07,9.075975763560617343e+05
8.704946911907504214e-07,2.982234808623492718e+06
1.361623579381745148e-06,6.925676274823778076e+05
1.352484276591507775e-06,6.844056031459826045e+05
9.566649451337400267e-07,1.078584394906548318e+06
1.003733133799440321e-06,1.016863231212928891e+06
1.403734569473518669e-06,7.263581540810718434e+05
9.551593178437514310e-07,1.299546610159152653e+06
9.370952208739373791e-07,1.389286607587863458e+06
1.754728769707272271e-06,7.982402816146899713e+05
2.573851545865245243e-07,2.268866463943240698e+06
2.304013690370380391e-07,2.748763058650020044e+06
2.139828765939557464e-07,3.409792060720193200e+06
6.403575200031435527e-07,1.500893544879495632e+06
1.232778705567931798e-06,7.890256646440674085e+05
1.122619492866524062e-06,9.198578248082039645e+05
7.660435554736963738e-07,1.438303783788230084e+07
1.328754044690282342e-06,8.049990786865488626e+05
7.704033554569380220e-07,1.360345794210502878e+06
1.856202801057432865e-06,7.565441965282878373e+05
1.617862993376062631e-06,9.726724336823414778e+05
1.588236002965506641e-06,1.050118023493865738e+06
7.756048933834661070e-08,1.127705386765794083e+07
2.567253370271242408e-07,2.488827214707595296e+06
2.180321158355334394e-07,3.085709736667735968e+06
2.478079504818676421e-07,3.364370763124729041e+06
1.635404832721051776e-07,4.786700909749641083e+06
2.226095733552898945e-07,3.604367150539302733e+06
3.727876597193163896e-07,2.806914839550114237e+06
5.182257607543638642e-07,2.215310300587475300e+06
3.722269096846142763e-07,4.002352593605169095e+06
8.853618325321880048e-07,2.005698256824563723e+06
9.424645968335238100e-07,1.993150226085150149e+06
7.756048933834661070e-08,1.127705386765794083e+07
2.492419767653378851e-07,2.731859640493019950e+06
2.366666690975247808e-07,3.653827174808708020e+06
1.515924723940040624e-07,6.125778344235003926e+06
3.821955882878963387e-07,2.613529418250863906e+06
1.327957292912052319e-07,7.769823428068825975e+06
4.889728074135990233e-07,2.462005696259284392e+06
6.195663545623411413e-07,1.882245176443492062e+06
6.076670021172128081e-07,1.941133145968253259e+06
4.383479958468568013e-07,2.874767380495708436e+06
9.043100381834855026e-07,1.736019556003595004e+06
9.745319664831826027e-07,1.705971020818599965e+06
2.129817510491341488e-07,2.142045914271809161e+06
7.967080790231611745e-07,9.931048540639115963e+05
6.201944689345995889e-07,1.471259183238187572e+06
4.779671492178338641e-07,1.938168840814640047e+06
6.044595585871108675e-07,1.634417573455505772e+06
5.487562762473384273e-07,1.776926048883621581e+06
4.060367010451887301e-07,2.345237956293177325e+06
2.954297673373075722e-07,3.573199190154802054e+06
4.655958516434469086e-07,2.576798468896129169e+06
5.646871316712924354e-07,2.288422941867778543e+06
9.261882524900580809e-07,1.598015386222389294e+06
1.036220088204134039e-07,2.115630731583925709e+07
2.044494551853650237e-07,5.347871396005064249e+06
4.219892970906045994e-07,1.527686592050126754e+06
4.779671492178338641e-07,1.938168840814640047e+06
5.487562762473384273e-07,1.776926048883621581e+06
3.605089693413060588e-07,2.860981764524406753e+06
5.039525095920070551e-07,2.269244361803981010e+06
3.639967222591750330e-07,3.068017482428805903e+06
3.945126654755880716e-07,3.149053612226990052e+06
4.483295061149459706e-07,2.883289987373282202e+06
4.513410755269604770e-07,2.914305790790602099e+06
7.370926589578650362e-07,2.007095702923367498e+06
8.917772372675987695e-07,1.757474904352300800e+06
2.099740353753010481e-07,9.029239665024010465e+06
1.723982083563427571e-07,5.091426178011100739e+06
1.933763989849569219e-07,5.212742045179387555e+06
3.605089693413060588e-07,2.860981764524406753e+06
2.329552188291089431e-07,4.592929010376274586e+06
3.061990602372187307e-07,3.786760872723700944e+06
3.639967222591750330e-07,3.068017482428805903e+06
4.470033232662593571e-07,2.630871401862187777e+06
4.157694998845888586e-07,2.843165119193848222e+06
3.252727183730360759e-07,3.925197023774414323e+06
4.058169784663281788e-07,3.184819999749287963e+06
6.566841456506689808e-07,2.255079796567525249e+06
7.219764253147669316e-07,2.301890415384011343e+06
4.593478801161438273e-08,1.380886623323449194e+08
2.062212996583743347e-07,3.392939877173557878e+06
2.800696191645352370e-07,2.734087737060521264e+06
2.485827262004717960e-07,3.290874968070609029e+06
2.258207266502570355e-07,3.826782226532903500e+06
2.124978206125137806e-07,4.707659872349062935e+06
2.798636369682969107e-07,3.423620846599163022e+06
3.245340027419841000e-07,3.412989133920914959e+06
2.401903093154848771e-07,4.803287626960221678e+06
3.600627580186632148e-07,3.633588046754057985e+06
6.610336810813412052e-07,2.238520284233256709e+06
4.593478801161438273e-08,1.380886623323449194e+08
3.004465884527329475e-07,2.699669200045911595e+06
2.101545436055206679e-07,4.791824482655827887e+06
2.124978206125137806e-07,4.707659872349062935e+06
3.426853236448939688e-07,2.884391802447521128e+06
3.569558860939957693e-07,2.870183942002012860e+06
3.450667683993215939e-07,3.085587820097872522e+06
3.366325571710852783e-07,3.200852129842858762e+06
2.657636224727330338e-07,3.950186922240785789e+06
2.401903093154848771e-07,4.803287626960221678e+06
2.907262601765145150e-07,3.948720655551253818e+06
3.029999374105806227e-07,4.201345128792147152e+06
2.617661280202157423e-07,3.578953530005050451e+07
3.851077678766372103e-08,2.268164928021368980e+08
3.968020644970531501e-07,2.155338311177139636e+06
2.306261579696050241e-07,4.188254076712419279e+06
2.385331782197242572e-07,4.197895362367324531e+06
2.655336614212341583e-07,3.824885549755723681e+06
3.305825318598128305e-07,3.124384128355524503e+06
3.572154057273954457e-07,2.843908798196345102e+06
2.907262601765145150e-07,3.948720655551253818e+06
2.779450626452272466e-07,4.543904942822437733e+06
3.514008737782622103e-07,3.686687205727733206e+06
5.729288932794760231e-07,2.734040627136282157e+06
1.359147506584482112e-07,1.572447601849494316e+07
3.971950226705326996e-08,1.409069840857552290e+08
3.374104776960937787e-07,8.835837301260670647e+06
4.936915117864524602e-07,1.871276578646347625e+06
3.743054266081602849e-07,2.565411614044489339e+06
2.306261579696050241e-07,4.188254076712419279e+06
4.394911169573217705e-07,2.254312864694745280e+06
2.655336614212341583e-07,3.824885549755723681e+06
4.304090619973025569e-07,2.360158127612889279e+06
4.961102348217519406e-07,2.129311024714092724e+06
3.692711816329714887e-07,3.185704442739495542e+06
3.445386842385256203e-07,3.755637876666401047e+06
6.142926680515982498e-07,2.411389806597322691e+06
3.116990691428516065e-07,2.965447799743972253e+06
3.827282797440705775e-07,2.524272358029935975e+06
4.962431499406537419e-07,2.038447815703278873e+06
4.692215808857155420e-07,2.154423195651540533e+06
4.249425085567614109e-07,2.398134127121279947e+06
5.553942404741325955e-07,1.817664889461385785e+06
4.224029839598493103e-07,2.451404269589032978e+06
4.630850827078282177e-07,2.218451336613616906e+06
5.109548426334031325e-07,1.971978781824904261e+06
4.577665422874018839e-07,2.269361982927644160e+06
4.118545382629619833e-07,2.605721605461779051e+06
5.731760486151201030e-07,2.002733655849792529e+06
1.164264745087407981e-07,1.493658987180822529e+07
3.805286445153926399e-07,1.425304837990069995e+06
3.666701013488792485e-07,2.013808936654651305e+06
3.130814464041209537e-07,2.949879958749642223e+07
2.783738060325133194e-07,3.298216989663376007e+06
4.527400622218749099e-07,2.138572113677986898e+06
4.304250108252580342e-07,2.273781586471225135e+06
2.175578135065571005e-07,4.717623463242149912e+06
4.437526446229216304e-07,2.631076029820070602e+06
3.358654345680836196e-07,3.716825355984136462e+06
4.549711144182489558e-07,2.848319508180903737e+06
6.431172263932884619e-07,2.068788274289809167e+06
7.132916343717403685e-07,1.965657982522091828e+06
3.805286445153926399e-07,1.425304837990069995e+06
2.973870820632924667e-07,2.111112376959960908e+06
2.268470506741556824e-07,4.329639922428932972e+06
4.304250108252580342e-07,2.273781586471225135e+06
4.527400622218749099e-07,2.138572113677986898e+06
4.246868974403744344e-07,2.416747428036066238e+06
3.552665955989015944e-07,3.018981698845954146e+06
3.742975060299284424e-07,3.025644894551957957e+06
5.434406866763396632e-07,2.126571759439192247e+06
2.759986050970718338e-07,4.390167154900900088e+06
5.456923900414094809e-07,2.323802420325823594e+06
6.301796909252275707e-07,2.225753923631131183e+06
2.566503959520279374e-07,3.001532220207174774e+06
1.423931429372019426e-07,5.993126100313334726e+06
2.363605890944107946e-07,3.529214480687222909e+06
2.487420122378170288e-07,3.683311459284912329e+06
4.271375114190453268e-07,2.145854050173706375e+06
4.393540404570622250e-07,2.235344517763336655e+06
2.709183315431217351e-07,3.571743344813620672e+06
3.343336335393866104e-07,3.100094697118700482e+06
3.552665955989015944e-07,3.018981698845954146e+06
3.105925228612867321e-07,3.558213761434577871e+06
5.492416414423490175e-07,2.558134887911115773e+06
6.406861802462207400e-07,2.185178276419747621e+06
5.588702887047062792e-07,1.347232802659924142e+06
2.385067802260417556e-07,3.104722969495254103e+06
2.435009698006027811e-07,3.401159047128527425e+06
2.845500161238271597e-07,3.128869083848446142e+06
1.293072127214381138e-07,7.265866856581905857e+06
6.555581490961306534e-07,1.496748012723434716e+06
3.343336335393866104e-07,3.100094697118700482e+06
6.148864357801912025e-07,1.651145234764480498e+06
6.612576532508426030e-07,1.542830013125794940e+06
5.632651421509154835e-07,1.911115877622180386e+06
3.954437624261021351e-07,2.779093187099418137e+06
1.230140730550840008e-07,1.712860325711241364e+07
2.857061804353565073e-07,1.895412068070539506e+06
2.233800532474188925e-07,3.218875792862325907e+06
2.404837860603633953e-07,3.376432234194716904e+06
4.091101127286032072e-07,2.185970393593586981e+06
5.115528774434687106e-07,1.878515042728925124e+06
6.555581490961306534e-07,1.496748012723434716e+06
6.612576532508426030e-07,1.542830013125794940e+06
6.148864357801912025e-07,1.651145234764480498e+06
5.632651421509154835e-07,1.911115877622180386e+06
2.347526357467760470e-07,4.593544570461327210e+06
3.954437624261021351e-07,2.779093187099418137e+06
7.539265279546927439e-08,1.296535175817112029e+08
2.124722079773573387e-07,2.590378534816933330e+06
1.868639602084283770e-07,5.385772301222024485e+06
2.193133575946826925e-07,4.719211081067389809e+06
3.939448364098322978e-07,2.721319217179493513e+06
3.131319273212010885e-07,3.674642752453919966e+06
2.674696913324025056e-07,4.157113818535326980e+06
2.650467967019707518e-07,4.406326410193751566e+06
3.206810468279459791e-07,3.641523146793643478e+06
2.754960243080554821e-07,4.624571530745933764e+06
5.306639856127423286e-07,2.519230445667084772e+06
4.188205887372934263e-07,3.191051609531502239e+06
1.409309787159880096e-07,1.492496383041509986e+07
1.631581315968894897e-07,4.918000927857603878e+06
1.332399231846918078e-07,7.514179626677681692e+06
3.718442734762610716e-07,2.476443776318803895e+06
3.260782750842029182e-07,3.085762819861198775e+06
3.493120734406308784e-07,3.021849432411023416e+06
3.240674994913478213e-07,3.290187919342550449e+06
2.932519025850723113e-07,3.940719763491759077e+06
3.390599528447347926e-07,3.453439931385595351e+06
3.211091639526527968e-07,4.097210648207286838e+06
2.092372240667856376e-07,6.478863703025348485e+06
5.821158925324540706e-07,2.692086402345824987e+06
1.706788498804359801e-07,2.452011934326481819e+07
2.461763483294841552e-07,2.472420124893038999e+06
6.140542914238557872e-07,1.440113376032203669e+06
6.770212828872279976e-07,1.382222102864003740e+06
3.344758843480228750e-07,2.875591281617301516e+06
3.595371732791895943e-07,2.799800210715614259e+06
4.013429312739621763e-07,2.615296086927203462e+06
3.112515795994780872e-07,3.491084185063680168e+06
3.119081244562896765e-07,3.580563586174165830e+06
3.262669004239418964e-07,3.466518576140254736e+06
5.625842075321590504e-07,2.345162113693953492e+06
1.169332920931632434e-06,1.425047604734988417e+06
3.896364170084829949e-07,1.319367229237590218e+06
2.232191733362131591e-07,3.850156136668568477e+06
8.512973399371495122e-07,1.035625553693683003e+06
4.683845527214437009e-07,2.005074979277485749e+06
8.645195676735423678e-07,1.092523785691763973e+06
6.823328065659013460e-07,1.425294410098330351e+06
2.431777612855035874e-07,4.726485132945284247e+06
4.583665528022511429e-07,2.603467947095153853e+06
5.644821618858097320e-07,2.085734941898512887e+06
8.396399827419809109e-07,1.377348213319151895e+06
1.047198798816786447e-06,1.205615070889501367e+06
9.103315590374516843e-07,1.627341608667662600e+06
5.288238751974283660e-07,2.946687326546929311e+06
2.626651010078168690e-07,3.062000686389314011e+06
6.924335584870164192e-07,1.173756568349869922e+06
4.197434909355397699e-07,2.416334110884929076e+06
8.365678913862325769e-07,1.178751671740022721e+06
6.515772811080391571e-07,1.597906337521100882e+06
6.285119508849350651e-07,1.722264940538806142e+06
5.683827794517261984e-07,1.922431074745710008e+06
6.162653993315572675e-07,1.808802417313884711e+06
9.102668966005648628e-07,1.264953570286127971e+06
1.024220561520970810e-06,1.370103457261819392e+06
1.123168669106938393e-06,1.249253934007307980e+06
4.183652139410410639e-07,1.464512827411636477e+06
3.110715473994844472e-07,2.166797113486459944e+06
6.515772811080391571e-07,1.597906337521100882e+06
5.683827794517261984e-07,1.922431074745710008e+06
4.844144383172444773e-07,2.205445737903941423e+06
6.883800010771552031e-07,1.567800799007845577e+06
4.804339744105274195e-07,2.215443044188021217e+06
7.034590548564888361e-07,1.532865335412289249e+06
5.312161275564516717e-07,2.131672715281552169e+06
5.037475712590158173e-07,2.363005680279232562e+06
5.080473157805095745e-07,2.588667664846805390e+06
1.123168669106938393e-06,1.249253934007307980e+06
9.389619981028308917e-07,1.493694776458058972e+06
4.183652139410410639e-07,1.464512827411636477e+06
3.110715473994844472e-07,2.166797113486459944e+06
5.734016779893758096e-07,1.264559918427352095e+06
4.530533799875387978e-07,2.152589667343161535e+06
9.062131310523463071e-07,1.084297790614310885e+06
5.540368811794041905e-07,1.742350381694477983e+06
8.831948276431732359e-07,1.213523196185146691e+06
6.883800010771552031e-07,1.567800799007845577e+06
7.385232437589598739e-07,1.506441442903677467e+06
5.326611090944770550e-07,2.366109663147476502e+06
7.104857725880337443e-07,1.732223953410753049e+06
1.103112327724484862e-06,1.421800833780203946e+06
5.484974291483456569e-07,8.681134348329888890e+05
2.286876542902186389e-07,2.882205530997800175e+06
9.224179148780098163e-07,1.015238944049030542e+06
7.165796443259189095e-07,1.335872785991148092e+06
8.516380793629294653e-07,1.140656279550955165e+06
1.154183453732835868e-06,8.763059004620360211e+05
8.743824571490344322e-07,1.176482085674755741e+06
9.557579356602092463e-07,1.113441595527966041e+06
1.249652969521149137e-06,8.687352531490096590e+05
1.193952194979097386e-06,9.918004825907095801e+05
2.151643465592443522e-06,7.286270259452770697e+05
4.494588929682918084e-07,4.710531118846390396e+06
4.459789785183318849e-07,1.318832903118694667e+06
2.337865022890968656e-07,2.967018283750096802e+06
9.224179148780098163e-07,1.015238944049030542e+06
1.154183453732835868e-06,8.763059004620360211e+05
1.291886612733023585e-06,8.397135188191536581e+05
1.004818445547575240e-06,1.116036787798254983e+06
1.189296026417765516e-06,9.567069795745422598e+05
1.268098019387166578e-06,8.925837816342115402e+05
7.390400439493291455e-07,1.630539109304714482e+06
1.193952194979097386e-06,9.918004825907095801e+05
1.638677788455620905e-06,8.119377769310745643e+05
2.174638638904031150e-06,6.803298918578728335e+05
2.208521618188286503e-06,7.101335009693955071e+05
4.441189928390864336e-07,1.478526292966800975e+06
5.948436670336816422e-07,1.191806499856870389e+06
9.903670655540325389e-07,9.016483572389093461e+05
9.860699148700128391e-07,9.434573978025101824e+05
1.108208155790825826e-06,8.534061501034608809e+05
4.826795954616765171e-07,2.084535644940611208e+06
7.351791492864155416e-07,1.512957805430772714e+07
9.155064082882956211e-07,1.191593032309782458e+06
1.904255425404154684e-06,6.361491373136426555e+05
1.598586486724249309e-06,7.533547599143018015e+05
1.743343540951730953e-06,7.620509479038261343e+05
2.062081491271573594e-06,6.475875978061736096e+05
1.259382635242359599e-06,6.754678291148827411e+05
5.729669832611095950e-07,1.428056754223821452e+06
1.407051943799037834e-06,6.397212538368809037e+05
9.550985472246135428e-07,9.733556015663084108e+05
1.139417314579239000e-06,7.957783087769729318e+05
1.401431659538857379e-06,6.738361254240978742e+05
5.303537727856281994e-07,1.885995425661051646e+06
1.431065208419812343e-06,6.850058136238548905e+05
9.155064082882956211e-07,1.191593032309782458e+06
1.169850189381701482e-06,9.536681094132898143e+05
9.711958686176692970e-07,1.217611137068809243e+06
1.735650155134741436e-06,8.074145303379104007e+05
2.335516265050863212e-07,2.524717482991347089e+06
2.233919018185362222e-07,2.828049170540054794e+06
6.268722502269781585e-08,1.195606375783764385e+07
1.328010649171762681e-07,6.962854171750653535e+06
6.220185374325202692e-07,1.566400867097675567e+06
5.587976790513115608e-07,1.906433358540853718e+06
5.638333771459584492e-07,1.963949758580012480e+06
4.472887568148835645e-07,2.621676551567046437e+06
4.705817254092281724e-07,2.465723277789750602e+06
3.497893084637409452e-07,3.379349392420897260e+06
4.207453288253124270e-07,2.734869635864087380e+06
5.675549823796027286e-07,2.158278909781599883e+06
1.162114471307448833e-07,3.888838275783009082e+07
2.012646958874683692e-07,4.685232598189143091e+07
2.233919018185362222e-07,2.828049170540054794e+06
3.951438483726039824e-07,2.618698456223978195e+06
6.408505544688379996e-07,1.765307403376486618e+06
4.207453288253124270e-07,2.734869635864087380e+06
3.497893084637409452e-07,3.379349392420897260e+06
3.814746164619239150e-07,4.205735584378719330e+06
4.365295429318194480e-07,3.150539876248225104e+06
9.198539774742948235e-07,1.526538967422579881e+06
7.847491278596718358e-07,2.115129098932073452e+06
9.620116883431263287e-08,1.100019319936786778e+07
3.590219579862725641e-07,1.546110407561950618e+06
1.442772618364874227e-07,5.158498776782658882e+06
7.126458324434379345e-07,1.295401971039107535e+06
8.300723662100035293e-07,1.167022194298574934e+06
6.691170904384168727e-07,1.610666877673824085e+06
4.900094403247571025e-07,2.178285775936204940e+06
7.439242433063507930e-07,1.487310168160640169e+06
6.853911502011158114e-07,1.824640679691277444e+06
6.758086870507511598e-07,1.874762936929639895e+06
7.399337125264576593e-07,1.759818772983948700e+06
1.266398908599124741e-06,1.311174289583111648e+06
2.799490847762210206e-07,1.753108417857659981e+06
3.230042217006166644e-07,1.716517239183041267e+06
2.302442152561836253e-07,2.901764688064473215e+06
5.078381317357179648e-07,1.862601876775645418e+06
5.237277881072965899e-07,1.863654801930158865e+06
5.311488157191553552e-07,4.644138859561720863e+06
7.177302944507969860e-07,1.633805653648065636e+06
7.810186806221459291e-07,1.582879404733835487e+06
4.744973391215393308e-07,2.793576713463844266e+06
2.500421415457930566e-07,5.248971427514647134e+06
1.082358071455886317e-06,1.370616069061054615e+06
1.268973289581690592e-06,1.234866374263925012e+06
3.314802295827193712e-07,1.741250600442653056e+06
2.302442152561836253e-07,2.901764688064473215e+06
3.096805898753508702e-07,2.700443203216425609e+06
3.705807832210424675e-07,2.262008176530522294e+06
3.579724212949619286e-07,2.615571326961912680e+06
3.313531697366359339e-07,2.982264926746604498e+06
2.596138205468972714e-07,3.920232123147144914e+06
2.671580560376437924e-07,3.952550290591785219e+06
3.274852198801564330e-07,3.629288126665871590e+06
5.096321517503312312e-07,2.326440658523994498e+06
8.224355727822525318e-07,1.909434084079225548e+06
2.022479045709503879e-07,8.775769143328817561e+06
3.999828012325317282e-07,1.835679925499394769e+06
3.096805898753508702e-07,2.700443203216425609e+06
5.454737770936008097e-07,2.251007952498923056e+06
3.705807832210424675e-07,2.262008176530522294e+06
4.629821266330034611e-07,2.001810359792070463e+06
8.175675361858992640e-07,1.207513071598288603e+06
6.793525372280851111e-07,1.474635293235144578e+06
8.833895801781039068e-07,1.150438702888192143e+06
7.759972778488600329e-07,1.359486018785291817e+06
6.739564208598289861e-07,1.847266916955146939e+06
6.832393826734010436e-07,1.908525876621712232e+06
1.223685395884357552e-06,1.280592488531315466e+06
1.241827930588165496e-07,2.365678005289421603e+07
3.964142056245899137e-07,1.375141975425414043e+06
2.742478689262120050e-08,2.310350608669633418e+07
8.833895801781039068e-07,1.150438702888192143e+06
8.896668558862556269e-07,1.197935284788819263e+06
7.759972778488600329e-07,1.359486018785291817e+06
6.503080821400976962e-07,1.666393197985671926e+06
6.739564208598289861e-07,1.847266916955146939e+06
7.226937367199056049e-07,1.712241956972514512e+06
1.208671774526906228e-06,1.374751363653308013e+06
7.704711697849862703e-08,1.320510688207251951e+07
8.524672844144431136e-08,6.951740731613259763e+06
1.588686676838800561e-07,4.074386326701063197e+06
2.951667481694377951e-07,3.296107732788102236e+06
3.681940213142352918e-07,2.860426920046803541e+06
2.529579499246298288e-07,4.280736455304198898e+06
3.024742088661829851e-07,4.130064097488827072e+06
3.440364761922266403e-07,3.828362491879509296e+06
3.387110980127048650e-07,4.096259253575577401e+06
5.119144802559844025e-07,2.724843048616683111e+06
6.438013784321448842e-07,2.576645861692218576e+06
2.380846715066474652e-07,2.405106566986417864e+06
1.331430121215135007e-07,5.333277613745756447e+06
2.951667481694377951e-07,3.296107732788102236e+06
9.905688282669868420e-08,9.291920016866376624e+06
4.417541619381706232e-07,2.337697106248252559e+06
2.956036993773071185e-07,3.620194202961054631e+06
4.441537052717864657e-07,2.418896693319361191e+06
3.681940213142352918e-07,2.860426920046803541e+06
4.552356673091254655e-07,2.381973196953241248e+06
5.195237451095881850e-07,2.511784770671774633e+06
4.319413354313942115e-07,3.216538816228935029e+06
3.702937422200455914e-07,4.150819517880348954e+06
8.928814282775624570e-07,1.753823248471735977e+06
4.065319393283275139e-07,1.276386636246682145e+06
1.426132088958860437e-07,5.837620617413156480e+07
4.097138445337943418e-07,1.528069381199914729e+06
5.494149863296742514e-07,1.630122640041983314e+07
6.203974583838018652e-07,1.587974556878553703e+06
5.579270215829309997e-07,1.805651438440323342e+06
6.265409099700187556e-07,1.702182077504360583e+06
5.187034148631491278e-07,2.057430129185774131e+06
5.402729265185405268e-07,1.968337458773365943e+06
6.951486754354955168e-07,1.960363439923006343e+06
1.121966722497366313e-06,1.479889389737118268e+06
5.502697028988402825e-07,1.078599460338739678e+06
4.097138445337943418e-07,1.528069381199914729e+06
6.111508244162407662e-07,1.285978910853182198e+06
9.195131469492003507e-07,1.109101675624723081e+06
8.609775054632954964e-07,1.226511252414425369e+06
7.051312971960084614e-07,1.528340121116014197e+06
9.260738610342646632e-07,1.145843998444479657e+06
8.706131945893869959e-07,1.204350843676084653e+06
9.185406874312875465e-07,1.218330566350656794e+06
7.658162414662774305e-07,1.460796256908601150e+06
9.600548700494081809e-07,1.213352410862053744e+06
5.406028562884882456e-07,2.691732339686625171e+06
5.761285438762836089e-07,8.917350983064394677e+05
6.725070350016901708e-07,1.487102468293657294e+06
7.726264888781618012e-07,1.312008694662200287e+06
9.195131469492003507e-07,1.109101675624723081e+06
5.908486493834902456e-07,1.690472035546593834e+06
7.789259531914511359e-07,1.317085812167141121e+06
8.010577001167885015e-07,1.274049835388888605e+06
8.706131945893869959e-07,1.204350843676084653e+06
7.051312971960084614e-07,1.528340121116014197e+06
9.260738610342646632e-07,1.145843998444479657e+06
9.185406874312875465e-07,1.218330566350656794e+06
9.600548700494081809e-07,1.213352410862053744e+06
5.761285438762836089e-07,8.917350983064394677e+05
5.798190122526251175e-07,9.941170072941865074e+05
9.234052376106467662e-07,8.199122496070838533e+05
7.330364621145711938e-07,1.535847262958190963e+07
6.725070350016901708e-07,1.487102468293657294e+06
8.062412749417138808e-07,1.252066421854873654e+06
7.726264888781618012e-07,1.312008694662200287e+06
7.159115817238382261e-07,1.437339302728789626e+06
9.175521547843321662e-07,1.281662571475511882e+06
1.555411786933845933e-06,7.329760614284427138e+05
1.441225950967427002e-06,9.728283245570306899e+05
4.242175654771803826e-07,1.083409014856624184e+06
5.692573209473499934e-07,1.381528706460918300e+07
1.181297049532602868e-07,6.034084618572243489e+06
8.810971992728283848e-07,9.614373358182776719e+05
6.692709214819612864e-07,1.375400175522708567e+06
8.523789129286068099e-07,1.084032406315966975e+06
1.008566159871086487e-06,9.729667553132600151e+05
1.064605628555933159e-06,9.168862439005716005e+05
8.955849837734662300e-07,1.386296534481432755e+06
7.513975095550402376e-07,1.760253392936142860e+06
1.532605023077490659e-06,1.022037971507879673e+06
1.494352615252740702e-07,4.651219940435907990e+07
3.125112842556873601e-07,1.771118236509233480e+06
2.792180297457820485e-07,2.256021937208933756e+06
3.447907094155970697e-07,2.757167802477086429e+06
3.308796466902253858e-07,2.999490071307796054e+06
4.646084613924778033e-07,2.262297527051591780e+06
2.558809634894567560e-07,4.297695005023968965e+07
7.353118018643488481e-07,1.581319110047588591e+06
5.077045317758872074e-07,2.357480493545619771e+06
5.884266133104283947e-07,2.654930500752787571e+06
1.038806184345364023e-06,1.512608132565397536e+06
3.125112842556873601e-07,1.771118236509233480e+06
2.792180297457820485e-07,2.256021937208933756e+06
3.188162421582213261e-07,2.042084360509772785e+06
2.695977789722965918e-07,3.978335633505139500e+07
4.209775545437021600e-07,2.191371263732103631e+06
1.673401841635132724e-07,5.065890372350141406e+06
4.533626439255536260e-07,2.353265941255464684e+06
3.872543481295477863e-07,2.904035147094339132e+06
4.657380061705751307e-07,2.389262266938010231e+06
4.860012386996210789e-07,2.302943679555703420e+06
6.815590640732827652e-07,2.308871529694760218e+06
5.525676453814562696e-07,1.356161726630283985e+06
4.234095516459080081e-07,2.117733979157995433e+06
5.777477122419332103e-07,1.473775186040002154e+06
3.788245319828680461e-07,2.257937737284918781e+06
4.629987962400457261e-07,1.888515273577020736e+06
2.312469450418829917e-07,3.944367370398447383e+06
2.829354156399786636e-07,3.326712601196276024e+06
2.580750523423957476e-07,3.705004554831401911e+06
3.931015007641323847e-07,3.030520706199074630e+06
4.415141458480720866e-07,2.605373257150856312e+06
4.017494584014819175e-07,3.195841346023096237e+06
1.689397351797239215e-07,9.195343736871240661e+06
2.194675913951066599e-07,5.135608899496501684e+07
3.337899934647394505e-07,2.543338910300760996e+06
2.990040587387121708e-07,2.912531551577928010e+06
3.377314542287241754e-07,2.606017954856451601e+06
6.490370111758635783e-07,1.874075004242237657e+06
3.126435415299214468e-07,3.116090236612813547e+06
3.408607212694976847e-07,2.943266637234203052e+06
5.042966248148330081e-07,1.864442662641664734e+06
7.115499828778640232e-07,1.384976298344484530e+06
4.260958527503733310e-07,2.381447794343526941e+06
6.433883003294008100e-07,1.867175686191028683e+06
3.978242206006374222e-07,1.394048558522750158e+06
4.731806623011784713e-07,1.887632290934954071e+06
5.144209750716242190e-07,1.671313846590319648e+06
7.602002968570648411e-07,1.331032687275561504e+06
6.865361023202174178e-07,1.500162305647402070e+06
2.857090537901715077e-07,3.684718516451131552e+06
6.175336488799929014e-07,1.644967209044144955e+06
8.317080989681299226e-07,1.418194818899124162e+06
7.882469252475246232e-07,1.576672067553074565e+06
8.208676903705935930e-07,1.584386330092332326e+06
6.829213966411854767e-07,1.926779788045312278e+06
1.357051314999964422e-06,1.156070518167129718e+06
1.406782509935559958e-06,1.114259869746508542e+06
1.671108948185717197e-07,1.114505918459525146e+07
2.177834696626284146e-07,2.096137709788527107e+06
2.288943392091531045e-07,3.878659384446982294e+06
5.117530550421690896e-07,1.837757976063271984e+06
6.175336488799929014e-07,1.644967209044144955e+06
8.079686874187530281e-07,1.401322741336177103e+06
7.430745406225419000e-07,1.761105840603688965e+06
1.091404199551128900e-06,1.232017233831719961e+06
7.242245220150961403e-07,2.003695182546850294e+06
1.353200979693722603e-06,1.227954231188566191e+06
1.372932846353776175e-06,1.211133977665825281e+06
6.280727328354451619e-08,8.184539208373124897e+07
6.528461826156609941e-08,8.622115545601924881e+06
1.261038751475482147e-07,8.763698597682933509e+07
1.391483955305565564e-07,7.911420393405111134e+07
1.665569727839255299e-07,6.524690112970158458e+06
1.737061841498461233e-07,6.282756514207703061e+06
8.958430043579655184e-08,1.262642156649156660e+07
2.766350739560863633e-07,4.254576636909813620e+06
6.640230553015304718e-08,2.081270650127457827e+07
2.805774014736046921e-07,4.995951360764812678e+06
2.925903687982923021e-07,5.052444349161167629e+06
6.280727328354451619e-08,8.184539208373124897e+07
1.087082235848622853e-07,4.735922249134941027e+06
6.528461826156609941e-08,8.622115545601924881e+06
9.965872410320922814e-08,8.331788554753130302e+06
1.949881089975685096e-07,4.434012444999380037e+06
1.665569727839255299e-07,6.524690112970158458e+06
1.455434352142349460e-07,8.134517542248141952e+06
2.443807261717366266e-07,6.087926083405240439e+06
5.062870689433012272e-07,3.326731054514977150e+06
6.814039874664642310e-07,2.753185936782632954e+06
5.725256815419531815e-07,3.297304040767215192e+06
1.207761516096238934e-07,7.401993513293232024e+07
1.871835909074894859e-07,3.111501316318031866e+06
4.447257726792737325e-07,2.082387034395970404e+06
6.854186392770702926e-07,1.382825703196382383e+06
6.953252740045445722e-07,1.410930229427896440e+06
5.641341842655822507e-07,1.855829211734073004e+06
4.542732400334636292e-07,2.399388050698483828e+06
4.871550938634173340e-07,2.309077891101507470e+06
3.920512938898858250e-07,3.200057272411862388e+06
8.522964305543332434e-07,1.648065934964751126e+06
8.321408816445695256e-07,1.685867883619005792e+06
4.520159827208192975e-07,1.997397104834922357e+06
3.325083204179830172e-07,2.384318679280764889e+06
6.276194345194569469e-07,1.524989251461783424e+06
5.634805668274223369e-07,1.574427284654972376e+06
6.712572258425275615e-07,1.335025343278872082e+06
6.854186392770702926e-07,1.382825703196382383e+06
4.961120407919218622e-07,1.879174815331819002e+06
6.339584170938467196e-07,1.496615554613997228e+06
5.078624606498641377e-07,2.117083390645387117e+06
4.323249157277611107e-07,2.639735925922315568e+06
8.301018239053825560e-07,1.690286330092396121e+06
3.976696143718180984e-07,2.304436513844550122e+06
2.305196929078173252e-07,2.535103692387227900e+06
3.087731362257559577e-07,2.606371070459496696e+06
5.078112283466160464e-07,1.760352623129793908e+06
6.339584170938467196e-07,1.496615554613997228e+06
5.304434439255640977e-07,1.924425755891784327e+06
6.978931471523924951e-07,1.424351741494305199e+06
1.180216552953353425e-06,8.834069240065237973e+05
5.784566164501958008e-07,1.928975867767778458e+06
1.392704666620594791e-06,9.702906493952150922e+05
2.024165567656273676e-06,8.211775562940965174e+05
2.320601139570511329e-07,2.308468761908550747e+06
6.887991024310820647e-07,7.715664877009897027e+05
9.287781026195968516e-07,8.381513812897538301e+05
1.040815226764776405e-07,7.952084185310272500e+06
1.253229675528549080e-06,7.705053858415277209e+05
1.452157729226696426e-06,7.491883547419162933e+05
1.127233892979547122e-06,9.668483735005659983e+05
1.446974990793582827e-06,8.179844907270130934e+05
1.147493115574638517e-06,1.080698461742864922e+06
2.068144754072736495e-06,7.156237869230029173e+05
2.479180722905909010e-06,6.705881224735837895e+05
2.200206136663170661e-08,9.718237253701783717e+07
9.575154006975878307e-08,1.423570863508130983e+07
6.742647055413032059e-07,1.225534307390087284e+06
8.944591120989989727e-07,9.258567621795204468e+05
9.796847348074813943e-07,9.229637901021698490e+05
7.140256567700502125e-07,1.358943938309926307e+06
8.688220971556180086e-07,1.033418976935642771e+06
1.388867582915327611e-06,7.070207396094998112e+05
5.476501432814397724e-07,2.199672692491509020e+06
1.229266756787087929e-06,1.022919887273854692e+06
1.012311282779142497e-06,1.273543963347457815e+06
1.607864891567862859e-06,9.209210876432418590e+05
2.493066810239098758e-06,6.287713579713205108e+05
6.742647055413032059e-07,1.225534307390087284e+06
8.944591120989989727e-07,9.258567621795204468e+05
7.653651935285325284e-07,1.169340620149447350e+06
8.688220971556180086e-07,1.033418976935642771e+06
9.796847348074813943e-07,9.229637901021698490e+05
9.305771288381950814e-07,1.040309917858114350e+06
1.028999128219620002e-06,9.972411468987341505e+05
1.129432792408581681e-06,9.331919758621477522e+05
1.345964748333911328e-06,8.722052930992125766e+05
1.069226817124367565e-06,1.231323032950003399e+06
1.123619659516367993e-06,1.167603278642266290e+06
2.085670660423063390e-06,7.506554807806177996e+05
5.163818897610689422e-08,3.376904647626306862e+07
1.035567295349612567e-06,7.024982942814364797e+05
8.143626143207261673e-07,1.125761684708987130e+06
1.050524948115643306e-06,8.417256278721675044e+05
1.237140103918404872e-06,7.519227569179469720e+05
1.444067964613508200e-06,6.570440529413643526e+05
1.432910273586257942e-06,6.885422797558873426e+05
1.554684453820321289e-06,6.273606030737356050e+05
1.091043484229911628e-06,9.065652993841841817e+05
1.436633093820890775e-06,7.121585753363163676e+05
1.162341628709251068e-06,8.653764126433192287e+05
9.902513137530486743e-07,1.084946121977763250e+06
7.252557845884190481e-07,2.411800421272467822e+06
1.601784629065861361e-06,5.044097618138766265e+05
1.068346857022234444e-06,7.939912039743229980e+05
2.015764118209441921e-06,4.510445257653511944e+05
1.909042254562613284e-06,4.961014026403395110e+05
1.237140103918404872e-06,7.519227569179469720e+05
7.866052075561211274e-07,1.210826826563844457e+06
1.091043484229911628e-06,9.065652993841841817e+05
1.493281095429791178e-06,6.632262001851086970e+05
1.499400147386317748e-06,7.197228782780612819e+05
1.634619922279328004e-06,6.484022040731040761e+05
1.423485518268147328e-06,7.966829350338223157e+05
2.597794974562864948e-06,5.399564081069694366e+05
4.399932934489623943e-07,9.523149134542245418e+06
1.002046633833094774e-06,6.816249167358833365e+05
1.838377615064476206e-06,4.574890231099248049e+05
1.827816118835974633e-06,4.634228709586171899e+05
1.192506017652964074e-06,9.133641298797175987e+05
1.128286404601347102e-06,1.052924862088789465e+06
1.595731670455233760e-06,7.439084926662718644e+05
1.449079177902188327e-06,8.632695739497365430e+05
1.455091852762018298e-06,8.439334598602765473e+05
2.106256770068088477e-06,6.320198163313410478e+05
2.152320215125379807e-06,6.515429467173460871e+05
2.833240811166937655e-06,5.221011085928834509e+05
1.461112155959068587e-07,2.729321345394670032e+06
6.815095916101716098e-08,7.217279539635795169e+06
3.471315335598830750e-07,3.363733084318221360e+07
3.743528975853449644e-07,1.647093118258606642e+06
8.860728090550395836e-07,1.091033107841968071e+06
9.635862727442975295e-07,1.239000842961193761e+06
1.128286404601347102e-06,1.052924862088789465e+06
8.123744658224470335e-07,1.815626027407275047e+06
2.071214894822856715e-06,8.033767984881367302e+05
1.830765053374183451e-06,9.699286149647650309e+05
6.341822465426881326e-08,5.851907688806627877e+06
1.461112155959068587e-07,2.729321345394670032e+06
1.792066458628847790e-07,5.177897144490550272e+06
2.390488839258125546e-07,4.230140384366142564e+06
3.063161997674985474e-07,3.392217049198559951e+06
4.655835311821541852e-07,2.515339075816280209e+06
4.691710014561659309e-07,2.669267481144441292e+06
3.534868613630002240e-07,3.737430153971695807e+06
4.878256171075276336e-07,2.729840944539271761e+06
9.290116750518263659e-07,1.687873598290235037e+06
7.111803603097390660e-07,2.335718573608697858e+06
2.488052047669784165e-07,1.791102739846578334e+06
2.249072768860762019e-07,2.023841386402521655e+07
4.292863373323898121e-07,1.769604949461641721e+06
5.912131463128708775e-07,1.621535799044116633e+06
5.368571193756032965e-07,1.816896271326623159e+06
4.819376351094507752e-07,2.060284973597329576e+06
6.310823990157114859e-07,1.615313624608160928e+06
5.957629001713454152e-07,2.067922084305786062e+06
4.396993012266634810e-07,2.998055727555870079e+06
3.916577708479043308e-08,3.813076411399913579e+07
9.190524044194277922e-07,1.707559951458433876e+06
2.107662327776878329e-07,2.503695642427586019e+06
1.605130356822424200e-07,3.501543558456650469e+06
3.325436185658233362e-07,2.577170851945700124e+06
4.022710956622589731e-07,2.209056202004204504e+06
5.130947449359832660e-07,2.144306640396434348e+06
6.890764313410205971e-07,2.486171127890326083e+06
5.456070363544963196e-08,1.938936242755268142e+07
4.450851129404386328e-07,2.821370837596912403e+06
5.656489629448841846e-07,2.295635458010249306e+06
4.988201903091929300e-07,2.623607003107731231e+06
1.287736566443362931e-06,1.148952514329111204e+06
8.872423898451932775e-07,1.765039247837010073e+06
1.950509966851893060e-07,1.824718157779923175e+06
7.096689857514729123e-07,1.218547216071694857e+06
1.020537819954521939e-06,9.848483797002772335e+05
1.325128624222171759e-06,7.729891261658732546e+05
1.379332524922778552e-06,7.911765688558527036e+05
1.176044497541181416e-06,9.744745742303696461e+05
1.322393489730809256e-06,8.942494838216050994e+05
1.444501391655160888e-06,8.185893856256059371e+05
1.826982485266870575e-06,6.950317788543161005e+05
5.607099921787569666e-08,2.144902226201329008e+07
2.319377719312365784e-06,6.380612734640231356e+05
2.544410282853727017e-06,5.816149542309920071e+05
7.013265618239242602e-07,9.305530668044183403e+05
6.970853448728952473e-07,9.371123599748793058e+05
1.180380271102945277e-06,6.714972732649041573e+05
1.447610208151480504e-06,6.222254086848502047e+05
6.684886933958419975e-07,1.368064757254186086e+06
1.618368275885525560e-06,5.822245091870502802e+05
8.160734986997255644e-07,1.242671672902256949e+06
1.853187885739117446e-06,5.494215632170981262e+05
1.514417110196034000e-06,7.443848643168171402e+05
1.310288287829100355e-06,8.719594397621909156e+05
2.538919700563131905e-06,5.830316821940488881e+05
2.477093488535379517e-07,2.273393811595055275e+06
3.939832676093538915e-07,2.471892499076045584e+06
6.276020180845403961e-07,1.466524363803564804e+06
5.565491159082323050e-07,1.636460979205794865e+06
3.409539049462648351e-07,2.974859704962135293e+06
3.346831043781495610e-07,3.340456671718787029e+07
5.599721546637797341e-07,1.768903183272616239e+06
5.376715610963049141e-07,1.962233407690248918e+06
9.137983223424690703e-07,1.319774933044387726e+06
8.260865013095052770e-07,1.470308831485908711e+06
6.385876398539532738e-07,2.011599854122390505e+06
9.408546911268572995e-07,1.351129583044495666e+06
6.059535144301355446e-08,1.547594149369388521e+08
1.194730332159289355e-07,4.657784221332517453e+06
3.849062432525755903e-07,2.507281495683375280e+06
4.499366232179607909e-07,2.171128939692883287e+06
2.770381222083866898e-07,3.527579629136819392e+06
3.015600494802481737e-07,3.673225717122281902e+06
5.188949815159276880e-07,2.136004826340360567e+06
5.359370441804041914e-07,2.038163075271114707e+06
1.832849616955139009e-07,7.174792213511604816e+06
5.243498255914280572e-07,2.521939122450728901e+06
1.345756038876146028e-07,1.606452417669421621e+07
6.132577244489526375e-08,1.593497693962909281e+08
1.236465656425232270e-07,4.851741136807253584e+06
3.844457914798169634e-07,2.222818787922808900e+06
4.616345955105723270e-07,2.472778358088855818e+07
1.104604498392862129e-06,1.053086963667689590e+06
1.328787081277522432e-06,9.807850431044776924e+05
1.378173199299039763e-06,9.502987118425131775e+05
1.488668502509855516e-06,8.735935482953235041e+05
1.391581711922906331e-06,1.073612806988769677e+06
1.713628957751670909e-06,8.303845608187384205e+05
2.562585732935592944e-06,6.112298840399713954e+05
2.360138492605785198e-06,7.040238454548094887e+05
3.530204563813876823e-07,3.563630545907373540e+06
4.006809673812878304e-07,1.434151615144424373e+06
8.466307290797706536e-07,1.142670834972540615e+06
8.296380216472245759e-07,1.127385273064660374e+06
1.226838959388661943e-06,8.191502138325608103e+05
1.113334097047328935e-06,9.000394809586629272e+05
1.479835541342657511e-06,7.942522047902874183e+05
1.136516616493478823e-06,1.109209164099239046e+06
1.378173199299039763e-06,9.502987118425131775e+05
1.488668502509855516e-06,8.735935482953235041e+05
2.562585732935592944e-06,6.112298840399713954e+05
2.363997433659274170e-06,6.634804284952108283e+05
4.006809673812878304e-07,1.434151615144424373e+06
3.498597148949989992e-07,1.736434446509346832e+06
5.342194460841299897e-07,1.787697943987545557e+06
3.855752939612554071e-07,2.180161592336297501e+06
6.242841643610277226e-07,1.546358066309542628e+06
6.531334825514552458e-07,2.625050511771454010e+06
7.329607072683119703e-07,1.524556456972598564e+06
6.847391822372557547e-07,1.641565350213547004e+06
6.039768893985883769e-07,2.019746327959484886e+06
6.665468944145571469e-07,1.763438148598726140e+06
9.393247021931264564e-07,1.366683683092803229e+06
1.360763553666113474e-06,1.153841929282112513e+06
3.223520568643544185e-07,7.047694712310326286e+06
7.273442381135442051e-07,7.375817430959292687e+05
8.042780342013764863e-07,7.379490239761943230e+05
6.980732061742885031e-07,9.322765204493545461e+05
3.855752939612554071e-07,2.180161592336297501e+06
1.155908417354002975e-06,8.346228971611985471e+05
1.206398469671955957e-06,8.870855466313055949e+05
1.409887070043204550e-06,8.071564954357371898e+05
1.117882640729381391e-06,1.072508645500423387e+06
1.323463446391371865e-06,9.338651766660626745e+05
1.358355331706771543e-06,9.177025773347272770e+05
2.551446251377622110e-06,5.798960868304061005e+05
2.195616087094584579e-06,7.138903159143811790e+05
5.103716445952422043e-07,1.340564892128652195e+06
7.086750814802792358e-07,9.873717713347637327e+05
1.203511173977307013e-06,6.010720561754197115e+05
8.980837033892639351e-07,9.516212130176052451e+05
1.815316280281113491e-06,4.990119505203701556e+05
1.208769546160702940e-06,7.325338826975404518e+05
1.724512809273165108e-06,5.308787753402006347e+05
1.612978381295583037e-06,6.049940295127737336e+05
2.417532893029324038e-08,4.157819349385707825e+07
1.749248446108908000e-06,6.345030977790417382e+05
4.324225691526090313e-07,2.612924590214057360e+06
2.502692609665223956e-07,2.854662762301451061e+06
3.552910943381336452e-07,2.146431922819980420e+06
4.034238478560047474e-07,2.229165910232290160e+06
4.925348422978126736e-07,2.164257294657301623e+06
6.734691884780497524e-07,1.661136507239209721e+06
2.400315338511324957e-07,5.138318458109406754e+06
7.664247493589860875e-07,1.451416318370441906e+06
8.154160254269734918e-07,1.464030315915514715e+06
1.077658506373370545e-06,1.305814892393966904e+06
1.045654417548430042e-06,1.418480037948776735e+06
1.533103711462812448e-06,1.022475857010744978e+06
1.061805684724292358e-07,2.523882566480723023e+07
2.644674332211898866e-07,2.821033398008780088e+06
2.504705277517818670e-07,4.823397505905283615e+06
1.874134555695046087e-07,4.812685487498592585e+06
3.121503322440619948e-07,3.229816928397751413e+06
8.487150109739381199e-07,1.402942174998654984e+06
3.825577878824504902e-07,3.345716100280764978e+06
5.777241793105104528e-07,2.255480726532095578e+06
4.010691739278008162e-07,3.176852090022618882e+06
9.173117271913089203e-07,1.821861077155652689e+06
1.014836639583563598e-06,1.742430090409185505e+06
1.047063190031195335e-07,2.365589316818234697e+07
2.571151093670365895e-07,3.012792567029800732e+06
5.032655254700912144e-07,1.668381439225401962e+06
6.189742014010529834e-07,1.402454298743547639e+06
2.930779303824145008e-07,3.080859140899583697e+06
5.807909665683198909e-07,1.918111560173905920e+06
5.291712143686423205e-07,2.175305381511889398e+06
5.774673415060499725e-07,2.113132182948012371e+06
6.120783899309623632e-07,2.134106565098545048e+06
1.065355684521557751e-06,1.471094767434670590e+06
9.201982572680011432e-08,2.504590021253199130e+07
1.087744460162105877e-08,1.492902925741261542e+08
5.364939033246538636e-08,1.395652822263590246e+07
2.112260784755393910e-07,2.467735092270262539e+06
3.409602254354725813e-07,3.033559379377299920e+06
5.187683856060378832e-07,2.058562326960837469e+06
3.686136107740926994e-07,2.886757939935352653e+06
4.736004789474840594e-07,2.334979381915956270e+06
4.551287732832759507e-07,2.450212609656588640e+06
3.504562854532760761e-07,3.729168425223341212e+06
2.846678446336866113e-07,5.140895200923291966e+06
6.115365442715719901e-07,2.559964449291199911e+06
4.283202565340080459e-07,1.497437667221489595e+06
5.439237239061876852e-07,1.915319967664839001e+06
4.204169631727046677e-07,2.455707032183031552e+06
4.268788481314485268e-07,2.504011961304643191e+06
4.551287732832759507e-07,2.450212609656588640e+06
5.515387524892327837e-07,2.024546043061536737e+06
6.445228441201678200e-07,1.717007058550591581e+06
4.736004789474840594e-07,2.334979381915956270e+06
5.642972424114533396e-07,1.943220241005833028e+06
6.276004250691889216e-07,1.770865977603072301e+06
5.896693936567635993e-07,1.894787423795792041e+06
4.767002145849001878e-07,2.462021500092122238e+06
5.977468645289652681e-07,1.937397286849228665e+06
3.058174716206201994e-07,1.937435322762285592e+06
3.742848903751945054e-07,1.565356938375620171e+06
3.613171958408551105e-07,2.080477449296471197e+06
6.276004250691889216e-07,1.770865977603072301e+06
4.832031615276136638e-07,2.307498132385736331e+06
5.052952277832441687e-07,2.185827779615304898e+06
5.998334545364274223e-07,1.863089577501223423e+06
5.515387524892327837e-07,2.024546043061536737e+06
5.896693936567635993e-07,1.894787423795792041e+06
6.445228441201678200e-07,1.717007058550591581e+06
5.977468645289652681e-07,1.937397286849228665e+06
5.233751235878059345e-07,2.327700505123990588e+06
3.342876216453718828e-07,1.680390589480343275e+06
5.514780195013289695e-07,1.008952143752291799e+06
5.523369727399406219e-07,1.034314376670757425e+06
3.742848903751945054e-07,1.565356938375620171e+06
3.058174716206201994e-07,1.937435322762285592e+06
1.343300605703718244e-06,8.827259104160837596e+05
1.026218712937922044e-06,1.010146045447624056e+06
1.166974148159644997e-06,9.026707828985088272e+05
1.289921398629081882e-06,1.016492321628716658e+06
2.404108940056408813e-06,6.913716552245027851e+05
5.514780195013289695e-07,1.008952143752291799e+06
3.599454301715525304e-07,2.250064334307560697e+06
5.928887071796641372e-07,1.293649764404639136e+06
9.897348622953763405e-07,8.562361548675997183e+05
1.552214335451924850e-06,5.926687339380097110e+05
1.700978272532275140e-06,5.791317899167386349e+05
1.716885961029260783e-06,5.672935055833507795e+05
1.766674347725333976e-06,5.525441971871515270e+05
1.202055368519924901e-06,8.357212581887595588e+05
9.837479783278423835e-07,1.103096241442324594e+06
1.520811460215260956e-07,1.381841023510838486e+07
3.875669087265031526e-07,6.084811040186109953e+06
8.516221579098146467e-07,6.778216168456084561e+05
1.029417174481640174e-06,7.049289870333935833e+05
1.499203190147771153e-06,6.393747036149087362e+05
1.537784448201507270e-06,6.731289061031228630e+05
1.961971910245527301e-06,5.361807397672996158e+05
2.063200980125540613e-06,5.189605995643665083e+05
1.773213234232643488e-06,5.946876985389734618e+05
1.900996825225768069e-06,6.239508547697854228e+05
1.783873781010867912e-06,7.005133927250318229e+05
3.346279404122895037e-06,4.682696168818742153e+05
9.657995459485308636e-07,6.655360061693325406e+05
7.472437979030026301e-07,1.179769995425253874e+06
9.228763761540121351e-07,9.282895357522532577e+05
2.337988558428631385e-06,4.038978503105066484e+05
2.326967158420814437e-06,4.064400004309544456e+05
1.205320764890497875e-06,8.146540490990385879e+05
1.645710742144938960e-06,6.386678850471457699e+05
1.537784448201507270e-06,6.731289061031228630e+05
1.773213234232643488e-06,5.946876985389734618e+05
1.895537629963397824e-06,6.213349359786623390e+05
1.783007911183367514e-06,6.782031500967843458e+05
3.065383937045629643e-06,5.117105210607375484e+05
6.674972401855166352e-07,1.697599491725307330e+07
8.104113442684889769e-07,1.018681293433643179e+06
7.723126534380667530e-07,1.117054749051743886e+06
8.717844440189812297e-07,1.010937731215449981e+06
8.819251649652228328e-07,1.040584880894935923e+06
9.984895607273157273e-07,9.435640682850071462e+05
1.162613897029347158e-06,8.822750149366222322e+05
1.369741809512888964e-06,7.702629434972660383e+05
1.406088355296958715e-06,8.554727888665400678e+05
1.353206741616237449e-06,8.912540351096324157e+05
1.815428232264217042e-06,6.984007150231933920e+05
3.008285728009009851e-06,4.933367183796877507e+05
1.896616785087481758e-07,2.806920308481329586e+06
9.399461268303761753e-07,8.644536454876208445e+05
4.333648630092893267e-07,2.187896032569351606e+06
8.168158512610027890e-07,1.166848304280720884e+06
4.685262438448170602e-07,2.199133077799945138e+06
7.976099049169522637e-07,1.353815951655561570e+06
5.636743885274612336e-07,1.866489340259574819e+06
7.148027139888197142e-07,1.595614110199235613e+06
6.175943546529562899e-07,1.784283852116195951e+06
6.939363079590184613e-07,1.724226088523204904e+06
1.363882987062292064e-06,1.029436955202388810e+06
1.333422475647755651e-06,1.108966708992202068e+06
1.896616785087481758e-07,2.806920308481329586e+06
4.333648630092893267e-07,2.187896032569351606e+06
4.420565627431017913e-07,2.219511746560882777e+06
5.016452525256435841e-07,1.882611032096516108e+06
4.793607676104021193e-07,1.979912381875789724e+06
5.153576572005245696e-07,1.922467987313955557e+06
5.684186520612882708e-07,1.774343102196956053e+06
5.590359325628286926e-07,1.969277466798192589e+06
5.137992711248820487e-07,2.264968095163394231e+06
4.749360073593113340e-07,2.428263415284927469e+06
4.391682225274650353e-07,2.653154006738691125e+06
2.786409933301831452e-07,7.154127190768542700e+06
4.906106099894376709e-07,1.141230841478094691e+06
3.613143538400949123e-07,3.268846994323644321e+06
3.580399903705815321e-07,2.039327362732078182e+06
7.219694564618345345e-07,1.361616871974943206e+06
5.832999111784066157e-07,1.652092997158175334e+06
7.433518627135516990e-07,1.317233993370869895e+06
5.590359325628286926e-07,1.969277466798192589e+06
4.762368903266170454e-07,2.422381298772213981e+06
3.873259032917147348e-07,3.125562441870358307e+06
6.282947125558860873e-07,1.868875690328544006e+06
5.137992711248820487e-07,2.264968095163394231e+06
1.005789880572732441e-06,1.471551335409623338e+06
3.536746042315199804e-07,1.936305518011696404e+06
5.855864359254580104e-07,1.429538104272144381e+06
6.523485128326912935e-07,1.323972317985315109e+06
7.480170868326682361e-07,1.251582528131827712e+06
6.656756830982999994e-07,7.570744486345359124e+06
6.688170871320697980e-07,1.608966489799444797e+06
1.060791529900531283e-06,1.064392840679235756e+06
5.552344032050464140e-07,2.086107907101746416e+06
7.556427917606240673e-07,1.589274313245978672e+06
9.883166969549239052e-07,1.279106343326500850e+06
8.848504500347196987e-07,1.470023433756991290e+06
1.547409970083883957e-06,9.056970681742498418e+05
1.735753902817073850e-06,8.075457343396673677e+05
3.726641457797872176e-07,1.298885579443219816e+06
6.778621355512809898e-07,1.065637413662761217e+06
4.074923124331482181e-07,2.083582413745260565e+06
8.226158384126862379e-07,1.082578651671091327e+06
5.088988807594679231e-07,1.678815699204892619e+06
9.930637296475536184e-07,9.270342551447235746e+05
1.162082143095103144e-06,8.021873436019502115e+05
9.462761099413985528e-07,1.025435469414615072e+06
9.549872180295362211e-07,1.305384261946931016e+06
9.924825553185675639e-07,1.252045261304888874e+06
1.752908022348596478e-06,8.937515524656918133e+05
2.320303072907406933e-07,1.828864381795204710e+06
4.074923124331482181e-07,2.083582413745260565e+06
5.088988807594679231e-07,1.678815699204892619e+06
7.629979836628179243e-07,1.265893994205942145e+06
3.332542260198193270e-07,2.954479386379398406e+06
2.863080086154293649e-07,3.391196331641327124e+06
3.558804133884660356e-07,2.849077687361769844e+06
2.757957907772493928e-07,3.658169824483030941e+06
3.431122484238243256e-07,2.959742365139938891e+06
3.150136160801498054e-07,3.564315811153591145e+06
1.250206996452419016e-06,1.062420834798863856e+06
1.911770233381185284e-07,2.068116413758523297e+06
2.953632438039472174e-07,2.831034161811229307e+06
4.622287643574357212e-07,2.010988488065248588e+06
2.863080086154293649e-07,3.391196331641327124e+06
3.273252904458963754e-07,2.991790882090766914e+06
2.757957907772493928e-07,3.658169824483030941e+06
5.222405151084547986e-07,2.110321148151403293e+06
3.150136160801498054e-07,3.564315811153591145e+06
5.902402941275382052e-07,2.000926661720434902e+06
6.079307761463705498e-07,2.035351242140256334e+06
1.039264787090653705e-06,1.423341168003310217e+06
2.169134565263472706e-07,3.411847454322054051e+06
3.190967017653731900e-07,2.215626016213035211e+06
3.536778543286779784e-07,3.070635594942230359e+07
4.152458458255278709e-07,2.205182217971327715e+06
4.622287643574357212e-07,2.010988488065248588e+06
5.222405151084547986e-07,2.110321148151403293e+06
5.382001732010432509e-07,2.147019991722292267e+06
5.902402941275382052e-07,2.000926661720434902e+06
6.079307761463705498e-07,2.035351242140256334e+06
8.040744667405279514e-07,1.567732481051602401e+06
1.039264787090653705e-06,1.423341168003310217e+06
1.029134677213134377e-06,1.523782944671362406e+06
9.706319026070579726e-08,5.439487917868360877e+06
2.206947398305801112e-07,2.767937481568257324e+06
3.362255686682356779e-07,3.326172058618991077e+07
2.971792381116355082e-07,3.069600839300086722e+06
4.615912089209848336e-07,2.258379149367600214e+06
5.372161282465462759e-07,1.887006857257518452e+06
5.382001732010432509e-07,2.147019991722292267e+06
3.656054055875124388e-07,3.200049907259237021e+06
4.285331864183255410e-07,2.833632159622373991e+06
4.958401365082315097e-07,2.484890590383885428e+06
7.898085542923196978e-07,1.774672271728110965e+06
1.029134677213134377e-06,1.523782944671362406e+06
9.565187733625551559e-08,5.264238331040975638e+06
9.556821008114421445e-08,5.669903368678736500e+06
2.244268604031999882e-07,2.797153620176327415e+06
3.032603282333333330e-07,7.197830834272935055e+06
2.269534551390260225e-07,4.106855576812014449e+06
6.487056549586973017e-07,1.751116005762133282e+06
3.780521970098693658e-07,2.849926298949356657e+06
3.494470450416879674e-07,3.797980629690668080e+06
4.309558901468165475e-07,3.021873350833810400e+06
4.439482377222260426e-07,3.086689368777331896e+06
1.082247604618267014e-06,1.294350462750473293e+06
3.099180695219521262e-07,1.519541758556517307e+06
9.803759859558148099e-08,5.618771413850216195e+06
8.223434588192108143e-07,1.117664663325614529e+06
9.018034907378107446e-07,1.004580357172116521e+06
7.040300738301402369e-07,1.311627961564184865e+06
1.049954636877911623e-06,9.556978345647954848e+05
7.841982241795779305e-07,1.248541825704133138e+06
1.705400488324566596e-06,6.051361276366596576e+05
1.298070741521839811e-06,8.462320481984786456e+05
3.379683887460409745e-08,3.252669452554050460e+07
2.352727288222517495e-06,7.532647637825740967e+05
9.095114421658139381e-07,4.595067689495845698e+05
1.241112714647277405e-06,3.968957629918542807e+05
1.636869313182950132e-06,4.879384482134612626e+05
1.705400488324566596e-06,6.051361276366596576e+05
1.828976267285911069e-06,5.806244523197277449e+05
1.902214361915119231e-06,5.891820142111841124e+05
1.509645203043669721e-06,8.275467600936908275e+05
1.851444372135566132e-06,6.696978888212137390e+05
1.667395383375301660e-06,7.508783197456381749e+05
2.969407605694380517e-06,4.989008308408111916e+05
3.189804806829392856e-06,4.911715613276690128e+05
4.391808132449777873e-07,3.737521544792227913e+06
5.956019100378173804e-07,8.638985826562426519e+05
5.540692756203353271e-07,1.012465205728293513e+06
6.872963268738461792e-07,1.235078272143933689e+06
1.173767636962070830e-06,7.999704199507667217e+05
1.345428507796877620e-06,6.405697534318704158e+06
9.513031898612619651e-07,1.155283813262427598e+07
1.862704579597105246e-06,6.088759691544501111e+05
1.549271333480256266e-06,8.859110163997873897e+05
2.079439494050916694e-06,6.392563875609467505e+05
3.182120821940312056e-06,4.402875524564202642e+05
2.466758988081255582e-06,6.051238537109760800e+05
2.931854490915764715e-06,5.353155449053817429e+05
5.524269664342013540e-07,1.273251916076073423e+06
7.229734188053447705e-07,1.093033153612952214e+06
5.551155301393001747e-07,1.391201227752734208e+06
7.378169694265143236e-07,1.104905329552242765e+06
8.432783158163642601e-07,1.057572057534351479e+06
1.173767636962070830e-06,7.999704199507667217e+05
5.760309944156790461e-07,1.747045773724281462e+06
1.033862227781699866e-06,9.900782253085996490e+05
9.719232016565826201e-07,1.043072034043758875e+06
1.085969562120594597e-06,9.775389380403353134e+05
7.685946697560056763e-07,1.801611115495568141e+06
3.719012520528014700e-07,1.622861028796186903e+06
7.690590965008156768e-07,9.881896100339953555e+05
8.432783158163642601e-07,1.057572057534351479e+06
8.510760243268113025e-07,1.167057634230598807e+06
1.037236857885351629e-06,9.838764121713232016e+05
1.141979739263457017e-06,8.909124454255839810e+05
1.033862227781699866e-06,9.900782253085996490e+05
9.719232016565826201e-07,1.043072034043758875e+06
9.388838404694151312e-07,1.078842589233120903e+06
1.101149224208364362e-06,9.681531246652099071e+05
2.116669324029094096e-07,3.923910237196790427e+07
6.174942941503891825e-07,9.506084811968100257e+05
2.054167574069952392e-07,2.898420604367407970e+06
7.418012888844326800e-07,1.502318334466396086e+07
5.537071426381546839e-07,1.504687041330914944e+06
4.048058907727124798e-07,2.318941379170165863e+06
5.020104545218950483e-07,2.018490161183844786e+06
4.433304191459443306e-07,2.341469061659299303e+06
7.045691544815238478e-07,1.701360799362538848e+06
1.579469673151183390e-06,8.384706925663697766e+05
1.298573963327148096e-06,1.138247986340528121e+06
5.030306486342177126e-07,9.449813699553713668e+05
8.656108707867368667e-07,6.628921848463091301e+05
1.997364032525558058e-07,2.866344406077918131e+06
6.174942941503891825e-07,9.506084811968100257e+05
3.751076523839159177e-07,2.127378209378271829e+06
1.405349240875776392e-06,8.054403167310165009e+05
1.212084297472074022e-06,9.362202767213899642e+05
1.139382416220731497e-06,1.043251872258335352e+06
1.929495832444404340e-06,6.972552268837486627e+05
2.493448164587851388e-06,6.294176339053008705e+05
2.102089992541666845e-06,7.458450023345823865e+05
7.118513644528836185e-07,9.683947771944474429e+06
7.999436809862598687e-07,6.518699770687371492e+05
1.349678825512667246e-06,5.472448275933737168e+05
1.460883155060792030e-06,6.226535135621407535e+05
1.473067610326223894e-06,6.176075566359709483e+05
1.470113363907744877e-06,7.357918436228983337e+05
1.286480643152208081e-06,8.458661545721078292e+05
1.301176798040974412e-06,8.683972199988319771e+05
1.439785176316034955e-06,7.861049394894408761e+05
2.339398374781494860e-06,5.994676124269970460e+05
2.529721598785705959e-06,5.853439264376299689e+05
2.334664349494254335e-07,4.311093997744736262e+06
6.959420408884054364e-07,9.609656616264579352e+05
5.431417015188029235e-07,2.130116627773839608e+07
5.418098072798819671e-07,1.352822195543175563e+06
1.134808157144220879e-06,8.998830968741055112e+05
7.925982831700622545e-07,4.514478734199124388e+06
1.161607652716107742e-06,1.027846527645480121e+06
1.550511472821823260e-06,8.610947649374735774e+05
2.262180203090816748e-06,6.941574550229890738e+05
2.018539479998065259e-06,8.275692409155436326e+05
1.913948983775781461e-07,5.096203499343028665e+07
3.452383283644968155e-07,2.096855969826125540e+06
4.952850723744402325e-07,1.711498435680659488e+06
2.992581065232126811e-07,3.159172452308507636e+06
4.652131710674055416e-07,2.205116434384085704e+06
4.801242410946700328e-07,2.206956748293296900e+06
4.628575616923127943e-07,2.448633811958888546e+06
5.733530215816766186e-07,2.071448756664633285e+06
5.641205420066378852e-07,2.075584357607357670e+06
6.268051395010940852e-07,1.965670605227094144e+06
8.803358845797233302e-07,1.685923249077487504e+06
1.040969797063288278e-06,1.505436216539571993e+06
5.121850598131838753e-07,9.474744382634633221e+05
5.032101560431624706e-07,9.715657251380475936e+05
3.198843731886191072e-07,1.917558725477385102e+06
7.301563271463433500e-07,1.249098177864138968e+06
7.610889556064171075e-07,1.281631999740124913e+06
5.622721183952613323e-07,2.082163953946419526e+06
1.633259592831448869e-06,7.727373120288990904e+05
1.190456292779869723e-06,1.014946742952050059e+06
5.081058635199042072e-07,2.557871565449645743e+06
1.466524357305188097e-06,1.015245983614647761e+06
2.746376202363856919e-06,5.755208081604356412e+05
3.235615581409363475e-06,5.466765174993970431e+05
4.604240744227530830e-07,1.202560491792337736e+06
1.354385617751537952e-06,4.326614684407845489e+05
2.211797850231131339e-06,3.235440233090444817e+05
2.750370675018679185e-06,3.334310190194513416e+05
3.097623274498090245e-06,2.904378368109395378e+05
2.203010453646496236e-06,4.343914360154681490e+05
2.466339086290307110e-06,4.111109629377511446e+05
2.608146433105438075e-06,4.540949862712518079e+05
2.364477434473505887e-06,5.275917179660850670e+05
4.449582712478897713e-06,3.522221357178347535e+05
6.599677187009650075e-07,7.158909529423704371e+05
9.362619613243474581e-07,7.408027163943484193e+05
9.442633546489304201e-07,7.798448327751421602e+05
1.594900686126821500e-06,4.975211212995647802e+05
2.041848180044953678e-06,4.225840857827325235e+05
2.076386116361504522e-06,7.722052959131520474e+05
2.241907663915263180e-06,5.080861496942891972e+05
2.500342376606106281e-06,4.747120555746281170e+05
2.389905244090447181e-06,5.178588069569625659e+05
4.149902463778098022e-06,3.566940412670978694e+05
4.456465475887069480e-06,3.516350845835903310e+05
4.559018705896984152e-07,1.208382508629916701e+06
6.805491990955016367e-07,1.208464984258553479e+06
1.302411435521292760e-06,7.328845383296953514e+05
7.569804392456425164e-07,1.220195587006618734e+06
5.001830442666261728e-07,1.975194323959476314e+06
7.719172656367358667e-07,1.276512244358282071e+06
1.671803514700821366e-06,6.172671651283151004e+05
8.587295836842594564e-07,1.305698717413607286e+06
1.217218340363884722e-06,9.661427745829308406e+05
1.304233141734707681e-06,9.274606995195192285e+05
2.474516294310937121e-06,5.112919809871020261e+05
1.964889814338020913e-06,7.538979400752481306e+05
4.405031897062752169e-07,1.118967912620221497e+06
7.417461084893899065e-07,7.323745572748873383e+05
8.587295836842594564e-07,1.305698717413607286e+06
1.133424751143224718e-06,9.325850394329383271e+05
1.029165357769624978e-06,1.043468310235119541e+06
1.537418764726015419e-06,7.346738604933497263e+05
1.217218340363884722e-06,9.661427745829308406e+05
1.370355937200802900e-06,8.983185988532789052e+05
1.349636359756513112e-06,9.262435446072109044e+05
1.191515289727090569e-06,1.095890102850913070e+06
1.964889814338020913e-06,7.538979400752481306e+05
2.201872535240333363e-06,7.119490468976885313e+05
2.572579056897503394e-06,6.092193963089470053e+05
9.445342393994520816e-07,5.377964891087721335e+05
7.617444731326936571e-07,7.366171974832874257e+05
1.554116805639504316e-06,6.320874690659987973e+05
1.650586492528829396e-06,5.898238336980660679e+05
1.554300289375554693e-06,6.396531382750147022e+05
1.773372081027527600e-06,5.712522313918493455e+05
1.133424751143224718e-06,9.325850394329383271e+05
1.029165357769624978e-06,1.043468310235119541e+06
1.370170987078697540e-06,8.627051865564297186e+05
1.813387100097958172e-06,6.517479843800803646e+05
3.088966902246628032e-06,4.790474474316576961e+05
8.066173611791800941e-07,2.182811772703732830e+06
9.668232769989961073e-07,5.414311798140471801e+05
1.481688301995942563e-06,5.324222956095410045e+05
1.487830745044850400e-06,5.643603455396308564e+05
1.139442795525883124e-06,7.580330105049395934e+05
2.182050789168121996e-06,4.330644126606807695e+05
2.202468400547826838e-06,4.274836512762189377e+05
1.554300289375554693e-06,6.396531382750147022e+05
1.773372081027527600e-06,5.712522313918493455e+05
1.400338186289934920e-06,7.497676080162745202e+05
1.630429656134889459e-06,6.309106419685927685e+05
2.654718098237411450e-06,5.580595164701213362e+05
4.869811030732114015e-07,1.091909181516992860e+06
7.154445389082248871e-07,8.168556076413920382e+05
3.624706831898138153e-07,1.588034612831440987e+06
1.111876547820142452e-06,8.096505857650951948e+05
9.883362135787616202e-07,9.677883110657997895e+05
1.528390240824758323e-06,6.317227230169579852e+05
1.243120615868722216e-06,7.999741557441542391e+05
1.179808643093153324e-06,9.542577885646958603e+05
1.642396175335475166e-06,8.243287555493497057e+05
2.059099990582347935e-06,6.820437940898957895e+05
2.675690621318096688e-06,5.244829369093512651e+05
4.869811030732114015e-07,1.091909181516992860e+06
3.624706831898138153e-07,1.588034612831440987e+06
8.106258680782775371e-07,1.010302780796949519e+06
4.730812033186377753e-07,2.366102975165244192e+07
5.772239096568750781e-07,1.658150910180053907e+06
4.427265644433946671e-07,2.159060503451328725e+06
6.623510065325482965e-07,1.468273784557342296e+06
9.524515766579623638e-07,1.047410823169986368e+06
6.919300893506648452e-07,1.631607809614921920e+06
8.465192257776132308e-07,1.493140754127622582e+06
1.093670534553906876e-06,1.281802891531529604e+06
5.078057682195481804e-07,1.632862023662080523e+06
6.760820093598173045e-07,1.301358119882566622e+06
7.429141263361797649e-07,1.243378499983080197e+06
7.784865696224331877e-07,1.264040336507966043e+06
7.877663935289616572e-07,1.246415080311009195e+06
8.189470689801173507e-07,1.242451543939881492e+06
7.966593606177654765e-07,1.437196656189663103e+06
7.571163177686492859e-07,1.585564587417984847e+06
5.968810587116667673e-07,1.969660507983544609e+06
8.593970679945153933e-07,1.443782924710018327e+06
8.309509824864035098e-07,1.494277911186212441e+06
1.527290759070611856e-06,9.678392815267610131e+05
1.510427036685721453e-06,9.797071265727240825e+05
2.736440022456947896e-07,7.215862898113556206e+06
1.780773511162242128e-07,5.559163023914963007e+07
4.215736017694397749e-07,1.619316927978741936e+06
1.096464880690810300e-06,8.227655104151041014e+05
9.886981819878886219e-07,9.293466708092549816e+05
6.237951975832942125e-07,1.796165474358452717e+06
4.880098703638188011e-07,2.349351723034670111e+06
9.047822419394692912e-07,1.305055524925373960e+06
7.309704430149215499e-07,1.605479549988770857e+06
7.113384223279601546e-07,1.771658403182456037e+06
9.846238914518580021e-07,1.426112133174454095e+06
1.517908831760862657e-06,9.742689242996480316e+05
1.080054398115600653e-07,1.411683863666498847e+07
1.780773511162242128e-07,5.559163023914963007e+07
2.201908293104851459e-07,3.956718039423902333e+07
4.215736017694397749e-07,1.619316927978741936e+06
5.289164291249329300e-07,1.523604469405474607e+06
5.137409598884840707e-07,2.134052513041581959e+06
7.650429543167394429e-07,1.607789198000922333e+06
6.398843990385091411e-07,1.954038158469128422e+06
7.380649294345159565e-07,1.873482557430883870e+06
9.912428297803000579e-07,1.415776860644209897e+06
1.219407739735561442e-06,1.286096539888246451e+06
1.481573818987408148e-06,1.123199052560504992e+06
2.573484768930111551e-07,1.289791641066642478e+07
5.230472556324872411e-07,1.603448015292853815e+06
8.350571141349572575e-07,1.138128027496360941e+06
6.186724941636033166e-07,1.541612963381281355e+06
9.214366585649387599e-07,1.052776238471735502e+06
6.643954479000600104e-07,1.528542925492975861e+06
3.253911856862291830e-07,3.201010946415199898e+06
8.684581199669455372e-07,1.306967345140638761e+06
8.843068133366055880e-07,1.332034219639425166e+06
8.372662525757452238e-07,1.486328285341800423e+06
7.038961425475275277e-07,1.865179606359249447e+06
1.533528468423888476e-06,1.021657420191391953e+06
1.388458511351412243e-06,1.129866465998563217e+06
2.753804924788526129e-07,1.604109243292488623e+06
3.112337235464825963e-07,1.654841830300667789e+06
2.047852585674448149e-07,2.747275176748011261e+06
1.432630610454679213e-07,4.358335146433008835e+06
6.186724941636033166e-07,1.541612963381281355e+06
9.898980495782169367e-07,1.001637515705135418e+06
6.643954479000600104e-07,1.528542925492975861e+06
7.890076475412148616e-07,1.504283698595900321e+06
7.964438150622045365e-07,1.637544486613756511e+06
1.405879454870531300e-06,1.114618936651672237e+06
2.047852585674448149e-07,2.747275176748011261e+06
1.432630610454679213e-07,4.358335146433008835e+06
2.478627418898938608e-07,2.588495247067074291e+06
2.572668720704166107e-07,3.787675386399629060e+06
2.874825407946710444e-07,3.486383836445940193e+06
2.866549793371253581e-07,3.702196404438487720e+06
2.643576627384129976e-07,4.246092959951115772e+06
2.559107438992670490e-07,4.426919353041980416e+06
2.474612197475958272e-07,4.710655437987145968e+06
3.430389537990836764e-07,3.512117154658273794e+06
2.860361012350535258e-07,4.535244246066846885e+06
3.440617482476264953e-07,4.101458560891412199e+06
3.052404029037487130e-07,1.776211943108552136e+06
3.079501350698328519e-07,1.792439183196167927e+06
2.750212041785106157e-07,2.174797483257225715e+06
3.408440874901177504e-07,1.794760190561436582e+06
2.478627418898938608e-07,2.588495247067074291e+06
5.852631919638393424e-07,1.974977843936790945e+06
8.322805126271640422e-07,1.480374619950499386e+06
7.140956612288978478e-07,1.819348561303778319e+06
7.670478172330110861e-07,1.780064584727134788e+06
1.205673890961083920e-06,1.299871247597122332e+06
1.307972919150913034e-06,1.270548514166831737e+06
2.733047705802788570e-07,1.917470530209966470e+06
3.048426029817180524e-07,1.910100549800026231e+06
7.442494486379634246e-07,1.249999007609312655e+06
5.977519168042853957e-07,1.569263655762145761e+06
9.130956414188068189e-07,1.059512283263146179e+06
7.311867581289626889e-07,1.439314085336781340e+06
6.599042985350703422e-07,1.820773621639803983e+06
7.899085762609328734e-07,1.643384554183078231e+06
8.206054981993125319e-07,1.602506972758121090e+06
1.110385683099532555e-06,1.283938156190917129e+06
1.327723586672213624e-06,1.179883800752309384e+06
1.610313388977568910e-06,9.730887424349935027e+05
2.885533661026646886e-07,1.718168261210554745e+06
3.934063733996331609e-07,1.377835771936507197e+06
9.319132793448840968e-07,9.899735821044978220e+05
5.977519168042853957e-07,1.569263655762145761e+06
6.400954130017848089e-07,1.467047299345543608e+06
1.184712249942457486e-06,8.247445777845515404e+05
1.042986585051516065e-06,9.321828182817687048e+05
1.096232316896354723e-06,9.019426378312987508e+05
6.151261074420525088e-07,1.589177673986594891e+06
7.311867581289626889e-07,1.439314085336781340e+06
3.254364373987841971e-07,1.480362433173860423e+06
3.934063733996331609e-07,1.377835771936507197e+06
2.679733803882302611e-07,2.153987605981138069e+06
4.171420523315446509e-07,2.326745542419167701e+06
3.586995195333924276e-07,2.769114938439332414e+06
9.375901513147117946e-07,1.192074619880999438e+06
6.672277855334139545e-07,1.888234213969852775e+06
5.030869439778775829e-07,2.472172127857304178e+06
4.773122496098434291e-07,2.719211624650015496e+06
8.766093931854394220e-07,1.688614913407352753e+06
1.838620906729253691e-07,9.454240663622794673e+06
1.370788140509239421e-06,1.214470044164317194e+06
1.293877469079272033e-07,1.565448557984999754e+07
