4.473804348173480548e-08,2.040866780178469792e+07
3.123043144278351929e-08,1.952710288393023983e+07
5.769196771103962790e-08,5.795296948906434327e+07
6.973342793852626349e-08,8.577726985120620579e+06
1.160120516527092887e-07,9.903542515224043280e+06
9.575641654910312468e-08,1.230974033753983863e+07
2.330154767434162855e-07,5.616160394859944470e+06
1.548736686582410834e-07,9.299059717806709930e+06
2.559436305874027243e-07,5.781746624159662984e+06
4.222220359080719431e-07,3.937931944102874957e+06
7.844117693748153141e-08,2.334011187768913433e+07
3.200628767594146140e-08,2.027710159607208520e+07
1.964805018416862774e-07,4.399595414467602968e+06
2.453665002568026438e-07,3.770224867678836454e+06
2.997243807123932947e-07,3.152301417453411035e+06
3.131656977995025927e-07,2.997695176988210063e+06
2.120110995128883163e-07,4.478964939288363792e+06
2.846159920399605625e-07,4.017416456115053035e+06
3.391320819155749311e-07,3.650419312511249445e+06
3.206078914263343236e-07,3.967671585233772639e+06
5.630903018576633448e-07,2.785474877628616523e+06
2.873921443947306774e-08,6.068589103359974921e+07
2.272440163228091779e-07,3.054689157039644662e+06
2.790813817860054031e-07,2.479976745337892789e+06
3.559962721632024314e-07,2.599894681874616537e+06
4.274019926245169705e-07,2.174917025650528260e+06
5.384732044690427004e-07,1.848721873009449337e+06
6.623938576191539325e-07,1.512249390738831833e+06
2.687236887783384407e-07,4.011724983589382377e+06
5.508109552162246583e-07,2.187157729805621319e+06
7.194828939254863500e-07,1.721672942985180765e+06
6.591736261822217912e-07,1.990528587850076845e+06
6.814397259686364392e-07,2.013869623144895537e+06
1.228753811311604411e-06,1.275480383991458686e+06
1.200084551379983349e-06,1.383553393927587196e+06
3.310997694985707952e-07,1.414296946105677169e+06
3.414548578239666718e-07,2.602687408485882450e+06
6.360183105114330516e-07,1.569522905890919967e+06
7.473169141882171530e-07,1.304729441975616151e+06
4.568592917038995182e-07,2.087164158891252708e+06
5.384732044690427004e-07,1.848721873009449337e+06
8.392007939194855666e-07,1.219833469223364722e+06
6.623938576191539325e-07,1.512249390738831833e+06
8.660728800356339784e-07,1.227606391434259946e+06
7.204590670396924778e-07,1.644391074835662497e+06
6.374145420158250637e-07,2.161404307451426983e+06
1.227622263828960739e-06,1.276571298761549406e+06
1.979218320998972822e-07,2.081120475756203989e+06
3.414548578239666718e-07,2.602687408485882450e+06
3.086204823967954113e-07,2.997580238067772705e+06
2.399367392213768709e-07,4.157248533566264901e+06
4.568592917038995182e-07,2.087164158891252708e+06
3.179869380351653278e-07,3.239284175157797523e+06
2.766484823938279472e-07,3.929965657636213582e+06
3.847146371865490483e-07,2.703820864038927481e+06
3.382188435425059206e-07,3.265155786759993061e+06
4.892323150567792927e-07,2.578302822394797578e+06
6.696347563009696415e-07,2.251070728666149545e+06
1.007330119475162788e-06,1.554257778060831130e+06
1.301865442238902764e-07,4.676698987461170182e+06
1.876755426084942009e-07,3.251956322527815588e+06
1.279530116827773980e-07,5.077020614156492054e+06
1.693087438393382270e-07,5.429564243425990455e+06
2.232020603623585988e-07,4.101455629680995364e+06
2.490654144851055430e-07,3.846104607446327806e+06
3.016960315182479605e-07,3.206205408736418467e+06
2.362387523391421212e-07,4.533480456805502996e+06
2.766484823938279472e-07,3.929965657636213582e+06
2.428745989395846444e-07,4.769448610558156855e+06
4.298489526772046523e-07,2.779574505276575685e+06
1.383014343373225347e-07,6.258389644092804939e+07
3.173736119603421447e-07,2.963100688381554931e+07
2.564539559151243876e-07,2.049311353281930089e+06
1.935452448080226748e-07,3.278496734062761068e+06
1.448995478598687254e-06,8.621468142501174007e+05
9.042250070511223933e-07,1.415225719023439800e+06
1.345233132356998091e-06,9.726319186270233477e+05
9.207125096835562100e-07,1.790702433185458416e+06
1.236667070741571768e-06,1.271526348301699152e+06
2.192892197049418622e-06,8.100246547698966460e+05
2.445382553392945407e-06,7.234883167107467307e+05
3.240842761649456647e-07,2.982009176709694788e+07
1.322532233138941116e-06,5.471890865739817964e+05
1.218439361906557772e-06,9.223732040810668841e+06
1.134737531732792554e-06,6.750526274436267558e+05
1.769138644412319257e-06,5.355455327439795947e+05
1.825273449881134761e-06,5.157429568564858055e+05
1.792755926217105144e-06,5.771129208443020470e+05
1.826151292112947720e-06,5.887553671569552971e+05
1.533223459268403421e-06,7.757310128013142385e+05
2.793372748995239620e-06,4.765073702364282799e+05
2.937139904694880549e-06,5.045407398653558921e+05
5.353385217750006927e-07,8.067513732667699223e+05
4.161841470817055063e-07,1.209740374323447235e+06
3.655378687973472369e-07,1.457147551453363150e+06
1.080599329440146565e-06,8.102345327434742358e+05
1.388783220659950957e-06,6.685578129293883685e+05
1.792755926217105144e-06,5.771129208443020470e+05
1.668570118203662107e-06,6.502301015847914387e+05
1.501181885122333324e-06,8.699929638412239728e+05
2.945563792667980093e-06,4.764899586999510648e+05
2.848717520411556327e-06,5.195608436955732177e+05
3.708095609838834169e-07,1.669606089134308510e+06
5.108870391009065551e-07,1.391980396965929307e+06
5.185480356098774468e-07,1.694782686683017761e+06
4.196196704102004428e-07,2.012830301245570183e+06
3.376342621216160792e-07,2.818133154685614631e+06
5.590575803011315823e-07,1.735386127935734810e+06
6.582895958934150557e-07,1.529377687850026414e+06
5.683192854613214565e-07,1.807278331140977563e+06
4.320168590307323286e-07,2.379737864247457590e+06
5.692781206945382531e-07,1.855517247276796028e+06
5.676985625293948040e-07,2.051187030944998609e+06
4.974421143388711792e-07,1.099082838684129529e+06
5.033267709273243954e-07,1.816858873988752021e+06
6.190966593619242433e-07,1.477625383962396998e+06
5.734274349205393957e-07,1.620662326223737793e+06
6.582895958934150557e-07,1.529377687850026414e+06
6.654503714843064290e-07,1.526011815200652927e+06
5.683192854613214565e-07,1.807278331140977563e+06
5.692781206945382531e-07,1.855517247276796028e+06
5.689937367181709808e-07,1.862342972785090096e+06
5.177587626480888974e-07,2.072302387884832220e+06
5.310155328576002042e-07,2.097782036395773757e+06
2.207130471678432421e-07,8.886688070442765951e+06
5.476722819213768131e-08,4.244211203222059458e+07
4.737729372989439731e-07,1.081478214692176552e+06
5.615745412625223245e-07,1.115282926903784508e+06
5.842161794822348978e-07,1.566550357289934997e+06
6.063349406455244743e-07,1.501183968601563014e+06
6.190966593619242433e-07,1.477625383962396998e+06
4.082519814748635107e-07,2.429275285106916912e+06
6.654503714843064290e-07,1.526011815200652927e+06
4.842647577115782119e-07,2.209216291579363402e+06
5.689937367181709808e-07,1.862342972785090096e+06
5.310155328576002042e-07,2.097782036395773757e+06
7.597283465815689270e-07,1.753892555616663536e+06
2.231970228609339595e-07,1.057390004100569151e+07
4.688548403251673198e-07,1.816676246303980937e+06
4.968789757428625331e-07,1.755130624051357387e+06
4.268371430794608375e-07,2.118750931830503512e+06
6.063349406455244743e-07,1.501183968601563014e+06
5.842161794822348978e-07,1.566550357289934997e+06
7.304263427483019153e-07,1.324380419766877079e+06
1.030955017223118370e-06,1.124939755191600649e+06
1.334297247907817245e-06,9.410767350462022005e+05
1.937079986494099816e-06,6.623730497196571669e+05
1.343400413475805129e-06,9.951070668210947188e+05
2.672615732995760434e-06,5.868109344266242115e+05
4.206626793147314365e-07,2.537299554472125601e+06
1.204707653644540406e-06,6.500032449167686282e+05
1.232882188796373027e-06,9.143026978195413947e+06
1.207331375124273773e-06,7.292517020113327308e+05
1.868446940770202608e-06,5.308003145764528308e+05
1.641354339405327427e-06,6.338028000229148893e+05
1.490984959572212012e-06,7.572083247927017510e+05
1.316222541491860726e-06,9.062595033306159312e+05
2.514407049138277351e-07,5.171069279694217257e+06
2.898288484494767615e-06,4.365888613999403315e+05
2.655848295012696188e-06,5.008561995709164767e+05
2.532331315633353716e-06,5.847425256112461211e+05
3.145337006648214692e-07,1.703872528628097102e+07
5.595120732697734965e-07,2.524164623733886518e+06
7.239785824834877758e-07,1.161367792412490351e+06
8.766128378519832001e-07,1.066425850001121871e+06
1.101011885841353954e-06,8.774201553276709747e+05
1.437706039023161063e-06,8.296493479744071374e+05
1.726162057962984125e-06,6.267604850662037497e+05
1.490984959572212012e-06,7.572083247927017510e+05
1.316222541491860726e-06,9.062595033306159312e+05
2.944953840361693256e-06,5.028162988129258738e+05
2.532331315633353716e-06,5.847425256112461211e+05
2.370114937982975225e-07,2.464750403130518273e+06
3.161562743024426200e-07,2.062798419221000513e+06
5.025610150022400821e-07,1.640642693423313322e+06
2.809438651823841046e-07,2.558703099962582346e+06
5.844781051742058365e-07,1.418857060749849072e+06
6.208303536300786311e-07,1.828955051386666251e+06
5.638377832458727566e-07,2.018430446029602550e+06
6.822035573886598964e-07,1.702406775946489535e+06
6.198984927230132629e-07,1.915379217011994449e+06
5.051238135437473218e-07,2.591308185560838319e+06
9.870760211414242082e-07,1.499055399186796742e+06
1.127551438164294782e-06,1.312227070871786214e+06
2.208626792782387136e-07,2.260685759529067669e+06
2.041375510539936491e-07,4.438076210062653758e+06
5.025610150022400821e-07,1.640642693423313322e+06
5.844781051742058365e-07,1.418857060749849072e+06
4.193759043502646460e-07,1.978047475806996925e+06
7.212277854124154374e-07,1.182530789988861419e+06
7.326564628737233007e-07,1.301583918850692455e+06
1.013282418409891593e-06,1.086408506168331485e+06
6.031431729276312076e-07,1.858099208003987791e+06
4.797924172929993536e-07,2.739407106534215622e+06
9.700422234327450962e-07,1.526548076764514903e+06
1.883581557323364852e-07,4.244719976511069573e+06
1.986435164985524024e-07,3.069288914478509221e+06
2.955632366732194242e-07,2.883922252680772450e+06
3.833404966574699278e-07,2.221426909018591046e+06
4.193759043502646460e-07,1.978047475806996925e+06
6.341955353402978992e-08,1.344622038572642766e+07
4.108136560304943885e-07,2.689808520784867462e+06
5.667127215759200355e-07,2.001226362851134501e+06
5.711407628074323329e-07,2.148916886190556455e+06
5.147471407406730600e-07,2.538578273464371916e+06
9.776272044794295109e-07,1.514943089074787684e+06
8.707859896097821812e-07,1.702947527340448229e+06
8.609736055266008207e-08,4.899198285792290233e+06
7.570645905721666579e-08,7.791411058991815150e+07
1.092529540992127681e-07,4.487122392793419771e+06
1.986435164985524024e-07,3.069288914478509221e+06
2.790520429075947407e-08,3.649769372740034014e+07
2.455827515713211086e-07,4.234050664776494727e+06
3.187304120480646281e-07,3.653539602244877722e+06
2.915588554207856134e-07,4.832033475393300876e+06
4.609856540565651894e-07,3.220171934982841834e+06
7.049271182071914862e-07,2.523359385818697512e+06
8.609736055266008207e-08,4.899198285792290233e+06
5.610782186232802077e-08,9.455001264233384281e+06
1.171116188567782473e-07,4.691433160643091425e+06
1.669273355638333252e-07,3.381818104378391989e+06
1.746505815149218988e-07,4.216502030769727193e+06
2.078782002114686454e-07,3.961672995648211334e+06
2.043562709627823358e-07,7.092355612446695566e+06
5.680494971314312267e-07,2.964949598231401760e+06
6.152082038358368202e-07,2.899518739164829254e+06
7.666537628098615292e-07,2.446500120473517571e+06
1.980525158257468978e-07,1.863517435767289950e+06
1.794007709940090908e-07,3.551105765182996634e+06
4.404163828617036378e-07,2.039156357275400078e+06
8.608790839049453564e-07,1.138918017504270189e+06
8.341136821814832262e-07,1.182407618238362484e+06
5.723991872328649538e-07,1.767413286969939247e+06
6.257720559370728285e-07,1.692944173968890216e+06
6.336114292679487244e-07,1.653351342085970799e+06
6.131266864397177067e-07,2.031958455230575521e+06
6.633151589819171190e-07,2.060811989259092836e+06
1.130203167105982400e-06,1.386172382031549467e+06
6.623571552407369408e-07,7.625406945822136477e+05
7.516197765955788136e-07,1.279915910465884022e+06
1.225809225246203980e-06,7.726197463506852509e+05
7.674275138417809344e-07,1.287054146034133155e+06
8.461462898507799313e-07,1.169951059475045651e+06
8.608790839049453564e-07,1.138918017504270189e+06
5.890623506848352534e-07,1.642232028552766657e+06
5.451230774872507713e-07,1.799469598254575860e+06
1.335283110722698551e-06,7.282855913034622790e+05
8.540359607672730416e-07,1.184537340123799862e+06
9.521898390611832578e-07,1.062396814950126223e+06
6.186981458973008014e-07,7.506804271150295390e+05
9.528863274525841779e-07,4.912377434314453276e+05
1.729518748763853415e-06,5.527892358610115480e+05
1.225809225246203980e-06,7.726197463506852509e+05
1.973592536282054421e-06,4.913575909666088992e+05
1.335283110722698551e-06,7.282855913034622790e+05
2.026144099109308281e-06,5.819195891860552365e+05
1.723645601333428627e-06,7.236616881590066478e+05
1.658824689071591214e-06,8.307185950137415202e+05
2.662803103588794282e-06,5.316359297486710129e+05
3.253202060923928606e-06,4.823806455200826749e+05
3.291679289757437098e-06,4.763662144934983808e+05
1.023377673687028660e-06,7.088332945798112778e+05
1.423740133757273311e-06,5.386785916509986855e+05
1.076143890245717617e-06,6.877781654504124308e+05
1.849609118299622321e-06,4.656753608830897720e+05
1.477408740815166272e-06,7.639283463715781458e+06
1.729518748763853415e-06,5.527892358610115480e+05
1.973592536282054421e-06,4.913575909666088992e+05
1.967178463555164346e-06,5.289099120008884929e+05
2.120061507578424037e-06,5.297694706250946037e+05
3.296315847540995379e-06,4.033213151424764656e+05
3.245338533633644166e-06,4.101425164072230691e+05
1.607509674179386763e-07,1.442003070355962776e+07
3.333660025249496512e-07,1.750000587123532081e+06
5.936309263959419247e-07,1.471486782244809903e+06
9.157929406243372859e-07,1.005356356764931697e+06
1.132122149312879904e-06,8.383776926340687787e+05
5.716148160223439031e-07,1.643572178542760666e+06
7.666860648409856161e-07,1.311278742869159207e+06
7.457059930727886596e-07,1.452404885073441081e+06
6.890381142401809259e-07,1.582985390032079536e+06
1.487186087621548288e-06,7.882438315685852431e+05
1.506541710553533065e-06,8.413243942035450600e+05
1.296091411084235988e-06,1.082136938616279978e+06
2.375083228706244709e-06,5.910260793900025310e+05
7.164639404271497121e-07,2.788274420733959880e+06
3.185997281085389872e-07,1.706105280740423827e+06
3.140583306734399221e-07,1.778250945700849406e+06
3.008768695870773738e-07,1.963366043237715028e+06
4.197075720011047670e-07,2.425539616094771773e+06
7.212566168346211033e-07,1.447182759520473657e+06
1.376359971936970507e-07,7.024539980023594573e+06
3.912611626722594023e-07,2.855604773048664909e+06
4.928533406392011469e-07,2.278295824468494859e+06
4.319279237432442136e-07,2.891690518926889170e+06
9.383314578143940712e-07,1.363828729770018486e+06
8.193859156234358222e-07,1.806930034605417401e+06
1.274266027460278685e-06,1.231253268554769224e+06
2.989758427464679539e-07,1.772058217621762771e+06
1.985888538235542545e-07,5.057903929597111791e+07
3.008768695870773738e-07,1.963366043237715028e+06
4.197075720011047670e-07,2.425539616094771773e+06
7.447836439501675823e-07,1.362623661813832819e+06
4.250343617582528089e-07,2.305682181965096388e+06
7.089374678200089606e-07,1.447065305670114933e+06
7.520097144800012265e-07,1.505150847300108522e+06
3.912611626722594023e-07,2.855604773048664909e+06
6.351809174699204244e-07,2.062569156847043196e+06
1.267377458821794648e-06,1.168216806633362779e+06
1.628704553816394937e-07,1.426758719108134136e+07
7.720458082478472619e-07,6.229226680621055420e+05
3.680428626591432630e-07,1.461588776783980429e+06
9.550527596760913438e-07,9.337331723352157278e+05
9.068186758899456755e-07,1.000623335032894276e+06
8.740255542529487783e-07,1.083239500109672779e+06
1.174758632031028544e-06,8.212526607846322004e+05
1.332683900304635828e-06,9.097380238773729652e+05
1.108053833222676657e-06,1.127895594986314885e+06
1.337316690984563222e-06,9.814829721583098872e+05
1.203235973778393126e-06,1.136639110277786618e+06
2.093619049011169950e-06,7.481156713661082322e+05
2.562296720733424628e-06,6.114792565709963674e+05
4.102939606718535321e-07,7.568778826399415731e+06
1.171108605221274101e-06,6.738548634433555417e+05
1.087517516790615235e-06,1.020498803101843409e+07
1.401088390154961969e-06,7.052094483462835196e+05
1.174758632031028544e-06,8.212526607846322004e+05
1.366270983129964113e-06,7.624943015303050634e+05
1.562169562671136356e-06,6.487576478146793088e+05
1.648395403555142340e-06,6.525075286757440772e+05
1.126569161331655310e-06,9.506133464649174130e+05
2.462942953880203203e-06,5.698420649150742684e+05
2.319122318638088787e-06,6.042157327174820239e+05
2.823006670344600176e-07,3.409564490768070519e+07
4.384292243633803967e-07,1.812229025200046366e+06
5.179151322494538415e-07,1.556254058044474805e+06
4.496235310662429224e-07,2.219895800812726375e+06
1.366270983129964113e-06,7.624943015303050634e+05
4.364128816717402697e-07,2.406525776583192404e+06
5.071610560335198091e-07,2.136228736789897084e+06
9.714261890967931582e-07,1.143104555221145973e+06
1.325245774868711334e-06,9.121683407130746637e+05
8.993205162355079831e-07,1.406069137265357422e+06
1.448707174818293092e-06,9.873906873872113647e+05
2.283971752367210050e-06,7.276803266631838633e+05
4.415233435710681862e-07,1.437293078350970522e+06
3.629477482775466383e-07,3.184800608893643692e+07
4.083386327524580424e-07,1.801910729751396924e+06
3.964987373060371939e-07,2.140006411821688525e+06
4.906492241193711426e-07,1.697917811597143067e+06
5.904993367197807792e-07,1.549142481801642105e+06
4.150049084095246142e-07,2.629736446737995837e+06
4.038695584302987333e-07,2.782174878490942065e+06
7.584660245742883561e-07,1.513224018014409812e+06
8.536969703614164598e-07,1.487813533689796692e+06
6.906399745632135485e-07,2.032468810440123081e+06
3.202504459285007335e-07,2.686393678119067568e+06
2.116934248423865129e-07,4.598870546060771681e+06
3.500799531592244696e-07,2.697124765015466139e+06
3.245454352515191166e-07,2.871510219370786566e+06
4.427829778081302040e-07,2.181090142928119749e+06
3.993457646644935608e-07,2.487417133753513917e+06
4.454017974716982075e-07,2.271431050320848823e+06
3.337210556143228892e-07,3.191658090723130852e+06
3.793576447470963013e-07,3.098474399124770425e+06
6.474462433314703239e-07,1.954236804737238912e+06
5.256080233273459225e-07,2.407186312578141689e+06
7.540645180747654225e-07,1.764324131285640178e+06
2.059898036956428349e-07,7.101925114323751070e+06
1.363820181059246686e-07,7.243963600680707395e+07
9.229574920122492962e-08,1.627820398646687157e+07
3.354342632352843509e-07,2.329215865153776016e+06
2.234120301075748175e-07,4.199950400731614791e+06
3.294067132250888652e-07,3.365333415457691997e+06
2.216671042838169731e-07,5.116665262653054669e+06
3.674807386024676249e-07,3.354032287113135681e+06
3.168414679606462686e-07,3.951050653871726245e+06
7.153356466633883496e-07,1.764025273570367834e+06
3.441755543065054574e-07,3.972335264993048273e+06
5.624231409895816949e-07,2.637573783289339859e+06
5.943503125233381867e-07,2.635102128452678677e+06
2.133075185310784531e-07,7.229123501083161682e+06
1.668351460788675536e-07,1.798735575915893912e+07
6.263048871224443128e-07,1.106434789574625436e+06
1.306224462586597943e-06,8.302394454581697937e+05
8.872962076732542546e-07,1.233998076685682638e+06
1.163373029981534206e-06,9.688892976248125779e+05
9.769629766090506534e-07,1.205579501407861710e+06
1.220175614386644318e-06,1.017742510976601741e+06
1.675663585115250736e-06,8.837033224800160388e+05
2.241082960235344761e-06,6.605530176261062734e+05
1.638483595780626685e-07,2.785237244982436765e+06
8.331357717457872775e-07,8.037483540292927064e+05
7.611320124327127960e-07,1.523235418047328666e+07
8.872962076732542546e-07,1.233998076685682638e+06
1.216790311639653707e-06,8.837472932163864607e+05
1.346359360933541165e-06,8.372864281429153634e+05
1.183874409146075098e-06,1.005648685056085931e+06
9.769629766090506534e-07,1.205579501407861710e+06
1.935382542117658507e-06,6.876496148706179811e+05
1.675663585115250736e-06,8.837033224800160388e+05
2.239718865604091675e-06,6.610004818989479681e+05
4.177532236329909345e-07,3.633086285228381399e+06
1.818117717582674448e-07,2.934648163426908664e+06
2.426731363928237936e-07,3.343210142252988648e+06
2.197194916638658754e-07,3.826640369376122952e+06
1.693036474146113600e-07,5.123607993148215115e+06
3.335902043664551563e-07,2.667227491205902305e+06
4.922395665448136892e-07,2.278973658900421113e+06
6.852161720251627298e-07,1.565917232079294277e+06
3.851595970650851744e-07,2.895266348525684327e+06
2.466042439512856935e-07,5.910078643571903929e+06
6.969943949586178391e-07,2.119591994235095102e+06
1.100333361825128327e-06,1.345774284289920703e+06
1.624697591222196998e-06,1.094400326085220790e+06
1.851848357418375167e-06,1.013461778851945885e+06
1.317031543861932118e-07,9.445310464198336005e+07
1.755968696792263851e-07,4.776967358445502818e+06
2.123286692539093346e-07,4.109660766180484090e+06
3.402596134326335954e-07,2.510448432636575308e+06
3.703725482969544307e-07,2.651004432421742473e+06
2.989076785788290855e-07,3.249967879403120838e+06
1.464817319921906556e-07,6.920239114625240676e+06
2.613849150405091029e-07,4.081113426827013493e+06
4.970635050230221844e-07,2.435823097439772449e+06
2.677649848982731837e-07,4.540468885102918372e+06
3.811515238913756125e-07,3.199767145961074159e+06
7.998387154694716553e-08,2.184715559999322146e+07
1.514072271326621182e-07,4.882782490442992188e+06
1.595928711579026648e-07,4.521989109300350770e+06
1.720358951329935255e-07,4.748426297114640474e+06
2.555800823258821052e-07,3.639461181512514129e+06
3.693298217472980718e-07,2.960593060106887016e+06
2.921367145564082789e-07,3.602953570861262735e+06
4.168821535353988184e-07,2.510938795432002749e+06
4.934906614152230907e-07,2.308451101360742003e+06
5.441165806606212313e-07,2.207579787811062299e+06
5.678053870785027444e-07,2.277722722344988026e+06
5.551009056927077678e-07,2.489215200687249191e+06
1.083489066124945218e-06,1.445061396786703262e+06
9.294220853948169989e-07,1.686847071100082481e+06
4.566857756357714638e-07,1.506645331281751627e+06
2.136729606038646881e-07,3.933779804209113587e+06
3.047218966084210533e-07,2.927109585183563642e+06
5.722574347325684879e-07,1.665190748656966025e+06
3.960129623324812982e-07,2.384256497128887102e+06
6.153881216986251186e-07,1.581354443783138413e+06
4.077355632149522081e-07,2.379942870265280362e+06
7.780993559772016905e-07,1.256844179995587096e+06
7.394640686666358589e-07,1.390603667277481873e+06
4.671573568668118017e-07,2.557423699578173459e+06
5.970150080465314161e-07,2.055967038033467717e+06
9.221843952951515664e-07,1.701542860437625553e+06
3.515246125895919090e-07,1.518757910175981466e+06
4.098183459902158515e-07,1.377204742873003474e+06
3.960129623324812982e-07,2.384256497128887102e+06
4.077355632149522081e-07,2.379942870265280362e+06
3.990834398166058084e-07,2.569026699938073754e+06
3.078629444914401952e-07,3.235830727958605159e+06
2.733895141942885253e-07,3.869481147194167599e+06
4.320060051377159921e-07,2.447711268916536123e+06
4.855320915807926998e-07,2.344424092629852239e+06
6.172884102516114480e-07,2.015398636961223092e+06
4.470293562409601674e-07,3.073820433689235244e+06
8.427223761983031793e-07,1.859506223483175738e+06
3.515246125895919090e-07,1.518757910175981466e+06
3.908213573460868633e-07,1.345054534251390258e+06
2.916295498251509926e-07,2.190856334164408501e+06
3.990834398166058084e-07,2.569026699938073754e+06
4.841485105496019326e-07,2.234799290470041800e+06
4.320060051377159921e-07,2.447711268916536123e+06
5.614303128993445231e-07,1.970194905034634750e+06
6.451450753979544007e-07,1.776514404029286699e+06
2.710978375900268202e-07,4.476163320000184700e+06
8.160000885295085678e-07,1.696116187482849928e+06
7.693172736116611958e-07,1.769075943683821009e+06
1.229711239451657938e-06,1.351282718161301920e+06
5.580952282039397543e-07,9.210772751778408419e+05
1.150991748202902084e-06,4.709870737593019730e+05
2.758951569606449801e-07,2.153878668414894957e+06
9.974474078696977411e-07,9.626578310245161410e+05
7.468655387337615910e-07,1.341652468269762816e+06
1.381867952306365948e-06,7.964799790031675948e+05
1.213303369727153999e-06,9.651383290452156216e+05
1.524127542474689447e-06,8.188621285668399651e+05
1.724861650236305892e-06,7.207313970460097771e+05
1.454993599068445569e-06,9.462312304230189184e+05
3.216245839821108827e-06,4.601761139569967054e+05
2.760683411303785568e-06,5.672742729638651945e+05
1.392411222430888252e-06,3.915959960307438741e+05
1.137706205918916914e-06,7.367554149413483683e+05
1.431253578152953521e-06,6.245291121186987730e+05
1.911930089736154694e-06,5.145445758428907138e+05
1.254710141482760154e-06,7.584433340831332607e+05
1.948404137573901167e-06,5.238480286322970060e+05
1.445033895252085221e-06,7.911294044532674598e+05
1.714571950652361654e-06,6.552020765199826565e+05
1.739004665051146896e-06,6.841368694612146355e+05
1.724861650236305892e-06,7.207313970460097771e+05
3.241474631979722556e-06,4.321878260767875472e+05
2.805519998222629889e-06,5.278906081355089555e+05
2.945481140561049096e-07,5.925704478669562377e+06
3.271597083547571701e-07,2.815578969945709035e+07
3.032118734876607879e-07,2.888703450701834168e+06
6.181654594669213280e-07,1.387217294020393398e+06
8.710262262791264262e-07,1.056641057230598526e+06
8.406987242884565218e-07,1.316746431469798787e+06
1.831085164145472298e-06,6.191693734021913260e+05
1.182800482926464287e-06,9.896273769894950092e+05
1.383159987103362118e-06,9.942390082011230988e+05
1.831211182485034621e-06,7.666845052508582594e+05
1.027981955117689532e-06,1.435422854482786264e+06
2.519937656199864642e-06,6.253158045183974318e+05
2.669672940989056788e-06,6.238883812864457723e+05
2.718614106473445924e-07,3.595527090004248545e+06
4.573156363375602783e-07,1.332465694515239215e+06
2.237981096476796949e-07,2.591611370188332163e+06
5.934896199905952349e-07,1.492862748055191711e+06
6.742115570030999653e-07,1.385991728865502169e+06
6.446103117039606812e-07,1.535267154037598753e+06
6.803630532811196433e-07,1.496407307494550943e+06
6.150066021057833588e-07,1.923499749593974324e+06
6.442205463373560734e-07,1.833367189287483692e+06
7.934029585307258910e-07,1.512138489703612868e+06
1.086253430615892192e-06,1.443398753268522909e+06
1.263386442120579107e-07,2.839390222123609856e+07
2.421747776634621353e-07,1.898914133156057913e+06
1.598319451922671985e-07,3.989464318568453658e+06
3.529642735628552936e-07,2.823463234879936092e+06
4.064426781971121424e-07,2.385039079033477232e+06
6.743421607121844440e-07,1.597522603666633600e+06
5.111734459044289522e-07,2.451086240282115526e+06
5.433845624933244467e-07,2.400305968701695558e+06
5.424620259824751982e-07,2.539561355741459411e+06
1.086783286564371968e-06,1.362207803631218150e+06
9.386335964840224752e-07,1.769422293776885141e+06
1.843592123187923026e-07,1.212563821371764503e+07
1.416461839170615802e-07,3.488876863597104792e+06
1.546552491772555747e-07,4.932858136602359824e+06
1.969340013383163796e-07,1.906016111525613070e+07
2.443017747828849851e-07,3.403576614316806663e+06
2.113304115273477665e-07,4.232951238136955537e+06
1.125467883111883843e-07,8.088301754543039016e+06
2.461133965264348500e-07,3.780852628002549987e+06
3.316288335074416768e-07,3.184975321992507204e+06
4.038831245442951570e-07,2.776668948442995548e+06
4.037360863322970906e-07,3.423600635564969387e+06
6.540707425844142711e-07,2.266171876105425879e+06
7.806969474638167518e-07,6.327060180430872133e+05
1.441497913406813762e-07,4.023526303114996757e+06
1.555782180006253372e-06,5.736629338175335433e+05
2.044895548257707284e-06,4.725705579129084945e+05
2.137001935240357844e-06,4.565713183261645609e+05
2.304005599439863329e-06,4.705346651330871391e+05
2.680354242072636912e-06,4.121506953740810277e+05
2.355903590349018092e-06,4.784929732774265576e+05
2.157962109777539409e-06,5.255275315273855813e+05
2.041685617897792769e-06,5.841680870900250738e+05
3.879623081498679068e-06,3.814832223166976473e+05
3.952248668514847777e-06,3.968752053688403103e+05
2.656472034355315482e-07,4.688647510060435161e+06
8.463231654365652449e-07,1.069068931948600570e+06
1.118276233172886438e-06,8.261276856508427300e+05
1.609042701537364655e-06,6.791644164406920318e+05
2.355903590349018092e-06,4.784929732774265576e+05
5.556700096475112445e-07,2.054170083880549530e+06
2.085173376420888919e-06,5.710521392459874041e+05
1.753659254727307211e-06,7.032064344453066587e+05
1.930765515272360221e-06,6.479197611333427485e+05
3.028613385603963988e-06,4.629803949036036502e+05
4.013064808754658910e-06,3.493702830264827935e+05
3.134099152461199362e-06,5.044111600571527961e+05
3.807574193083305754e-06,4.121207185875003925e+05
2.285029416317530278e-07,2.755680996705178637e+06
2.656472034355315482e-07,4.688647510060435161e+06
5.978524968674903528e-07,1.552482106958529446e+06
8.121650359748826592e-07,1.159067821590398205e+06
7.278458475425889960e-07,1.525515748889059201e+07
6.998365338960215430e-07,1.510286359162217006e+06
5.556700096475112445e-07,2.054170083880549530e+06
5.413471659532058800e-07,2.541726445412479341e+06
1.429715035047570915e-06,9.796043489796740469e+05
1.031015769895321960e-06,1.434672521564549068e+06
1.471666907688714441e-07,6.498101501865234971e+07
2.510741086561913521e-07,1.994732481537167216e+06
1.686754663491585378e-07,3.551639845528800506e+06
3.039461772783078363e-07,3.009430782599390019e+06
2.918608040630309765e-07,3.293314237445116043e+06
3.297437379745148370e-07,3.083852232407244388e+06
4.710830062220875975e-07,2.451938651671239175e+06
5.764005518842305977e-07,2.260273022680004593e+06
5.581311245189647352e-07,2.452807980349509511e+06
1.022597465063123622e-06,1.532624346517502330e+06
9.336739264780348190e-07,1.779048956783796428e+06
1.139017098761162864e-07,3.434984929511550814e+06
2.451456910940183619e-07,1.981689888475886546e+06
6.566323803720999079e-07,1.063093609386917669e+06
2.245904444213491783e-07,3.796222045424928889e+06
2.918608040630309765e-07,3.293314237445116043e+06
3.945416858310212277e-07,2.374466848755954299e+06
3.297437379745148370e-07,3.083852232407244388e+06
9.893644466301622256e-07,1.311469492423187708e+06
7.560259619164431023e-08,2.123501830186334625e+07
1.643390415448155256e-06,1.011151723096343107e+06
2.762855931309664832e-07,8.249200192103426903e+06
4.669153559847720318e-07,1.745193966731793433e+07
1.363523136922115235e-06,5.983996057351288619e+05
1.916579594424105463e-06,4.779367449593177880e+05
2.846733989790891080e-08,2.274904003235260844e+08
2.082516793729170645e-06,4.492213186504423502e+05
1.847526618265503630e-06,5.264413502283903072e+05
2.132097626150386416e-06,5.198611710250641336e+05
1.815620831768683774e-06,6.540317957960832864e+05
1.891593024589008842e-06,6.252517454548040405e+05
3.257973091588218099e-06,4.811439482609596453e+05
5.789396783616855215e-07,4.663823259277069010e+06
8.219188927716140284e-07,1.014997360175428214e+06
1.644904879765012982e-06,5.217345798987115268e+05
1.004693326410543132e-06,8.889227766861520940e+05
1.897926712694255507e-06,4.909536624151611468e+05
2.023153414083899200e-06,4.828381175000687363e+05
2.252205649556651274e-06,4.523378826785467681e+05
1.984198692563961219e-06,5.680666830742142629e+05
1.615443413993264356e-06,8.133159110149012413e+05
3.262603553103895344e-06,4.537359082223284640e+05
6.173001759010013354e-07,3.011352755998398643e+06
6.884454802466633684e-07,9.110415355528345099e+05
8.608170595128407834e-07,1.762988610269658500e+06
4.124598333287170278e-07,1.576568701200529933e+06
8.705356629367405643e-07,8.924488817413580837e+05
1.280019228265171607e-06,7.040974312873815652e+05
1.387070699760966499e-06,6.808814338863360463e+05
1.395981805900038807e-06,7.060574784143965226e+05
1.480436745302583289e-06,6.591621957758008502e+05
1.296363237742569577e-06,8.788701370657712687e+05
1.361861407082563599e-06,8.697729656967468327e+05
2.407774709888937046e-06,6.148481931227361783e+05
5.348393428385026229e-07,2.179519239422415942e+07
6.774539924090501534e-07,1.148175540969331749e+06
7.231886907102058574e-07,1.211795567045811331e+06
7.998127709707315240e-07,1.096334619228116469e+06
7.971307797816824613e-07,1.194119093274410814e+06
1.169328539557721059e-06,8.740783681697587017e+05
1.329672453344914647e-06,8.427478229097796138e+05
1.296363237742569577e-06,8.788701370657712687e+05
1.361861407082563599e-06,8.697729656967468327e+05
1.698075364569651138e-06,7.105664735956490040e+05
1.921643773319001312e-06,6.588747326493568253e+05
2.407774709888937046e-06,6.148481931227361783e+05
2.775309499389796168e-07,2.075141996924980078e+06
2.727985248131864109e-07,2.278082324983144179e+06
4.189527075026233708e-07,1.908644280463515548e+06
3.538157793585146514e-07,5.796106462803033181e+06
5.850192398026732221e-07,1.674984118094802368e+06
5.614883430861892073e-07,1.831446942561572883e+06
6.120210582830016190e-07,1.727400608218179317e+06
6.368177445188841014e-07,1.782319393609295134e+06
6.264626628652100965e-07,1.893283340948059224e+06
7.009515468568446955e-07,1.825328184430649038e+06
8.751398273883851943e-07,1.452264615037481999e+06
1.144595278148419484e-06,1.293149935491134413e+06
2.775309499389796168e-07,2.075141996924980078e+06
2.727985248131864109e-07,2.278082324983144179e+06
2.719076706872920321e-07,3.396589065936595201e+07
4.249289751971661569e-07,2.155127667032022029e+06
3.931368341709961412e-07,2.291393779903524090e+06
3.565571621324398348e-07,2.570077379248363432e+06
4.602817570260744374e-07,2.036069269706206163e+06
5.614883430861892073e-07,1.831446942561572883e+06
3.512374139843989800e-07,3.162128418218497653e+06
6.853508129648233739e-07,1.763361553183712997e+06
5.143732258905967701e-07,2.589552751682640053e+06
2.420640389900538467e-07,2.017029080408518435e+06
2.949621810182772894e-07,1.883280378015119117e+06
3.200646672850558200e-07,2.241875320769340266e+06
3.652662296936471589e-07,2.478944279122240376e+06
4.249289751971661569e-07,2.155127667032022029e+06
3.969123102024553141e-07,2.337515550233149901e+06
4.602817570260744374e-07,2.036069269706206163e+06
3.193053577460039502e-07,3.252974734010792337e+06
3.481130228771389488e-07,3.032490453080948442e+06
3.210161855789302675e-07,3.475656867472822778e+06
2.420640389900538467e-07,2.017029080408518435e+06
2.949621810182772894e-07,1.883280378015119117e+06
1.238668076426690911e-07,5.618154815230623819e+06
2.719500327027787963e-07,3.304078490688899998e+06
4.897551426786983502e-07,1.916494235147926025e+06
4.623763712712372144e-07,2.063249135787559906e+06
3.749521655327154560e-07,2.456574041938364040e+06
3.444402905885978736e-07,2.780938009646495804e+06
5.352824240368787206e-07,1.911100586441383231e+06
5.325787016761596355e-07,2.005675294914109865e+06
2.717539142234154666e-07,1.504242618453426659e+07
3.756331815457268976e-07,2.734178208942942321e+06
3.539508697732528757e-07,3.186304109646190330e+07
6.139205435272719136e-07,1.291279562094424153e+06
5.285635270231119810e-07,1.576142861169839278e+06
1.140531000190308117e-06,7.982962547283844324e+05
1.120371242826597402e-06,8.762462970436086180e+05
7.747476607963504737e-07,1.238600608967086067e+06
8.838034138797845405e-07,1.468427373267607531e+06
1.528045346676260286e-06,9.676958754284121096e+05
5.796499728892515410e-07,6.758004141073161736e+05
8.328716047263594599e-07,7.603766078233339358e+05
1.105595281008076864e-06,8.583614433014211245e+05
1.156403567172754885e-06,8.127234894892874872e+05
1.082337631037164866e-06,9.030014546351225581e+05
1.417491417382884807e-06,1.094330041781830601e+06
1.092331078384668771e-06,9.319213781829979271e+05
1.136252203158227632e-06,1.011028986951658851e+06
9.704855827904052657e-07,1.211786048425908200e+06
1.482170020077938529e-06,8.868858827175128972e+05
2.939743292710332327e-06,5.029311145885305596e+05
1.132151557821967197e-06,4.913832299527445575e+05
8.328716047263594599e-07,7.603766078233339358e+05
1.190941313917243873e-06,6.095322528714687796e+05
2.365104815326898620e-06,3.590366517264572321e+05
2.395876698404027275e-06,3.783981232162864762e+05
2.045600116387249008e-06,4.627626093650296680e+05
1.354781608329594624e-06,7.500171916464968817e+05
2.079104592650879026e-06,4.902936861498485086e+05
1.518165261997728800e-06,7.444111251705532195e+05
2.728428696873769028e-06,4.874219260751273250e+05
7.734789421492910808e-07,1.786912068996250397e+06
7.531029278402018023e-07,1.523775290831423923e+07
8.227821760759389573e-07,1.052074353158778045e+06
8.067400680797400173e-07,1.097945492847724585e+06
1.020964653381075513e-06,9.220832176063011866e+05
1.723135977606060360e-06,5.732708454750126693e+05
1.468361587136179274e-06,7.480471132735672873e+05
1.755456761186734475e-06,6.230989839577137027e+05
1.155191684227083475e-06,1.001373922058002558e+06
1.503765374463658714e-06,7.697614419822660275e+05
1.729150997949422620e-06,6.895998835384106496e+05
2.518500155673853183e-06,5.345170889053599676e+05
2.656198220507451063e-06,5.017470448290888453e+05
3.359764820120691896e-06,4.410417193862606655e+05
9.566244905438042389e-07,7.629139344942662865e+05
8.520336721023819504e-07,7.415325393935024040e+05
1.053419368410952542e-06,7.241289798896703869e+05
9.592960623275086533e-07,2.458029560886455234e+06
1.138969365857058178e-06,8.068014054572541500e+05
1.299826862753484999e-06,6.901314058159871493e+05
1.162021050257498832e-06,8.388586601990452036e+05
1.089739466502288140e-06,9.727075725147806806e+05
6.684286811488540666e-07,1.619934815949836047e+06
9.825753804995137231e-07,1.142324012743805768e+06
1.362328792559062612e-06,9.371981353823404061e+05
8.992172224625678779e-07,1.226716757780738361e+07
8.520336721023819504e-07,7.415325393935024040e+05
9.167856903812064649e-07,8.446421602385861333e+05
1.710032264707372753e-06,5.713571898192082299e+05
1.558956258879592851e-06,6.346289058083092095e+05
1.087078722280573139e-06,9.827512155271862866e+05
1.024440223965020397e-06,1.043307142511958140e+06
1.336009214382552019e-06,8.418616610379185295e+05
1.172568834587547186e-06,9.415975571635144297e+05
1.051130723980090327e-06,1.058593278853412252e+06
2.151373826584154561e-06,6.182811399514640216e+05
8.332539818012577667e-07,1.746136907015614212e+06
2.096788348018450773e-07,1.869316357624880970e+06
3.279062741164032508e-07,2.243993010133542586e+06
4.222149785459455293e-07,1.934287751651503146e+06
4.102575228132880876e-07,1.863094110368834576e+06
8.316113247047038887e-07,1.268330785464957124e+06
1.272906602547562480e-06,9.277774850356940879e+05
1.165944525394016619e-06,1.023718686149735004e+06
1.168108080971829665e-06,1.244363312951124506e+06
1.101972202751661862e-06,1.349770314393731765e+06
2.166623880057073028e-06,7.235987538270780351e+05
1.890888717216983601e-06,8.362709492296935059e+05
2.271798373590483107e-06,7.320150861312908819e+05
5.626737495554072352e-08,1.063377472225327790e+07
1.326067510819700394e-07,6.817323622464576736e+06
2.590539056688414194e-07,3.467643786020031199e+06
2.533171304007571346e-07,3.804756638559616636e+06
3.290926387292105365e-07,3.044176400288965553e+06
2.516419097648411434e-07,3.920031408789654262e+06
2.045538108620621891e-07,5.156197171667963266e+06
3.108028104701428112e-07,3.519374173635829240e+06
3.128986409323028997e-07,3.567187125965651590e+06
2.867767962827676579e-07,4.776302373021842912e+06
1.547409582347373429e-07,9.219367904648754746e+06
5.723610709642139617e-07,2.450363100832290016e+06
2.220667423955515118e-07,3.551449265858431160e+07
4.599432676707327474e-08,1.712124377871939540e+07
1.326067510819700394e-07,6.817323622464576736e+06
3.554563678733799447e-07,2.408694730973679107e+06
3.108028104701428112e-07,3.519374173635829240e+06
3.284281492224847898e-07,3.131810367925747763e+06
2.516419097648411434e-07,3.920031408789654262e+06
3.598916704992844690e-07,2.935670289916784037e+06
2.271969072688511952e-07,4.969383882702510804e+06
3.128986409323028997e-07,3.567187125965651590e+06
2.562709174038004010e-07,5.083074583146527410e+06
4.470913457034885208e-07,3.135824857229507528e+06
1.184168641650676935e-07,8.507839979604916275e+07
1.800981194927841652e-07,3.350738893688911572e+06
3.772167614427087467e-07,2.206195569256630726e+06
2.886993236311831346e-07,3.060753604513403494e+06
3.120880665531097713e-07,2.775513197744045407e+06
3.384387793896585778e-07,2.748076747872065287e+06
3.269464624430804762e-07,2.092986322600459307e+07
2.975495394747394506e-07,3.469921994956771843e+06
3.221575700377874042e-07,3.173356821422480512e+06
4.545353595705122574e-07,2.272895899749458767e+06
7.126374313143337207e-07,2.199543470349130221e+06
2.077414094639641317e-07,3.099653770424983464e+06
4.880865647365723352e-07,1.945536931128883967e+06
5.472920897450100853e-07,1.770751884145828895e+06
5.560883286182923036e-07,1.859380114182725083e+06
4.688747941765210990e-07,2.413810021224027965e+06
1.113755529667821286e-06,1.032110797241132124e+06
4.482215815998968876e-07,2.535454101946525276e+06
1.649333455331175005e-07,7.169882925581222400e+06
8.907928468542207615e-07,1.576927532871214906e+06
6.885130140948025119e-07,2.084136275816543493e+06
9.707154660528593725e-07,1.539630667491391534e+06
1.165123618309602601e-06,1.346150899020297686e+06
2.161949009904758889e-06,7.247224564480906120e+05
7.413840825435679054e-07,6.568829167426786153e+05
6.825430911017024637e-07,1.106456070782530354e+06
9.987505672890455581e-07,8.167769981092496309e+05
2.057283013883428557e-06,4.169035090835336596e+05
1.347137219784701065e-06,7.144048532921449514e+05
2.156461275723692080e-06,4.362211957459512632e+05
2.065511925719336291e-06,4.584630481014174875e+05
1.676072354953074288e-06,5.767361711815507151e+05
1.465642686824582382e-06,8.517965860816420754e+05
1.594396164156578479e-06,8.166902795306764310e+05
2.832492674221075480e-06,5.221137226390134892e+05
3.205221696646937999e-07,1.928683956640440039e+06
1.003581707497929631e-06,9.606104958678134717e+05
1.738166122324826409e-06,5.473950323898900533e+05
1.204067678065151765e-06,8.059127584875666071e+05
1.920612655070113298e-06,5.070111671899198554e+05
1.768240995816188897e-06,6.689063523659507046e+05
1.683659043625408734e-06,7.342421911268271506e+05
1.575634159397640180e-06,7.928738883401432540e+05
1.376570482777274013e-06,9.549743948540213751e+05
1.269727702918405853e-06,1.074383917296267813e+06
2.817378319831662830e-06,5.251728286877457285e+05
3.012073889762023421e-06,5.204074138756397879e+05
2.150657523230455302e-07,7.621300790298622102e+06
3.205221696646937999e-07,1.928683956640440039e+06
3.867066179801517024e-07,1.270520314959004056e+06
5.696789923486252609e-07,1.416723066426977282e+06
1.041894015265706957e-06,8.875210252525040414e+05
5.892016131282352129e-07,1.545767795796736144e+06
7.032339485696369684e-07,1.293008816018763930e+06
6.114023310305346584e-07,1.487184428919367725e+06
1.168930123424878339e-06,8.684771044963517925e+05
1.546336529146582198e-06,7.014574069997380720e+05
4.294626839015131275e-07,1.687383295184930786e+06
5.300420100446919323e-07,1.541499413815979380e+06
5.733620481676890826e-07,1.525771337517869193e+06
7.217717185045921600e-07,1.209338090056341607e+06
6.065440225568756258e-07,1.442307226661115186e+06
5.935485223609707698e-07,1.596599830865070922e+06
1.099866886322705148e-06,1.006434451352186315e+07
1.062369538830920072e-06,1.099918482151096920e+06
1.435203960916499607e-06,9.188500144867380150e+05
1.601659044479108870e-06,8.777602089982689358e+05
2.779997686035707874e-06,5.364422228349522920e+05
2.664373090387558086e-06,5.916061592250433750e+05
2.880051438112021788e-06,5.781929263854465680e+05
7.103614414829575424e-07,1.038860126336505520e+06
2.268837155043601003e-06,3.750229904302039649e+05
1.383141482013373021e-06,6.137978687276871642e+05
2.353609680929366000e-06,3.710200689145177603e+05
1.569521952707180583e-06,5.803926199939390644e+05
1.615665426693953757e-06,6.129756388968561077e+05
1.918294737330556922e-06,5.291493079295967473e+05
1.339050044362723718e-06,8.133115577526851557e+05
1.534637592358912301e-06,7.488073864751942456e+05
1.745191681034362891e-06,6.769216395932623418e+05
2.634645044664670214e-06,5.056312581664884347e+05
3.029139627009624625e-06,4.885816123128289473e+05
5.322526605730323793e-07,9.243399274312838679e+05
1.445694345177210048e-07,3.799503506824579090e+07
1.136265026059484165e-06,8.334918160569786560e+05
1.211389935699589683e-06,8.048771271871419158e+05
1.615665426693953757e-06,6.129756388968561077e+05
1.402162192282624786e-06,7.434775755798858590e+05
1.356621384062476011e-06,7.969429774293138180e+05
1.172914534128198246e-06,9.739919004392139614e+05
1.644473179696377231e-06,7.267645866233522538e+05
2.627934647683742223e-06,5.343820186174989212e+05
2.279471873791882507e-06,6.496294886128975777e+05
3.212890195443627033e-06,4.888141923414681223e+05
1.449994835628813376e-07,7.187998070524021983e+06
1.861939692843659536e-07,2.370794368028497789e+06
3.784825594807654222e-07,2.171667247182345483e+06
1.555101821672428630e-07,3.955932984111411497e+06
4.239457511455229337e-07,2.400144283982277382e+06
5.864742146580231268e-07,1.853483702179648448e+06
8.960161327610695291e-07,1.529528058239449514e+06
6.628495690379182318e-07,2.336199334882974159e+06
1.574331886867949528e-06,1.123271446896875044e+06
1.389244381577249276e-06,1.356802252778863069e+06
3.050658001302293330e-07,7.415995777134397067e+06
1.861939692843659536e-07,2.370794368028497789e+06
2.977329379898836969e-07,3.287928605770564638e+06
3.249661081360669435e-07,3.046638932159271091e+07
4.515964904866158953e-07,1.388648274866886903e+06
1.619769494966502202e-07,4.044465218409984838e+06
5.956291050765452853e-07,1.677344460778772831e+06
7.185255534604117774e-07,1.477283445147719700e+06
6.661973913474009634e-07,1.610532464729515603e+06
1.218136665060862652e-07,1.078910245389972255e+07
1.279540748951100681e-06,1.231063034564251546e+06
7.388297158784550415e-07,6.776595502460136777e+05
3.985956360013607925e-07,1.367142388152883761e+07
4.515964904866158953e-07,1.388648274866886903e+06
1.190718351315085944e-06,6.971803878607302904e+05
1.846865765108048221e-06,6.122688772360740695e+05
1.857509155732529412e-06,6.089656860490300460e+05
1.621067184201049198e-06,7.335692537895217538e+05
1.551371720431877529e-06,8.068217387562753865e+05
1.489753571736200743e-06,8.410127977106082253e+05
5.203568877590592773e-07,2.343833020821465179e+06
3.288245132850423988e-06,4.264781282721128082e+05
2.907075731588816047e-06,5.388984697427061619e+05
6.898409580264703845e-07,6.409444503930796636e+05
1.488613245600345301e-06,5.748693657695886213e+05
2.352550498962405544e-06,3.588248676727385609e+05
2.166365373214042459e-06,3.892648725278681377e+05
2.083731893594069968e-06,4.076958385042122100e+05
2.306510127097505201e-06,3.799689715811614878e+05
2.021756135326038309e-06,4.694918264927419368e+05
2.007001687149135282e-06,4.717592439740447444e+05
1.663147899796203362e-06,5.629918455146086635e+05
9.867821194240256030e-07,1.231954352644545492e+06
2.142626888065937389e-07,4.463843575045828521e+07
3.642640705775664097e-07,2.682049648753992748e+06
2.925599192582548841e-07,2.532404628780569881e+06
3.561222389890470278e-07,2.248230848781480920e+06
8.270021925932013045e-07,1.204942488370195264e+06
1.164772263530210355e-06,9.429423175388150848e+05
1.253775044205779736e-06,1.037900238675627741e+06
1.234066574610381311e-06,1.128171640449313913e+06
2.281974240818247876e-06,6.140141032344503328e+05
2.986011161356052858e-06,5.258224321554969065e+05
2.645215028780201606e-06,6.711625840140659129e+05
1.649086658350260834e-07,3.228869284471859690e+06
1.484303945599686502e-07,3.563348531625885516e+06
2.010750837492644098e-07,3.574886140392289963e+06
2.767460950138579446e-07,3.371968594595877919e+06
2.472349499051885654e-07,3.836790933198142331e+06
1.243958617008951433e-07,7.596561995304652490e+06
1.524427489852240132e-07,6.212650906222621910e+06
2.818537948050412866e-07,3.669413679026371799e+06
2.122058307539319097e-07,5.173933302927994169e+06
4.383841164059348627e-07,3.387813479117830750e+06
4.103177748038136695e-08,3.652722720110996068e+07
1.484303945599686502e-07,3.563348531625885516e+06
1.282845928653944139e-07,7.069237260624122806e+06
1.492236513799201027e-07,6.640331645401237532e+06
2.119728561979169198e-07,4.658903284019257873e+06
3.405698743284965338e-07,3.244460021533026360e+06
1.160134680432746468e-07,9.509590915991871059e+07
1.370771980856060539e-07,8.692671669859634712e+06
3.108142832748075981e-07,3.723927119935141876e+06
2.009264178191329650e-07,5.916392476079997607e+06
2.936344879415299947e-07,3.971382136116553564e+06
2.444735560792272797e-07,4.966420000961551443e+06
2.240004332238488411e-07,5.485593389134171419e+06
4.018846167539866544e-07,3.177686602941633202e+06
2.528955527094052933e-07,2.337813941292522475e+06
2.584786226287377865e-07,3.365909627825839911e+06
2.826074149828494959e-07,3.289463336408047471e+06
2.757200029360334955e-07,3.580436194436605554e+06
2.095006342128478258e-07,4.731922329754504375e+06
3.617428229299815883e-07,2.772800317944275215e+06
3.052712153269376645e-07,3.471217048894505017e+06
2.195816951953415662e-07,5.215360604413387366e+06
2.936344879415299947e-07,3.971382136116553564e+06
3.108142832748075981e-07,3.723927119935141876e+06
3.681123094448490946e-07,3.447390660049751401e+06
5.686065450240753974e-07,2.602752787545118481e+06
1.010995308758413991e-07,1.946891831105177477e+07
2.603983450844189110e-07,2.850484163055790588e+06
3.952406023613046540e-07,2.007895405840423889e+06
3.391120136591234726e-07,2.418399319994203281e+06
3.506198273758069790e-07,2.558993012968863361e+06
6.352995719570047270e-07,1.516286548055212712e+06
2.674323314117399017e-07,3.793488710087275133e+06
7.062138196820071644e-07,1.448979226422207896e+06
4.528280289086749816e-07,2.268566167398504913e+06
5.890437233348742554e-07,2.000453058422770118e+06
4.491833566908354665e-07,2.679241554225360509e+06
6.897768734855752018e-07,1.930088782830165001e+06
9.567354027341628155e-07,1.548058977096393472e+06
6.211416070464729074e-07,1.432515467604843201e+06
7.086845378693893338e-07,1.322074315032152459e+06
7.970168270620741779e-07,1.237643261525098700e+06
8.018933065746058343e-07,1.228414581218054984e+06
4.528280289086749816e-07,2.268566167398504913e+06
7.062138196820071644e-07,1.448979226422207896e+06
7.240511105037011436e-07,1.467708121693035122e+06
7.261005590569443704e-07,1.450293622967204079e+06
6.597500629952280598e-07,1.617863809264741139e+06
6.270263716731859349e-07,1.781857671001700684e+06
6.679196297152022669e-07,1.658067109583803220e+06
6.773496793215976187e-07,1.698835103843317134e+06
4.666981973119277587e-07,3.295555456527935807e+06
1.204791277312924468e-07,2.149052935129190236e+07
2.647522264641764505e-07,3.322213971668690443e+06
7.280427250064637463e-07,1.253992391214387957e+06
4.728261424904429957e-07,1.945364465243981918e+06
7.970168270620741779e-07,1.237643261525098700e+06
8.018933065746058343e-07,1.228414581218054984e+06
7.436121847766499167e-07,1.316870785952008329e+06
6.829419223867389219e-07,1.493608631193525158e+06
7.035435393462085030e-07,1.570776551131006097e+06
6.418386473819891457e-07,1.815667942125366069e+06
7.425480178199218530e-07,1.631256104110037209e+06
1.598755928698125987e-07,4.577919740037053078e+07
4.416841256163374391e-07,1.604630627570518991e+06
4.935824881399676705e-07,1.552261884353315691e+06
2.739860870988019203e-07,3.274571268777735066e+06
6.021303905963530612e-07,1.407414643846634077e+06
4.728261424904429957e-07,1.945364465243981918e+06
1.038306726483987340e-06,9.673779263285073685e+05
5.978538260717246641e-07,1.901189620572997024e+06
1.476592416059475045e-06,7.784146917085861787e+05
1.047919275288014806e-06,1.267005534716509748e+06
4.480099635933379745e-07,1.287830515899882419e+06
4.823586794010463424e-07,1.642748443479192676e+06
6.103715234455822622e-07,1.336864950885516359e+06
1.080876388160518039e-06,8.898609627813923871e+05
1.250921499909614195e-06,8.105304449111700524e+05
1.389575962923592493e-06,8.110577206346597522e+05
1.104973880873487818e-06,1.063422159805970266e+06
1.251703866703901809e-06,9.484659508801619522e+05
1.287917068757214910e-06,9.201425782265205635e+05
1.268197065256356038e-06,9.790179726917657536e+05
2.294939111238858142e-06,6.446737295871138340e+05
2.345876156488358717e-06,6.312141504278840730e+05
1.803061675687583165e-06,8.215795102678957628e+05
4.810687187197451380e-07,1.086093898081123596e+06
5.697097570674952407e-07,1.014502510394086246e+06
7.195486137385124681e-07,1.386748487293989630e+06
1.352517275411239001e-06,8.353554300078133820e+05
9.100397473447079429e-07,1.258370792309377575e+06
1.104973880873487818e-06,1.063422159805970266e+06
1.251703866703901809e-06,9.484659508801619522e+05
1.324516542109826988e-06,8.927418368307173951e+05
1.268197065256356038e-06,9.790179726917657536e+05
1.789312701490895275e-07,7.770881105694487691e+06
2.348755432580547458e-06,6.303912829439627239e+05
2.294939111238858142e-06,6.446737295871138340e+05
1.803061675687583165e-06,8.215795102678957628e+05
2.230923815298168081e-07,1.026802264732550271e+07
5.778488841856318011e-07,1.030461991580118309e+06
5.132719596285049604e-07,1.255659947607793612e+06
8.219551672656341124e-07,1.031393435503776418e+06
1.240364717317256649e-06,7.285915087673024973e+05
8.078800744990274052e-07,1.127114897316741990e+06
2.219881896034829299e-07,4.671138011850757524e+06
8.605409624150214716e-07,1.250808161994112190e+06
1.121598281650869007e-06,9.955974391271366039e+05
9.100397473447079429e-07,1.258370792309377575e+06
6.935488938720872498e-07,1.804361186321682995e+06
1.393263237553993865e-06,1.063468687795324018e+06
6.058034706620438891e-07,2.873718813966601156e+06
3.590309256453805810e-07,1.337089419299958274e+06
5.204225407278409589e-07,1.194672632138591958e+06
8.912705862037060978e-07,8.763219960070443340e+05
1.059701651056873127e-06,8.505363837448306149e+05
9.446089541755607108e-07,9.685915781582706841e+05
1.035476990824592125e-06,9.552705580391351832e+05
6.913900711578084239e-07,1.436317399351410102e+06
1.117819294977078147e-06,9.080163357091352809e+05
8.453779651405346178e-07,1.484553724937174935e+06
9.710808193265315094e-07,1.338669406633252976e+06
1.660495399295165742e-06,9.435615911720601143e+05
8.766853745744184092e-08,4.754020275231249630e+06
1.975438024394896969e-07,1.945243324235867243e+06
1.887308466801925979e-07,4.405219148748851381e+06
4.252613925646716072e-07,2.213751091027101036e+06
5.445246981252454185e-07,2.301474666569812223e+06
6.491276705803316618e-07,1.992250856829168973e+06
6.665972611832833355e-07,2.201833819333234802e+06
9.438586340461770109e-07,1.882956548662710935e+06
1.416880188574595030e-06,1.250825601586291101e+06
1.386337697486142300e-06,1.279113997751644347e+06
5.547872246106322145e-08,1.550065647808936536e+08
1.010256426093446952e-07,7.497811632166440599e+06
2.529424629081755684e-07,3.622581743788626976e+06
2.692242462988521446e-07,3.630451602809886914e+06
2.333519213981354907e-07,4.363388917284377851e+06
2.355221302927688696e-07,4.575008666676751338e+06
1.625677924602487623e-07,6.387136601856590249e+06
4.799182325563852424e-08,2.387173246729364395e+08
2.556106509491274423e-07,4.337445536752793938e+06
8.990115217766017208e-08,1.376595528680324927e+07
2.699711778086651699e-07,4.500939618577606976e+06
8.470587559016365552e-08,5.974641610034719110e+06
2.138764303518746125e-07,3.691425916970242281e+06
2.118090054840535272e-07,3.687129097700990271e+06
2.748085129536266034e-07,2.957110662477218546e+06
1.933109871444364110e-07,4.694977988611912355e+06
2.404207487738865089e-07,4.049534230238554534e+06
1.989336036787689943e-07,4.794145445045799017e+06
1.306608077608837102e-07,8.284098787920978852e+06
2.357821740399230806e-07,5.075913599756248295e+06
2.183101791791669649e-07,5.762861610859790817e+06
4.317454072331302014e-07,3.627236174535195809e+06
2.325426100238158744e-07,2.366619307813051622e+06
3.090813133107474409e-07,1.968912504117499106e+06
2.071781910316776115e-07,3.692046602989573497e+06
2.118090054840535272e-07,3.687129097700990271e+06
2.070428928881230335e-07,3.574072120242887642e+06
2.948509707407698000e-07,3.216285199991586618e+06
2.903643145666410000e-07,3.292525508014744613e+06
5.287926657342214909e-07,2.108158904362372123e+06
5.525891889407752146e-07,2.095218380978234578e+06
5.036101396008589899e-07,2.747381869129187427e+06
9.673150035750798252e-07,1.717009845893725753e+06
2.261428611315136317e-07,2.350387125995985698e+06
3.090813133107474409e-07,1.968912504117499106e+06
4.453578242330546636e-07,2.476293738374418393e+07
6.052565057736454129e-07,1.461079578115752432e+06
3.262366808517111786e-07,2.900843397468624637e+06
1.545645032581072230e-07,1.443362257511490025e+07
4.179006416732586845e-07,2.621358415060816798e+06
3.273298509874213447e-07,3.258424855348972138e+06
5.871050376238399945e-07,1.929222781938145170e+06
4.972060679496543409e-07,2.475101548288146965e+06
9.624105054935381253e-07,1.537257220238922164e+06
8.088316106679032543e-07,1.831371859880171716e+06
4.631770206683648850e-07,9.659533420175240608e+05
3.471311972608116749e-07,1.338268286628497997e+06
5.140064862715977196e-07,1.728467629664679291e+06
6.293729702508648520e-07,1.422412986313975416e+06
1.149845321480228463e-06,9.054613160920266528e+05
1.026981319207464384e-06,1.062470421837544069e+06
5.574596728377794216e-07,2.133695050638352521e+06
1.052722505145900684e-06,1.238453681724689202e+06
8.741007036046340689e-07,1.503180830479649594e+06
1.995599257241360087e-06,7.026002238506452413e+05
1.793809876312752219e-06,8.251123472608821467e+05
1.995582870936280588e-07,1.165732962851168215e+07
8.490137169417295734e-07,7.975936051205005497e+05
1.032892447700195460e-06,6.937003798720252234e+05
6.674257098923623789e-07,1.140019657655939460e+06
1.369093948019811903e-06,6.207460796182802878e+05
9.239520887340855661e-07,9.156814499944432173e+05
8.898160048747513261e-07,9.912348015249200398e+05
1.449283204139519767e-06,6.237556632881389232e+05
6.011541076991195296e-07,1.697639955036209431e+06
9.857026403347567248e-07,1.204184192642885726e+06
9.228549262993637414e-07,1.300438134857474826e+06
1.805727421877147058e-06,8.192123956862284103e+05
3.669782502429507273e-07,1.136495004732503090e+06
3.781296465840683376e-07,2.677571590877466369e+06
6.785011138190756272e-07,1.347731987982671242e+06
3.785387084066405848e-07,2.831971018138959538e+06
7.372520082153840596e-07,1.478459585147791076e+06
5.790957903209080328e-07,1.844736711556877010e+06
1.088624828174146699e-06,1.009543331998922396e+06
6.836422050013179872e-07,1.739852716457649833e+06
1.212004568470369096e-06,1.051564961037397850e+06
8.902984208072525320e-07,1.495816426083090948e+06
1.304866157385792531e-06,1.074783587776965462e+06
3.768626532924474322e-07,1.859238165915993508e+06
3.669782502429507273e-07,1.136495004732503090e+06
6.133913953267690521e-07,1.095666196193091571e+06
1.063882394776977152e-06,7.962923171078364830e+05
1.148303049853805004e-06,7.831943694659442408e+05
2.466469431358948194e-06,5.127637810018587043e+05
9.398973280200897562e-07,1.488269248795076739e+06
1.158111631150777502e-06,1.254376335467095021e+06
2.161737089023213952e-06,7.724726357729012379e+05
2.299023296644392326e-06,7.243304388602937106e+05
8.353018657597190549e-07,2.100279069991405588e+06
4.372726225364932841e-07,1.395397589676821372e+06
1.827887337245963141e-07,4.279666745723327622e+06
1.063882394776977152e-06,7.962923171078364830e+05
1.577854173323267220e-06,5.626013832329406869e+05
1.039148617892507390e-06,8.679916986599500524e+05
1.805838306449819783e-06,4.987958958670193097e+05
1.148303049853805004e-06,7.831943694659442408e+05
1.320186790183733325e-06,7.621330212814036058e+05
1.367617757397862363e-06,8.715505560377537040e+05
1.450766766441689230e-06,8.174538645841772668e+05
2.551011016445729864e-06,6.143132848163952585e+05
2.102405173422956271e-07,1.085658719959766045e+07
2.218441814740862258e-07,3.644616265822011232e+07
2.127367996165614430e-07,3.308011013698432129e+06
4.484468707427796527e-07,1.592354546064851806e+06
6.053167670349247517e-07,1.259678748741528019e+06
7.126802494332739786e-07,1.336290321712894132e+06
7.351756880097242274e-07,1.333924284414608497e+06
7.823102386563752392e-07,1.394008202182989568e+07
6.732246950327133391e-07,1.904536959539817180e+06
1.539574621148635431e-06,1.083406721463290509e+06
2.119760386893104440e-06,7.897149282480509719e+05
1.586407428636115619e-06,1.051221311505858786e+06
2.407416996006477845e-07,1.684427706091015413e+07
1.321411545116517552e-07,4.131891095520686358e+06
4.612723833411888043e-07,2.000421877950246213e+06
7.126802494332739786e-07,1.336290321712894132e+06
4.815687499806999396e-07,1.886062378877568990e+06
5.572452488796730021e-07,1.667459807685542153e+06
6.460066596129141551e-07,1.522158906410238938e+06
6.626073138878862687e-07,1.534106429934077663e+06
7.690634123029081089e-07,1.324156547449134057e+06
1.376390041072038453e-07,7.408522522554819472e+06
1.143648800162416782e-07,4.237311786691647954e+06
2.047029923999801817e-07,3.164483537115400191e+06
1.362457172768901143e-07,5.892033008605080657e+06
2.384714000091383607e-07,3.973282608574728481e+06
2.048745729979893549e-07,4.181267232761490624e+06
2.602635603413998843e-07,3.384804962601738051e+06
3.476110228564790342e-07,3.143520423650939949e+06
4.418689006785487293e-07,2.483373653962431010e+06
5.467380646857314068e-07,2.166189921444354579e+06
4.943481861302313822e-07,3.085315832797615323e+06
9.240383663718778608e-07,1.695748186085451394e+06
9.615754863268433284e-08,1.216251314067652822e+08
2.173966855460611174e-07,3.036842527278774884e+06
2.602635603413998843e-07,3.384804962601738051e+06
2.679283075161922449e-07,3.521813008842584211e+06
4.853287812051531176e-07,2.116460227668694220e+06
2.795764110983461601e-07,3.896016396566931158e+06
3.661012147499701572e-07,2.972982986632144079e+06
3.984372824825374119e-07,2.929457718814879656e+06
4.114286358147897353e-07,2.961395478779304773e+06
3.927135822982688328e-07,3.502680727290137671e+06
3.531170015979123006e-07,3.918367395720149856e+06
7.020854291731771543e-07,2.230162261361785699e+06
4.360276094225748141e-07,1.316581545262486674e+06
3.729237521305494676e-07,1.584806149602043908e+06
3.165085699537161286e-07,1.809251800823106430e+06
2.659282903198035796e-07,2.928630955667467788e+06
4.964714919886855031e-07,1.988794147146869916e+06
5.024473740259375842e-07,1.954747107567538507e+06
7.601280141275494109e-07,1.378842217716627987e+06
4.812061412636949981e-07,2.135918054015056696e+06
5.020218299577421739e-07,2.113297994729576167e+06
1.004213178639138244e-06,1.088272450069790706e+06
4.772259197120349126e-07,4.216750554056189023e+06
4.148556964142598874e-07,2.331837621371409670e+07
3.906183493940031256e-07,2.443219204663984850e+07
1.101262001934400434e-06,7.563265341470496496e+05
1.793256143425996470e-06,5.090186594142927788e+05
1.770663912765950511e-06,5.338771486454437254e+05
1.279274612883277058e-06,7.476922420213925652e+05
1.367915362600799933e-06,6.825254991375962272e+05
1.170993662523272366e-06,1.022273110975850374e+06
1.352765579383442246e-06,9.129436826083888300e+05
2.251180125798752435e-06,6.962643784313345095e+05
3.813139032188573138e-07,9.345936274594927672e+05
2.987782981388464872e-07,2.046790890276916092e+06
6.098317596159000794e-07,1.118559921539895236e+06
1.595268770045740416e-06,6.398661996756250737e+05
8.302672055897004816e-07,1.399719612631540047e+06
1.141866936260626052e-06,1.028094964181757183e+06
1.433680846062245602e-06,8.285599034053009236e+05
1.402220225088272574e-06,8.492846572484653443e+05
2.005067459287776785e-06,6.031082708039705176e+05
1.829537090014800513e-06,8.093448864054180449e+05
2.562175871554789258e-06,6.115632364759024931e+05
2.439679509237267598e-07,2.898974397825131658e+06
2.039188028573745686e-07,3.120451970587989781e+06
4.686846793928219762e-07,2.132227538013020065e+06
4.035410060926922138e-07,2.353547311205339152e+06
3.719563794726112947e-07,2.591235689727778547e+06
2.280182285514747273e-07,4.637358812485768460e+06
3.653585735297608707e-07,3.052220138631892856e+06
2.477564710961860437e-07,4.564349504803640768e+06
3.524641341867703233e-07,3.342417635123877786e+06
6.560167752031176752e-07,1.855465816606336739e+06
5.407192598073933398e-07,2.342899629315070808e+06
5.760595811431737674e-07,2.437479459742449224e+06
2.323428491293011804e-07,2.774956822412576526e+06
1.999165984412077894e-07,3.641769585932681803e+06
3.976612862064542571e-07,2.217665492651638575e+06
1.788136007864694369e-07,5.256758796564226039e+06
2.367207376231438667e-07,4.753006980388785154e+07
4.035410060926922138e-07,2.353547311205339152e+06
3.719563794726112947e-07,2.591235689727778547e+06
2.595501643153292210e-07,4.174336839688580483e+06
5.846953033003851962e-07,2.061395294176585972e+06
3.963831779798147751e-07,3.075225433258790988e+06
5.432812816713581218e-07,2.451503188452606555e+06
6.226934227334625033e-07,2.270559198332195636e+06
2.184670781329456180e-07,2.317348694559751544e+06
2.335602852563416405e-07,3.054978823299444746e+06
2.270602468783880575e-07,4.048544315422988497e+06
1.746365890545976745e-07,5.619687188539571129e+06
3.717966127067206948e-07,2.710935749048747588e+06
3.452355384352198221e-07,3.003693729430905078e+06
3.898708589367787601e-07,2.793183528100077063e+06
4.759958451714830805e-07,2.206379207812434528e+06
3.391837444202587050e-07,3.339756311569161713e+06
4.487405866724926913e-07,2.613572047973399982e+06
6.091415731029199581e-07,2.303556665423915256e+06
7.299824565414410271e-07,2.029717683570353547e+06
2.390942908838969890e-07,2.049168037123608170e+06
2.184670781329456180e-07,2.317348694559751544e+06
2.366887364428484964e-07,2.597758675475046504e+06
2.962020597491804420e-07,2.185846958139914088e+06
5.640124186295952114e-07,1.525700064963639481e+06
6.426196016891900003e-07,1.629724203527697129e+06
6.670880475218788986e-07,1.435055084554884583e+06
3.717966127067206948e-07,2.710935749048747588e+06
4.759958451714830805e-07,2.206379207812434528e+06
2.397897500291582604e-07,1.178004236006112583e+07
2.912341791720620509e-07,1.992043213336511282e+06
6.670880475218788986e-07,1.435055084554884583e+06
4.397007207198937430e-07,2.285646516093890183e+06
3.540711372045173114e-07,2.953607841282667592e+06
7.370277344347847797e-07,1.437356738177275285e+06
5.208636234218239233e-07,2.292652874635951594e+06
7.091242395359432206e-07,1.667690766180687584e+06
5.603639976760579870e-07,2.210307789659857750e+06
5.602009204128272378e-07,2.357023725321774837e+06
1.192163280236918281e-06,1.241327625937892823e+06
9.838822421240657360e-07,1.503974324079117971e+06
1.299453951891140750e-07,8.898320488959575072e+06
4.125125566752059480e-07,1.129283224984648637e+06
4.117838946395153702e-07,2.267038126530113164e+06
6.708444695010650421e-07,1.364340226803708356e+06
7.099986887382417133e-07,1.323739136609082809e+06
7.934403454650362524e-07,1.200683645022210432e+06
6.963431742523652342e-07,1.413722220205705147e+06
9.956112929889729393e-07,1.107437289749892661e+06
1.043591587935663010e-06,1.135198834815360373e+06
1.683390435583424202e-06,8.787737068709094310e+05
1.277500863989487165e-07,9.070045907603334635e+06
5.853134649726704431e-07,7.789615660945249256e+05
1.421800086754325807e-06,6.900301008072195109e+05
1.201381623404991849e-06,7.877099902575900778e+05
1.322965215812715196e-06,8.075650164082787232e+05
1.141970825279596235e-06,9.425817396425862098e+05
1.215020073912407251e-06,9.299974773376585217e+05
1.124616068162872629e-06,1.008284215118986089e+06
9.605408810912679225e-07,1.300020907778691035e+06
2.068632563539741300e-06,7.160114710845964728e+05
1.920216739838455575e-06,8.180774405818898231e+05
4.868154238973225451e-07,1.763981709780356288e+07
7.878517573714006786e-07,1.066664343443541555e+06
1.033468130136121525e-06,9.226545965980135370e+05
1.127389442092730864e-06,8.643631004126657499e+05
1.215020073912407251e-06,9.299974773376585217e+05
1.098668478271810082e-06,1.081687177960833302e+06
1.217625688149514028e-06,9.650057607172788121e+05
1.183488559931891546e-06,9.975508007876003394e+05
1.017294002248087305e-06,1.168275472001856891e+06
1.125812558373606866e-06,1.103237814289164497e+06
1.969552084942925117e-06,7.518923630661484785e+05
2.068632563539741300e-06,7.160114710845964728e+05
2.024503140657271532e-06,7.309742825880334713e+05
6.776233339239760662e-07,2.575294041452301200e+06
3.090166701593726778e-07,1.556667565478106961e+06
3.740944809138160246e-07,1.314125483762222109e+06
4.503542630541207582e-07,1.276026799148292746e+06
4.266585529100178129e-07,1.335068756614372600e+06
5.863762937021653125e-07,1.769138243614823325e+06
7.228062632713093597e-07,1.448691301856027916e+06
8.207493796571059371e-07,1.458806640488961712e+06
8.637143638853071839e-07,1.510657609278396936e+06
9.318867917907402706e-07,1.563156548921504524e+06
1.563790514214271662e-06,1.001769474144084030e+06
1.898991409453312567e-06,8.773721746910925722e+05
3.740944809138160246e-07,1.314125483762222109e+06
3.335512878649324233e-07,1.578061354593988508e+06
3.220660388089029112e-07,1.793628486384694232e+06
4.266585529100178129e-07,1.335068756614372600e+06
2.122980358153104855e-07,2.985142510656819213e+06
9.117805954239968640e-07,1.094173824261783855e+06
1.205178333840336501e-06,9.101314353186753578e+05
1.268860137236962300e-06,1.044200861478397972e+06
3.491846916317896766e-07,4.138023186401017476e+06
2.630202203843914044e-06,6.324712093021253822e+05
4.999276142601408425e-07,1.788167695396583155e+07
1.296816585594392600e-06,8.777442115037346259e+06
9.026800750395350390e-07,2.214858857354409993e+06
2.266905510084571614e-07,3.367558835921243299e+06
1.310535599341646350e-06,6.949349506122183520e+05
1.843879659330060627e-06,5.371644600094205234e+05
1.425516721472666129e-06,7.569755168517777929e+05
1.524094018734968425e-06,7.479391028174844105e+05
2.788096268961760648e-06,4.776857898639374180e+05
2.717346939601785070e-06,5.153937634805168491e+05
2.392419286958578328e-06,5.859743034072552109e+05
6.431635893510586210e-07,4.901477284234701656e+06
7.392162634048883872e-07,8.575432690300572431e+05
7.662342478905883344e-07,8.548865164585162420e+05
9.675586491476963799e-07,7.472615615639929892e+05
1.254029289173881704e-06,8.761076972127450863e+05
1.717479099099588163e-06,6.277961208139846567e+05
1.627665543528058281e-06,6.962727066733087413e+05
1.627733738350652249e-06,6.950565913797810208e+05
1.294248627922680753e-06,9.159418557363162981e+05
2.413168212748245110e-06,5.805722002497061621e+05
2.852039382320999542e-06,5.193498864065804519e+05
4.743696469796150622e-07,1.124340856363520725e+06
5.719111920674420603e-07,1.574477127691656351e+06
4.852246668134863513e-07,2.021341689112826949e+06
6.508451212335618884e-07,1.461599738321969053e+06
6.905886851545279656e-07,1.422061630945138168e+06
6.959498614892411550e-07,1.422147362503428245e+06
6.084918765039123349e-07,1.786154883277137065e+06
6.081669234149525810e-07,1.873343066787095973e+06
1.096302335065336406e-06,1.158383528187486110e+06
1.167125231133164122e-06,1.089954939693741035e+06
1.064806893851509168e-06,1.252406045087044360e+06
1.127280376269763643e-06,1.244111093787524384e+06
2.014616004452573601e-07,8.555425175994481891e+06
1.434252453554841547e-07,3.544725148535912856e+06
1.897082469311634222e-07,2.864754207462416030e+06
1.014323703263755027e-07,5.951707782294579782e+06
2.872422692833091698e-07,2.179948527000113390e+06
6.960726784649845452e-07,1.428704094556674827e+06
4.390723640260656119e-07,2.423823859942613170e+06
4.490951546587798897e-07,2.581701424828669056e+06
5.598256614507493646e-07,2.218227923732390627e+06
4.890340037362212328e-07,2.568575895900265314e+06
1.097096744732706255e-06,1.154963136596556054e+06
9.669210701993132009e-07,1.619810731862540590e+06
1.434252453554841547e-07,3.544725148535912856e+06
1.897082469311634222e-07,2.864754207462416030e+06
1.014323703263755027e-07,5.951707782294579782e+06
4.262644876738605330e-07,2.050732598046848550e+06
4.243971478123132146e-07,2.221812723872855771e+06
3.075702684056737908e-07,3.236822685131311417e+06
3.723292059941391982e-07,2.704856449445665814e+06
2.993150328237006181e-07,3.333407330660152249e+06
2.743767494354582206e-07,4.795722697724389844e+06
6.379227575943314997e-07,2.322372155679177027e+06
5.865252028065231310e-07,2.687774968027021270e+06
3.597250240847253783e-07,1.307213406006607227e+06
5.149516456772829657e-07,1.611038025102516636e+06
4.270428687370249853e-07,1.991930658319334965e+06
4.139789888307072741e-07,2.198585838363455143e+06
4.367948612623270435e-07,2.070691582183591323e+06
8.106796111777137284e-07,1.326563552631452447e+06
4.314088839258608983e-07,2.529573287754434161e+06
7.481355063504400076e-07,1.491758125211341307e+06
5.384621651544372780e-07,2.220501270798507612e+06
5.074231152095763830e-07,2.423875815094917081e+06
8.535490549145203233e-07,1.641791975340333767e+06
1.092961823901763197e-06,1.437484442057800945e+06
6.995541907906923320e-07,1.537977809098521015e+06
7.320977084112317380e-07,1.210837630403272109e+06
8.972780117869953939e-07,9.723106540360093350e+05
5.705760274966924493e-07,1.550277456753518200e+06
6.469656087606173542e-07,1.386336871769801481e+06
8.508964802822720544e-07,1.093720182278986089e+06
7.760069656231865184e-07,1.451445095326769399e+06
8.700134486133825157e-07,1.304797212910381844e+06
7.322500080981354224e-07,1.618612550815229304e+06
7.881989720861185878e-07,1.587854293308780529e+06
2.766899105951494519e-07,5.317319140293807723e+06
1.326739051762981053e-06,1.116310171630891971e+06
1.483036548730744901e-06,1.057130974738985533e+06
4.728542914505060704e-07,1.195840638807070255e+07
5.423660299449702849e-07,1.099305683505818713e+06
1.036278153174453830e-06,7.216462879022381967e+05
8.725361230637036223e-07,1.041167624128335970e+06
8.403994968090785716e-07,1.088740621774969855e+06
1.058390124787679724e-06,8.597022158232526854e+05
1.207227903650826614e-06,7.469519082671349170e+05
1.020919942600917533e-06,9.306120514367229771e+05
1.476588595141172018e-06,8.028743696901408257e+05
1.481296819670233995e-06,9.205784546249367995e+05
2.536085823166578011e-06,6.180826706157126464e+05
5.821682895570170899e-07,9.867539056335106492e+06
4.226909975392803593e-07,1.933792313983725756e+07
5.923130225881742176e-07,1.283707381626400864e+06
1.224520970093657420e-06,6.755402886706840945e+05
1.066162066261982727e-06,1.001491261846713140e+06
1.517014577031683992e-06,7.755056049590691691e+05
1.407764780873161613e-06,8.435155036701231729e+05
1.641323814022165635e-06,7.726997220341755310e+05
1.316222918424252241e-06,9.974239746145459358e+05
1.202318492752388521e-06,1.095340127544710878e+06
2.580197413864401062e-06,4.896536923313382431e+05
2.560553006197691231e-06,5.776694815113857621e+05
4.758065904043934229e-07,1.868260522618713975e+07
6.926507726431891676e-07,1.042124885550511535e+06
1.212133965387255707e-06,7.410587285707045812e+05
1.275354249903269638e-06,7.067208729320233688e+05
7.250979322961149532e-07,1.324207240663820179e+06
1.371314104180988733e-06,7.997491139902801951e+05
7.736203915963116751e-07,1.486832823996822815e+06
9.555421182418214467e-07,1.179735264197251527e+06
1.423861308493915578e-06,7.981588454134045169e+05
1.480060714081859834e-06,7.833464415576516185e+05
1.620143537498166142e-06,8.655569275995041244e+05
2.556517079932405203e-06,5.791690243736462435e+05
6.926507726431891676e-07,1.042124885550511535e+06
6.848202271157035260e-07,1.157008343785563018e+06
1.077806547692208039e-06,7.683440432364700828e+05
9.873477746019394463e-07,8.579765186938142870e+05
9.731671257146731686e-07,9.017157461991229793e+05
7.204917434764476002e-07,1.243408042257282883e+06
8.082105063142476797e-07,1.119207719586139312e+06
1.149520380831088599e-06,7.861624664208127651e+05
8.354701251015392720e-07,1.374439508583582472e+06
1.081899135502602781e-06,1.037194301392118097e+06
1.701323650670494707e-06,8.708596146857262356e+05
1.123642302733512593e-06,7.622846114690913819e+05
7.571828523859562572e-07,1.124996352050719783e+06
9.873477746019394463e-07,8.579765186938142870e+05
7.543600936559886957e-07,1.130992763900113292e+06
9.731671257146731686e-07,9.017157461991229793e+05
8.545882489229856260e-07,1.008830943740847171e+06
8.082105063142476797e-07,1.119207719586139312e+06
2.023545533255926856e-06,5.076435920451103011e+05
2.747534727438740866e-06,4.400881304890305619e+05
1.433008244260207596e-06,8.554831048757674871e+05
9.469177448455599375e-07,1.403963866775600472e+06
2.161843872380093016e-06,6.853825800708455499e+05
9.388763052909098034e-07,2.225858432521138806e+06
8.348584026959862464e-07,1.074685811719082529e+06
8.521929314819836120e-07,1.067392288422012236e+06
1.376099818530065405e-06,7.007966882011558628e+05
1.289398986776298939e-06,7.382591155187796103e+05
1.705741436283744385e-06,5.660830028979463968e+05
1.364122504988586227e-06,7.689575692365004215e+05
1.604609074877158041e-06,6.705200929864718346e+05
1.862013407890303367e-06,6.056185033886171877e+05
2.121245951123574109e-06,5.690501675253915600e+05
1.365405306224368507e-06,9.683217877598400228e+05
2.630529677929090988e-06,5.334975141084763454e+05
2.987592194378982285e-06,4.958999660841256264e+05
1.233168676684902992e-06,2.381080228248497471e+06
1.328872748707036112e-06,6.805453780000887346e+05
1.289398986776298939e-06,7.382591155187796103e+05
1.239725139596620355e-06,7.669095476345047355e+05
1.427268260270192640e-06,7.045015435655580368e+05
9.825790435794666979e-07,1.039752282703154022e+06
1.114043402298535645e-06,9.720306568323444808e+05
1.186463083220302481e-06,8.904273354219160974e+05
1.162918022417330445e-06,9.737264409414730035e+05
1.172967826758108890e-06,9.636354005056018941e+05
2.119610768865773650e-06,5.978466534135792172e+05
2.661089982976194992e-06,4.752045000531432452e+05
2.080909950367660309e-06,6.739784357090855483e+05
7.007320464468276797e-07,6.707215031236130744e+05
8.001889317146966031e-07,6.161073014966550982e+05
1.328872748707036112e-06,6.805453780000887346e+05
1.239725139596620355e-06,7.669095476345047355e+05
1.007292176601950179e-06,9.383346228596299188e+05
1.015735074483478611e-06,9.621850632463844959e+05
7.786127727305370174e-07,1.262218947844996350e+06
7.840509346189447982e-07,1.247118646298728418e+06
1.048639461823995030e-06,1.188120822696053656e+06
1.681218044611606189e-06,8.411447381374414545e+05
2.040142399825587261e-06,7.264617282113066176e+05
7.007320464468276797e-07,6.707215031236130744e+05
7.817080895579702282e-07,1.445829050028637424e+07
1.273280130130445481e-06,6.661533837569270981e+05
8.679074385758426087e-07,1.026540823275764240e+06
7.786127727305370174e-07,1.262218947844996350e+06
7.840509346189447982e-07,1.247118646298728418e+06
1.227521321768679485e-06,9.187866297186193988e+05
1.312165668265700563e-06,9.393927309882850386e+05
1.405805798048991556e-06,8.859675867696844507e+05
1.066863875872574207e-06,1.175498753735116683e+06
2.114278017841361225e-06,7.415799164396956330e+05
2.539229779027266731e-06,6.170710387351530371e+05
1.524435693489117009e-07,1.497286715348627791e+07
3.328165625150543260e-07,2.990319681811408140e+06
8.963873362805680365e-07,5.490400674755747896e+05
1.099393003781312231e-06,1.011685383897187188e+06
1.177003942780526485e-06,9.424057360846619122e+05
1.273390694795364863e-06,9.243389747785568470e+05
1.131793596883021227e-06,1.054156885440310463e+06
1.405805798048991556e-06,8.859675867696844507e+05
1.034076796082833552e-06,1.214230675505135907e+06
1.428027621279491924e-06,8.708753717538978672e+05
1.244599529073190846e-06,1.043460413687341032e+06
2.125803176673488731e-06,7.371581289394113701e+05
2.067615587499556965e-06,7.585449972539379960e+05
2.539229779027266731e-06,6.170710387351530371e+05
1.719596118259040059e-07,5.519596447008931637e+07
1.384338208965106195e-07,8.132651556847807020e+06
3.054224064556064067e-07,1.797561691066035302e+06
3.510733116667515926e-07,1.677486535379130859e+06
3.581081254555566030e-07,2.151721486746104434e+06
7.219969903898205698e-07,1.513599843007799936e+06
5.815134260102168691e-07,1.850654306083203852e+07
1.402406392582534003e-06,1.016362416705002310e+06
1.599550004992854554e-06,9.904835382590778172e+05
1.177038897915735875e-06,1.411744311115452554e+06
2.027299281747457330e-06,8.717165257486677729e+05
2.016806896369005915e-07,1.762091397444970673e+06
1.797665926809123956e-07,5.449298955006471276e+07
3.523024575182715254e-07,2.277036511976168957e+06
2.971340919288614435e-07,3.220581915292427409e+06
3.102636724677690808e-07,2.984462571019844152e+06
4.633573278080323008e-07,2.288696071102206595e+06
6.711001871931179640e-07,1.985219209197024116e+06
1.349684954642022199e-06,1.051308638706033817e+06
4.922954062567974063e-07,3.048901839625329711e+06
1.617346254484929357e-06,1.210592302376046311e+06
1.364442390588265912e-06,1.307516324598388048e+06
4.847280331819433505e-07,7.306950756228717510e+05
1.064378417053704517e-06,8.262380796278858325e+05
2.148712168789813282e-06,4.057085162312504253e+05
2.698916314156685319e-07,3.244668466812303755e+06
2.000799728021675403e-06,4.566755964104268933e+05
1.383220443530476922e-06,6.199689483527090633e+05
1.899582660159827475e-06,5.771075551517703570e+05
2.412308720237847323e-06,4.439682287971273181e+05
2.084867512992230523e-06,6.647885666103593539e+05
3.746702406567206824e-06,3.956491584851206280e+05
4.408929292078360924e-06,3.562501790281278663e+05
1.399061953943295303e-06,5.593187314527508570e+05
1.929621098361559192e-06,4.159577413512025378e+05
2.545013753774860663e-06,3.241794510464547202e+05
1.726988687232415554e-06,4.651067818826023722e+05
3.284533140751965356e-06,2.661642832573336200e+05
3.070762230995336868e-06,2.982007485997034819e+05
2.688879459634248871e-06,3.360150325460130116e+05
2.000799728021675403e-06,4.566755964104268933e+05
1.994654817250904329e-06,5.261073152683199150e+05
2.313994755314687907e-06,4.848831459244100843e+05
3.772370947559400719e-06,3.927434989825495868e+05
2.336710387345301443e-07,2.364490283940628637e+06
1.983011021942137719e-07,2.766743318006384652e+06
8.178169334651585377e-08,7.186869834356447682e+06
2.801882552923714138e-07,3.645016497627197765e+06
2.296336205599955851e-07,4.581181313548268750e+06
4.020915191260049128e-07,2.581519416572417133e+06
3.199079929631476440e-07,3.393625371205969714e+06
3.158835234034716655e-07,3.586000075554631185e+06
4.682664307452746082e-07,2.836630968873242382e+06
3.366130075787291172e-07,4.110541610625070520e+06
3.791624473814232748e-07,3.811706278174765408e+06
6.492562976841512040e-07,2.556496374687363394e+06
2.336710387345301443e-07,2.364490283940628637e+06
1.983011021942137719e-07,2.766743318006384652e+06
2.275775898964469099e-07,2.677038699732623529e+06
3.066027549142861890e-07,3.064200116251957137e+06
4.115119535274793396e-07,2.474560856397573836e+06
3.309328092449333259e-07,3.262195518204070162e+06
3.889594721702913160e-07,2.749389407926274464e+06
3.249188024426306943e-07,3.318857492499528918e+06
3.685152651213122141e-07,2.992035879200377967e+06
3.820549517788748759e-07,2.897816440676920116e+06
1.727265598881816991e-07,8.240262368029115722e+06
3.697219741982755024e-07,1.402513985419405159e+06
4.028233379328104235e-07,1.418169236715646228e+06
2.275775898964469099e-07,2.677038699732623529e+06
2.001396339331151947e-07,3.583765961033658125e+06
7.173523045066586812e-07,1.389461249948844314e+06
7.753297762174140112e-07,1.319775272060648538e+06
4.115119535274793396e-07,2.474560856397573836e+06
3.889594721702913160e-07,2.749389407926274464e+06
6.108538997475587770e-07,1.822183186303557130e+06
5.931364146979205702e-07,1.875611437023756094e+06
1.041337327882706637e-07,2.207756281344059855e+07
6.444771389813299206e-07,8.194952655453005573e+05
4.028233379328104235e-07,1.418169236715646228e+06
5.025959497006712487e-07,2.155747281840988249e+07
4.432935187200978577e-07,1.969770925246829400e+06
1.033812080054023701e-06,9.443550477018370293e+05
9.775267247821315031e-07,1.048732795150503982e+06
7.753297762174140112e-07,1.319775272060648538e+06
7.945805471752729652e-07,1.277226337664511288e+06
8.701188180178865954e-07,1.229520432034339523e+06
1.269509424521596714e-06,1.106344916068171151e+06
1.922879419619231517e-07,7.325673694647857919e+06
4.714824887974392307e-07,1.281727769630285446e+06
8.164834693535943276e-07,9.874465606732635060e+05
1.447466629082677276e-06,5.938493557004373288e+05
1.631134477137648740e-06,5.743230918716997840e+05
9.615612295900254696e-07,9.737113823200303596e+05
8.994074279911349191e-07,1.057021131618737942e+06
1.001835994259315328e-06,1.018967138747948455e+06
5.307694886154676156e-07,2.001565326404349878e+06
1.130266947857349238e-06,9.786514771827390650e+05
1.356418937354472516e-06,9.136813812085632235e+05
1.765463744412170954e-06,7.268984666259512305e+05
2.465552589887523683e-06,6.006599131930262083e+05
7.994849260171406495e-07,7.183702269406509586e+05
7.536202513710844510e-07,9.553659133113566786e+05
7.589797034550877395e-07,1.007158701674020500e+06
1.447466629082677276e-06,5.938493557004373288e+05
1.743443818793941801e-06,4.862257450228151865e+05
1.779831546751094362e-06,5.080096077354204026e+05
1.631134477137648740e-06,5.743230918716997840e+05
1.145370578512259345e-06,8.970817796771947760e+05
8.056168033175791550e-07,1.319628676718825009e+06
1.791137963387305450e-06,7.442639535258908290e+05
1.871803814249637005e-07,1.054947654876685329e+07
5.616804141079937930e-07,1.337690205846406985e+06
5.216803486450387655e-07,1.453922734179529129e+06
1.038228948672739238e-06,8.439831758211383130e+05
9.299323225305867540e-07,1.012433471152178128e+06
6.412453224408833746e-07,1.487628659921720857e+06
5.666152988147562448e-07,1.749904616736273747e+06
6.467467248771115825e-07,1.498305378911253298e+06
5.485130685248482871e-07,1.904344398699364392e+06
1.106044900287939225e-06,1.061389558899982832e+06
1.080411412836214389e-06,1.116691230509412708e+06
1.817474471583353286e-06,7.721805869296970777e+05
5.036896877418208759e-07,3.059979636527223513e+06
3.103045778907465698e-07,7.321447122840122320e+06
4.995816280416021359e-07,1.624178728357559536e+06
6.914836563055395767e-07,1.343958217094658408e+06
9.717214267784698189e-07,9.716388086315215332e+05
9.745246859843408213e-07,1.002238417348110583e+06
5.666152988147562448e-07,1.749904616736273747e+06
9.566865408752509710e-07,1.023679673924056347e+06
9.420278750780522263e-07,1.043345967832267052e+06
6.467467248771115825e-07,1.498305378911253298e+06
7.761971463534275667e-07,1.317930126347965561e+06
8.055279533419872496e-07,1.315677920622807695e+06
7.376987574006390524e-07,1.495331793181974441e+06
7.881020756158631828e-07,1.412124208679703297e+06
1.679602090316819376e-07,3.737033041300477460e+06
2.725818443752800534e-07,1.628024541347386083e+06
4.447581369910626760e-07,1.558588403980703559e+06
8.141888644923473457e-07,1.287578316687078215e+06
6.192258694398222451e-07,1.503228267769820057e+06
9.720492718242347129e-07,9.678905743183161831e+05
7.606843966533839750e-07,1.382830551552791614e+06
8.004082263666256932e-07,1.474408673599072732e+06
6.938968793281894211e-07,1.993010406274590408e+06
1.380435503637859945e-06,1.071368734304244863e+06
1.679602090316819376e-07,3.737033041300477460e+06
2.792612622754024388e-07,2.503422182739213109e+06
2.661241270195005964e-07,3.545135199030819349e+06
3.598520972822255213e-07,2.722268777492105495e+06
2.482302277311034880e-07,3.962699584051977377e+06
4.975893908676614370e-07,1.968844263345408952e+06
4.512406613622980392e-07,2.280891370512427762e+06
3.720217225679783845e-07,2.727789456627537496e+06
2.669983329978254381e-07,4.520669936106331646e+06
3.556282309927550136e-07,3.318959280260472093e+06
5.878081106643569452e-07,2.518742680684650317e+06
1.178748660740618663e-07,1.920585794423398376e+07
2.495039447816095161e-07,2.234928065755125135e+06
1.421817483583018267e-07,4.161664306570755318e+06
1.440256366592827726e-07,5.512516128892715089e+06
1.764085978587772134e-07,4.794749040492179804e+06
3.598520972822255213e-07,2.722268777492105495e+06
3.720217225679783845e-07,2.727789456627537496e+06
2.863892057133791820e-07,3.850245652864875272e+06
2.245127255915893056e-07,5.046910250617392361e+06
3.832628777886593137e-07,3.417196520149907563e+06
3.172827989315889424e-07,4.127439878841759171e+06
3.521865140668822373e-07,3.729656610907541588e+06
6.779424133300381419e-07,2.310233034185873810e+06
1.662890587822634211e-07,2.360975396339087281e+06
3.088521704722896892e-07,1.565958742424562341e+06
2.564540411288068092e-07,1.886123875957265031e+06
1.343701439284157875e-07,4.500670406023153104e+06
1.121869871957750406e-06,1.019377948350882973e+06
7.674400274672395604e-07,1.787902494944635313e+06
5.847614648436102658e-07,2.510306951430623420e+06
2.168810844716273342e-06,6.827968291897827294e+05
1.325924597849451071e-06,1.259661537770272465e+06
1.442561151789236251e-06,1.153951283424743684e+06
2.911104360891041710e-07,1.629753767289875774e+06
5.720215150737805926e-07,2.037962606305986643e+07
1.332661261575550144e-06,7.085416878220620565e+05
6.909242450916066021e-07,1.605374612240111828e+07
1.033412348963862965e-06,9.437938757511662552e+05
9.204321478680933065e-07,1.083970388158854563e+06
1.099407054185961613e-06,9.649649604433384957e+05
1.821060130202110344e-06,6.643025880958626512e+05
1.058129666100731189e-06,1.239575493083496345e+06
1.490903956195015300e-06,8.921898225928662578e+05
2.136749840247542170e-06,6.938075929240240948e+05
1.795595763910345690e-06,8.312249951678626239e+05
4.667189433520970545e-07,1.658666226485223509e+06
8.538593327909747810e-07,1.026534687671434018e+06
7.127969262491318150e-07,1.234295285222981125e+06
8.721863927508762498e-07,1.003476087268830626e+06
7.500410555298870567e-07,1.214526889333610889e+06
5.342441853983058999e-07,1.774585336182647850e+06
6.120033009007201527e-07,1.577318997277843067e+06
9.593543004005312869e-07,1.064422274215925951e+06
1.302915422522044497e-06,8.285034897879228229e+05
1.194195816794071791e-06,9.008102638078836026e+05
1.172999950704188317e-06,1.082241350986459991e+06
1.945097440176028532e-06,7.616240437562615843e+05
2.060273852780419691e-07,1.056988059080165625e+07
4.247867861653583231e-07,1.284450636051132111e+06
5.087928018207060396e-07,1.875206802902034251e+06
6.219322177733825654e-08,1.397952949375555851e+07
4.676138762421898222e-07,2.269407781671673059e+06
7.318530209130727993e-07,1.479271673518616939e+06
4.618332245693978303e-07,2.303333326730812900e+06
6.391533382195134466e-07,1.871486218168655410e+06
4.071196066195886748e-07,3.073158402868990786e+06
4.876226248038691120e-07,2.649242059950241819e+06
1.234450160491030126e-06,1.200099681248866720e+06
8.002254706677185520e-07,1.850894864728913875e+06
2.938351464149995149e-07,6.675602732372746803e+06
2.066493790818643693e-07,7.562641295068434440e+06
2.188171069012589714e-07,8.692647028086796403e+06
3.738473303081305536e-07,6.590189300824020058e+06
3.997665501162267552e-07,2.099774845467174426e+06
3.987322252360610899e-07,2.165832971257766709e+06
2.269504047504211770e-07,5.023323153906258196e+07
4.975032018985093291e-07,1.942199487203969853e+06
4.987272695043933096e-07,2.003698886937542353e+06
5.105698836031998468e-07,2.169233649851025548e+06
5.886919690504605667e-07,2.264656805320539977e+06
3.868592978691164747e-07,1.957808962009323994e+06
4.169121622650277153e-07,1.867168012198565993e+06
3.557963400359604737e-07,2.446532809470572975e+06
3.275950699704899598e-07,2.700433697316505015e+06
3.649896918838326960e-07,2.604413183848529588e+06
3.793818619299403476e-07,2.470531194201678038e+06
2.053393685026047553e-07,4.637108617146124132e+06
2.571268635052549706e-07,3.575922189300198574e+06
3.579179804331990093e-07,3.034039066335927695e+06
3.210785279690435078e-07,3.538575105870369822e+06
6.124192154255906309e-07,2.416491104633892886e+06
1.077550672507791447e-07,1.584749706432396732e+07
1.648808720718416997e-07,3.773395602652698290e+06
2.371542458056999853e-07,2.629756186454141047e+06
3.275950699704899598e-07,2.700433697316505015e+06
3.557963400359604737e-07,2.446532809470572975e+06
3.954739259889439778e-07,2.329516528777203988e+06
2.053393685026047553e-07,4.637108617146124132e+06
2.571268635052549706e-07,3.575922189300198574e+06
4.390215869216955721e-07,2.447233172134587076e+06
4.625446559793296563e-07,2.400194361170128454e+06
4.207083215183505048e-07,3.262991452737542801e+06
6.686836657054988073e-07,2.233116797214160208e+06
8.053021646335951033e-07,1.949229267608604394e+06
2.218511050365407660e-07,1.164414892034429684e+07
6.405064448451636787e-07,1.169567615836694604e+06
6.551018801056692926e-07,1.295769977926788852e+06
6.947137093180234561e-07,1.299158376441521337e+06
4.642060205958566170e-07,2.233482532770724967e+06
5.816738843788570856e-07,1.861037051984926220e+06
4.390215869216955721e-07,2.447233172134587076e+06
4.625446559793296563e-07,2.400194361170128454e+06
4.970407746557722305e-07,2.300791079254586250e+06
4.953747851983713722e-07,2.375660543701488525e+06
9.797011733337754882e-07,1.511784076459043659e+06
4.724882858000196974e-07,1.740940285498216283e+06
6.551018801056692926e-07,1.295769977926788852e+06
5.346091195041857486e-07,1.564835753286824562e+06
6.947137093180234561e-07,1.299158376441521337e+06
4.926681048391607106e-07,1.977410446466821246e+06
4.242642997246950713e-07,2.453531772146712989e+06
4.597083052545281306e-07,2.241722838188504800e+06
4.642060205958566170e-07,2.233482532770724967e+06
5.229226909048130256e-07,2.090396556953140302e+06
5.545412627584891123e-07,2.044446590588131687e+06
7.799673042320162239e-07,1.800151260886542033e+06
9.854525012680424045e-07,1.502030050857728114e+06
1.963253782448489826e-07,1.013106233831585944e+07
2.610769481652009112e-07,1.949352867129605496e+06
2.923741857569202925e-07,2.011492922536744503e+06
1.281354903935057320e-07,5.982818267384697683e+06
4.232207412018702275e-07,2.266867688369079959e+06
4.926681048391607106e-07,1.977410446466821246e+06
4.057992457784771792e-07,2.677611483339830767e+06
3.625504793339860087e-07,3.004292083325414453e+06
4.424864112502836688e-07,2.436674821368849371e+06
4.388242490310477437e-07,2.755468909620515071e+06
7.822629509098983286e-07,1.702473709837550763e+06
7.158812775397792122e-07,1.961710980517795542e+06
8.794966687994147574e-07,1.679706375850494718e+06
2.307193742888325403e-07,4.883851472198530100e+06
2.497792695994405044e-07,1.906738799146553501e+06
6.583489385767093450e-07,1.215410287930820370e+06
5.624223947125448991e-07,1.711885483373146504e+06
6.422163620650604166e-07,1.647257340385691728e+06
6.638181618689289843e-07,1.787186270804637810e+06
6.544261377093296169e-07,1.803658421001890441e+06
6.299751046469197275e-07,1.974216760446272790e+06
5.285645110515041774e-07,2.493302644110875670e+06
1.100575030190730799e-06,1.344192189574624645e+06
1.162301393922264239e-06,1.348213915814138483e+06
1.331525527293370218e-07,5.743943390731481835e+06
2.008397042592524350e-07,2.422173314446678851e+06
4.315143875727403421e-07,2.122671186244900804e+06
5.671264662401665723e-07,1.848880607291138032e+06
6.544261377093296169e-07,1.803658421001890441e+06
6.638181618689289843e-07,1.787186270804637810e+06
6.299751046469197275e-07,1.974216760446272790e+06
5.971969044053734181e-07,2.184838165228883270e+06
4.472995226765119817e-07,3.426740352330282796e+06
1.162301393922264239e-06,1.348213915814138483e+06
1.094978692301390306e-06,1.431171200613100315e+06
9.729613946637888300e-08,1.021796937628226429e+08
1.614766546774837381e-07,4.490549260077232495e+06
1.643564939148075022e-07,3.954325104844131507e+06
1.774745230104304525e-07,4.829225447017456405e+06
1.832131812258397185e-07,4.817472436504104175e+06
1.639593404163843058e-07,5.773901817241242155e+06
1.878268148078598889e-07,4.429649542889486998e+06
2.040974831477250966e-07,5.159132413276775740e+06
2.883201434208921203e-07,4.278312438889600337e+06
2.894791015603066202e-07,5.747765368673963472e+06
7.761663655832892715e-07,2.294775665142239537e+06
1.898654135295516867e-07,2.063025212945967214e+06
3.174452385124830021e-07,2.352363105772111192e+07
1.643564939148075022e-07,3.954325104844131507e+06
8.060755070828314407e-07,1.035760532903470681e+06
1.014315798451444735e-06,1.068340495335118147e+06
1.288717058628121183e-06,8.796724647975335829e+05
1.143914375750360566e-06,1.044565975355062168e+06
1.042671651029053401e-06,1.182761998030049726e+06
2.247977528696659740e-06,6.582985123271122575e+05
8.546726323826341981e-07,1.803913089828162687e+06
1.733662073992546832e-06,9.045885872124782763e+05
2.749515579537877260e-08,8.325786270109000802e+07
8.041723226388619342e-07,6.679942324129600311e+05
9.302050212635760139e-07,8.587814564954888774e+05
1.212157045326905534e-06,7.257351497617693385e+05
9.931221119528283381e-07,8.780247797117736191e+05
1.299584774535124130e-06,7.196769079120102106e+05
7.531276030450121861e-07,1.325300252100573387e+06
1.208371993306674727e-06,9.425732815067142947e+05
1.230354451704202812e-06,9.131714651795770042e+05
1.224159022529925276e-06,9.716298430373135488e+05
9.227068299173841887e-07,1.295674258410071488e+06
1.938320152408782736e-06,7.243159817485333188e+05
2.253633672649906857e-06,6.564976498429463245e+05
5.247200748576288066e-07,1.060925022467353148e+06
2.105956795079182400e-07,3.492912330470536370e+06
2.796571008052471902e-07,4.107458112646120787e+07
9.302050212635760139e-07,8.587814564954888774e+05
9.931221119528283381e-07,8.780247797117736191e+05
4.896846086906129756e-07,1.835395994549393887e+06
6.649076758767779646e-07,1.476414681168537587e+06
8.893639713368450676e-07,1.360619256745230639e+06
7.627269010517186500e-07,1.820488471128480509e+06
1.743502303503510164e-06,9.046379139311506879e+05
1.868361805394497355e-06,8.408329901044988073e+05
2.420887971052992147e-07,2.726286029557515401e+06
2.724382409452164979e-07,3.508938099921403825e+07
3.940478264844588662e-07,2.012959196735391160e+06
5.962000071018814709e-07,1.492381638029277325e+06
7.847499183930710419e-07,1.215501256051305216e+06
8.556028859160313991e-07,1.231528606873378390e+06
4.861887578556731916e-07,2.270364180307567120e+06
5.427534610958704391e-07,2.086059891407401534e+06
5.145648883700996308e-07,2.314639414069265127e+06
9.514987812887701965e-07,1.448328546461314429e+06
9.686705922512320711e-07,1.527445523177259834e+06
1.735671316727009741e-06,9.011788274712840794e+05
4.954454686962541251e-07,8.154814045239253901e+06
7.555368750144619701e-07,9.599384290512246080e+05
1.495979947794358667e-06,5.381163069511333015e+05
1.584580571743568480e-06,5.949215619128781836e+05
7.572683440548955491e-07,1.314200153526969720e+06
1.590071197021654660e-06,6.417391162982388632e+05
8.817517667270411133e-07,1.140076374643279007e+06
1.303871437927150789e-06,8.465084935525587061e+05
1.174211081882508786e-06,9.550483638164972654e+05
1.339426876523938920e-06,8.863517793106005993e+05
1.407663951318399134e-06,8.396589272708917269e+05
2.451768026033788385e-06,6.037933836785146268e+05
1.010819285861389621e-06,7.347361154433104675e+05
1.040870636385895988e-06,7.309312947414040100e+05
1.765682067200865975e-06,5.118091329325491679e+05
1.700276622360459481e-06,5.358260618224333739e+05
1.584580571743568480e-06,5.949215619128781836e+05
9.693864946851663417e-07,9.760059927142597735e+05
1.031543338313697881e-06,9.876585168694301974e+05
1.590071197021654660e-06,6.417391162982388632e+05
9.851324324687137433e-07,1.112170119123053504e+06
1.213070529602192577e-06,8.847080205010740319e+05
1.987085661281901430e-06,6.700808272290785098e+05
8.899145071987544249e-07,1.823729919069796801e+06
2.613663937933598133e-07,3.777319735641401261e+07
4.839675118302419312e-07,1.108457727766117547e+06
6.358677277270518443e-07,1.228444886018403806e+06
8.448215895485743345e-07,1.092732127323245630e+06
9.693864946851663417e-07,9.760059927142597735e+05
9.522563007665151105e-07,9.935331389681830769e+05
7.922815426190171635e-07,1.254930961772153620e+06
9.147372932516902002e-07,1.079455557944696862e+06
7.378524839580059765e-07,1.722376203119352926e+06
1.458282152747741552e-06,9.133861249273873400e+05
1.757448773971528050e-06,8.970455116390670883e+05
4.621999122581282561e-07,1.077649919047984527e+06
2.613663937933598133e-07,3.777319735641401261e+07
6.358677277270518443e-07,1.228444886018403806e+06
9.011994915248946737e-07,9.469069884497362655e+05
6.398911911434528915e-07,2.100177875113078859e+06
9.546063966077929901e-07,9.842066609954723390e+05
9.334282173052240926e-07,1.210463756585999159e+06
8.352033780377932726e-07,1.364052147403212031e+06
8.011921095865720268e-07,1.406026877305631759e+06
1.352399663411414817e-06,1.094984696277068462e+06
1.558665305855062855e-06,1.006058541483033332e+06
5.298971618380872985e-07,1.178803765298643848e+06
8.641386975902295966e-07,8.194531108951908536e+05
9.832899543966324462e-07,8.884766196234697709e+05
9.435540387780117118e-07,9.297541750512778526e+05
3.691631931749350084e-07,2.421775735382849816e+06
6.314625571667513817e-07,1.772085236386795342e+07
3.652153550509356602e-07,2.524042076394568663e+06
9.590872886639502728e-07,1.038693398913178942e+06
4.927766139234380108e-07,2.063108993000133429e+06
1.541053578056685252e-06,8.631928633127957582e+05
1.290415838437737972e-06,1.087758785186640918e+06
4.420483775585553430e-07,1.625941690647044685e+06
4.326967487474147381e-07,1.718232035735516343e+06
3.650447801308490344e-07,2.126368363371489197e+07
5.555044704735950004e-07,1.558548533749191789e+06
4.719024086359589381e-07,1.975607885040436639e+06
3.558243529831818238e-07,2.610637849068714771e+06
3.902507583873920939e-07,2.640706686683229171e+06
4.439168437155776195e-07,2.492255876362789422e+06
7.950460413347392159e-07,1.588860941585239954e+06
6.573099470954793742e-07,1.928264112173766131e+06
8.696108118461521851e-07,1.621718531661396381e+06
9.872353987657996554e-07,1.505285066326140659e+06
3.370565780786676586e-07,2.738489693550115079e+07
4.854377421533993073e-07,1.229391431664465927e+06
5.227564764757140109e-07,1.591172664204929490e+06
3.908911815837135625e-07,2.281938402837356552e+06
4.687204679286284030e-07,1.911785026044911239e+06
5.910211011271853103e-07,1.524417562112799147e+06
1.122843414238011610e-06,1.007040409877961967e+06
6.130664283813125105e-07,1.858816457628657809e+06
9.462002456518930513e-07,1.466893272532968549e+06
9.096135191168556699e-07,1.594426708846898051e+06
1.798197800331318481e-06,8.723044765440456104e+05
4.347619422185311788e-07,2.703832719586485531e+06
1.326510130172151221e-06,6.195313421348584816e+05
1.755601377669129548e-06,4.795365649493217934e+05
1.305317166184685404e-06,7.230212642420755001e+05
1.633369705762276510e-06,6.049441956071326276e+05
1.323635332532505864e-06,7.823211822360425722e+05
1.285657350056069672e-06,7.947613439111991320e+05
1.222533277094670601e-06,9.541385463096241001e+05
1.181826116636002029e-06,1.003760479199800408e+06
2.258151293376426590e-06,6.213366073717474937e+05
1.028777280622442781e-07,2.048552064931970835e+07
3.177092350143098094e-07,1.718855285119692096e+06
4.529330353805573097e-07,1.168592796034713276e+06
6.237753480375280103e-07,1.350342214144084370e+06
6.220880169852263562e-07,1.394132294209521031e+06
1.413961922754499760e-06,6.989979634748162935e+05
1.423744010308064828e-06,7.615680725730103441e+05
8.804515212518763487e-07,1.256800470111788716e+06
2.223706575177066112e-06,5.694353849148524459e+05
1.114029652527408491e-06,1.160821408528208034e+06
1.156069043045574685e-06,1.195492635226820828e+06
2.430960285380686603e-06,5.766853945415402995e+05
1.778372507784073938e-06,8.817245228035799228e+05
3.513504186313828724e-07,1.682143771611220669e+06
3.527954171075343076e-07,2.716685365117256064e+06
4.701398712369126885e-07,2.094407958292157855e+06
4.850133981022262007e-07,2.067252415674156742e+06
4.680106398694211482e-07,2.193221828734039795e+06
4.116209922041443382e-07,2.592961577885160223e+06
3.977123231782047622e-07,2.658550041826467961e+06
4.207111167244799704e-07,2.531786080327101052e+06
4.142795233925395702e-07,2.692579920869582333e+06
4.867551899634105269e-07,2.330132282763123047e+06
4.114527286489044147e-07,2.712309165409089997e+06
8.656475067805145812e-07,1.711630415006366791e+06
1.585422690763235060e-07,1.035237295979134180e+07
3.363689422606837737e-07,1.594889795751743019e+06
4.832713610225924592e-07,1.125500864667381393e+06
4.834408607731300532e-07,1.284824824545882875e+06
4.701398712369126885e-07,2.094407958292157855e+06
3.393857782279994131e-07,2.949103131038974505e+06
6.742584589912635159e-07,1.461397621606156696e+06
4.680106398694211482e-07,2.193221828734039795e+06
4.099099766324647992e-07,2.461474364558553323e+06
6.977434963078816821e-07,1.522707058509553317e+06
5.829630054503079358e-07,2.365873661270017736e+06
1.143644893768869862e-06,1.371273634161938913e+06
4.832713610225924592e-07,1.125500864667381393e+06
5.680018217051787965e-07,1.340008691506219096e+07
7.513177256918950908e-07,1.106609738101319177e+06
3.936287147495219373e-07,2.005754857915415661e+06
4.884491407010933131e-07,1.897007273805018514e+06
5.932561804240540945e-07,1.659410797747998266e+06
7.173858180628975074e-07,1.502060774975833483e+06
6.268267395495879953e-07,1.689263643498599064e+06
6.463829532151503523e-07,1.827851433703853749e+06
5.443447908416935435e-07,2.421529714320870116e+06
1.141158385503419316e-06,1.164695206563095329e+06
1.106977209801311132e-06,1.336499743561201496e+06
4.865293601747267083e-07,9.870896981981804129e+05
8.778314911657291712e-07,8.795206846243339824e+05
9.080326103819343063e-07,9.479300183248476824e+05
5.577232302908246972e-07,1.745459432891990524e+06
5.380530244822636496e-07,1.823924468814559979e+06
5.932561804240540945e-07,1.659410797747998266e+06
7.948674594374215953e-07,1.241198080311436206e+06
7.905985765533306468e-07,1.295040988287702203e+06
7.173858180628975074e-07,1.502060774975833483e+06
6.268267395495879953e-07,1.689263643498599064e+06
6.144235714397414449e-07,1.935088293782910099e+06
2.760349773172324395e-07,2.712573621018778160e+07
1.031152168847050518e-07,9.512548038031943142e+07
6.718395376861814177e-07,1.214425841716717463e+06
5.380530244822636496e-07,1.823924468814559979e+06
5.577232302908246972e-07,1.745459432891990524e+06
4.223943415304139736e-07,2.643106254566676915e+06
6.881646046274937213e-07,1.799301671491805464e+06
6.187008471934630696e-07,2.016709285730921198e+06
6.218709734354116535e-07,2.107332989644697867e+06
5.993398776945615599e-07,2.193123545916056726e+06
1.160218772398678121e-06,1.350884610101019032e+06
1.140745095028065102e-06,1.372473886832209770e+06
2.063096041363367211e-07,7.793960562396676280e+06
1.622429875519792753e-07,3.753527294767251704e+06
4.907444192912376690e-07,1.803516713873308385e+06
5.109111641172291489e-07,1.884324208688282873e+06
6.237255995690685613e-07,1.547402832310647937e+06
7.192397636032157451e-07,1.501826544833455002e+06
6.216506553505382903e-07,1.815735559151439928e+06
5.720743015604149424e-07,2.051797255809305236e+06
4.671547976176416365e-07,2.646405256653187331e+06
4.980572256030727345e-07,2.524008376420353539e+06
8.484950035849762923e-07,1.651864934573273873e+06
1.007998800024347341e-06,1.555653353523645783e+06
5.101331702764381365e-07,1.154509525172056630e+06
3.384471951681555804e-07,2.214770633136131801e+06
6.883824874890544263e-07,1.331123249528644141e+06
5.591715460648264955e-07,1.607266892817609012e+06
7.227594085481666011e-07,1.304129192952029873e+06
3.741472710692085199e-07,2.733847783714602236e+06
8.116718388548675901e-07,1.320966241086372873e+06
5.363514048623544690e-07,1.996415225097911898e+06
6.408890201194067198e-07,1.747686522101643262e+06
1.216979785300296258e-06,1.004262020198667655e+06
8.355308219183176304e-07,1.595224415861160727e+06
1.768589127638135292e-06,8.380894634013829054e+05
3.831270436231021958e-07,1.608929133084234083e+06
6.348657690747181240e-07,9.494141221111156046e+05
1.392473415433943265e-06,5.613571839453830617e+05
1.062705676725441635e-06,7.964367865237542428e+05
1.033597625185212758e-06,1.090592276733985730e+07
1.399402400659590401e-06,6.382561438838867471e+05
1.427043814246785342e-06,6.462055759602765320e+05
1.641270348990659107e-06,6.061256408640699228e+05
2.245771757221065957e-06,5.639018642984959297e+05
2.496668792879223628e-06,5.336922132646000246e+05
1.246982790845662364e-07,1.590711054833554104e+07
5.373690082642145125e-07,1.069111538740731077e+06
5.348607134253116064e-07,1.224291145375879947e+06
8.584649815151675976e-07,1.156675900340525666e+06
9.766423244345716320e-07,1.034706265252531157e+06
1.432612148370851431e-06,7.336667364754967857e+05
1.269006003909050488e-06,8.226571532583150547e+05
1.036657851155128214e-06,1.091800657637859695e+06
1.325115830020581482e-06,9.026382991641267436e+05
1.338894832435095519e-06,8.792411911731077125e+05
1.012276167689649013e-06,1.170554821266654646e+06
1.867567436592833652e-06,7.506466781877955655e+05
2.294190363519909536e-06,6.115279895931264618e+05
2.580706186033351407e-06,6.075722368322712136e+05
3.595653134765432519e-07,1.539156055046317168e+06
4.987880483352785581e-07,1.122247128784365254e+06
5.373690082642145125e-07,1.069111538740731077e+06
4.878618139726707912e-07,1.837840859481153078e+06
1.203379033851825095e-06,8.205408117759809829e+05
5.685790119692895922e-07,1.710109166231945623e+06
6.233402849987878397e-07,1.574017210061697988e+06
6.202416576564942913e-07,1.722582569191910094e+06
7.981531594347352741e-07,1.620869375522991410e+06
6.356795582018762971e-07,2.073328001991092926e+06
1.289155512394746639e-06,1.215863578856919892e+06
1.342003347785128171e-07,6.576971332858501375e+07
1.503270769286381969e-07,5.167869184004626237e+06
1.935835168707792838e-08,4.180029604308200628e+07
2.758544303267568307e-07,3.414560214547358453e+06
2.785707318379700558e-07,3.490595556969209574e+06
2.953006740428834918e-07,3.801283115344790276e+06
3.395619209061326936e-07,3.241334160108169541e+06
3.322261275794336240e-07,3.250290878630269784e+06
2.440177429368094388e-07,4.707877352891035378e+06
2.983428410863020089e-07,4.150984941112598404e+06
3.405560891967661516e-07,4.543587428468560800e+06
7.595267475354296739e-07,2.195013232503450010e+06
2.990031270164683105e-07,1.550048969353731256e+06
1.644795485314301148e-07,4.084255119197862223e+06
3.508881394906182779e-07,1.935098149783109548e+06
5.428470224088468332e-07,1.247105201297083404e+06
5.622921870521711218e-07,1.754145547183692921e+06
6.071474118056668350e-07,1.666509208353378344e+06
6.479577418680246450e-07,1.654782262511071283e+06
6.877924703777899358e-07,1.542151925963577582e+06
5.690954142643984438e-07,2.307791213147836737e+06
6.034986181283127732e-07,2.399285849729276262e+06
1.090294717439332024e-06,1.435631752394573996e+06
4.936083798564811038e-07,1.133487965522773564e+06
4.707309027531756849e-07,1.226935016831823858e+06
5.293188417085541865e-07,1.792561776749585755e+06
5.800675164993113850e-07,1.676926737261726288e+06
5.269259571209665941e-07,1.940423956149214180e+06
7.305009594816936821e-07,1.409287518826565938e+06
6.877924703777899358e-07,1.542151925963577582e+06
5.442307031376503773e-07,1.952365427452082979e+06
8.062927702998403908e-07,1.313771099880278809e+06
5.882994106428120572e-07,1.800983493629107019e+06
6.479577418680246450e-07,1.654782262511071283e+06
1.247484205536025906e-07,1.839727118559388071e+07
1.343392023303690687e-07,3.783731129744366277e+06
2.974028266861698336e-07,2.971141701520356815e+06
4.490948889928970001e-07,2.037056797952329740e+06
4.949151978513530088e-07,1.961651408099517925e+06
3.530717220929078386e-07,3.998227787171836477e+06
3.413370433599104717e-07,2.820550558068142273e+06
5.519152764908296504e-07,1.926570968288212549e+06
5.442307031376503773e-07,1.952365427452082979e+06
4.387170216386374250e-07,2.520455235804345459e+06
4.768791735033999230e-07,2.589443761257395614e+06
4.018285798575700629e-07,3.111499042238310911e+06
7.820412752017423895e-07,2.004911496180966729e+06
2.369012032566228259e-07,2.639807815002466086e+06
7.724259300368357904e-08,8.885032225181553513e+06
2.744657277216116734e-07,2.377633114186579827e+06
1.003541940193500992e-07,7.908061316681100987e+06
1.380555223937565951e-07,5.386645083542295732e+06
2.974028266861698336e-07,2.971141701520356815e+06
4.317262982130886938e-07,2.175490628523744643e+06
3.413370433599104717e-07,2.820550558068142273e+06
3.089345935466468863e-07,4.263131010937849991e+06
5.524390028156510334e-07,2.420892936600426678e+06
6.287132778015276891e-07,2.648814954772933386e+06
8.043091727770097339e-08,6.334875461250463501e+06
2.189906118888914333e-07,8.260707462622751482e+06
2.369012032566228259e-07,2.639807815002466086e+06
2.744657277216116734e-07,2.377633114186579827e+06
4.650413811302948636e-07,2.302906080415394157e+06
3.708823809708415834e-07,3.052126228213202208e+06
4.847576699782035918e-07,2.392248547507444397e+06
4.619811586953236588e-07,2.604104830923953094e+06
4.541618810791728370e-07,3.009673835394642316e+06
4.285923057990026837e-07,3.209494726757890545e+06
7.780884359928052945e-07,2.134156137325930409e+06
3.115027501509301273e-07,1.978486418234699406e+06
2.239690143118085871e-07,3.201975487429953180e+06
2.033744355322412736e-07,3.643634919276980683e+06
3.777928469446909201e-07,2.435925804314417765e+06
5.705565889481529641e-07,1.776280114719066769e+06
4.112145699137347717e-07,2.473780212231938262e+06
3.842820984127826449e-07,2.787292760635146871e+06
4.650413811302948636e-07,2.302906080415394157e+06
3.976839550386636642e-07,2.798624274841735605e+06
5.506841804891076089e-07,2.017469741296474822e+06
4.847576699782035918e-07,2.392248547507444397e+06
3.821406503869316728e-07,3.960404812440265436e+06
1.763630847684559401e-07,2.551540910096053500e+06
2.227627376906591441e-07,2.388493364056640305e+06
2.285806306433973147e-07,3.919688135571441147e+06
3.777928469446909201e-07,2.435925804314417765e+06
2.790061076891889611e-07,3.338921775563843083e+06
4.112145699137347717e-07,2.473780212231938262e+06
3.842820984127826449e-07,2.787292760635146871e+06
3.976839550386636642e-07,2.798624274841735605e+06
2.641742687836919688e-07,4.481191562052547932e+06
3.529681501319820560e-07,3.417087644856059924e+06
1.920256690444729277e-07,7.798852904225471430e+06
2.227627376906591441e-07,2.388493364056640305e+06
1.840348242147019840e-07,4.111570615686821751e+06
1.384322922355552359e-07,8.130465050877466798e+07
4.503867378396742100e-07,6.625729873345978558e+06
2.930993127286544712e-07,3.252447101522692945e+06
3.057261908776547981e-07,3.210684640411476139e+06
4.242731522670586081e-07,2.586086547218522988e+06
3.015130562146548506e-07,3.696203242218256928e+06
2.772789107968193207e-07,4.058998230014570989e+06
3.485928275363181387e-07,3.242485484914606903e+06
4.850023189076450960e-07,2.299052619440253358e+06
2.991593162467557262e-07,1.381085801709998632e+06
4.134081709515716093e-07,1.282525797111474676e+06
5.298313954699868766e-07,1.057766158092148136e+06
6.949969483081486369e-07,1.321744259573947173e+06
7.459530545314676398e-07,1.360517709832271095e+06
6.519982300530652377e-07,1.570607067661851412e+06
6.784663223270438269e-07,1.567434769973061979e+06
7.164230033000617855e-07,1.731683044115311932e+06
6.394091514603351134e-07,2.051676604988864157e+06
2.574578843232829136e-07,6.294597551040966064e+06
1.193431661997411210e-06,1.392000585130905500e+06
3.126016740369876699e-07,1.380434036985540995e+06
1.515186649683715755e-07,3.293241712297718506e+06
2.734579341377742348e-07,2.131598997246842366e+06
6.949969483081486369e-07,1.321744259573947173e+06
8.460794646639532123e-07,1.161002216790508013e+06
7.459530545314676398e-07,1.360517709832271095e+06
8.517744791846105181e-07,1.201755398419064004e+06
2.193265180008954075e-07,5.056445395745404065e+06
6.269527517183302209e-07,1.868793007815286517e+06
8.990706255224922278e-07,1.560706658846910112e+06
1.515186649683715755e-07,3.293241712297718506e+06
2.668712108012772883e-07,1.997392729695344344e+06
3.077099959041163262e-07,2.161792766144692432e+06
2.573205427931678305e-07,2.334827353716466110e+06
4.816280730518196261e-07,2.413502447120172903e+06
6.706834986653156381e-07,1.840974635088457260e+06
6.220030935279330120e-07,2.138407957169990521e+06
7.905027087871319096e-07,1.740795272631175816e+06
7.270697837562598858e-07,1.906288555028525880e+06
1.071929421004739951e-06,1.381354377982672770e+06
1.400039740660276680e-06,1.191921191957379458e+06
1.436021092521363557e-06,1.233135139550945489e+06
3.375559352907223914e-07,1.357793606424774276e+06
7.351314426709797784e-07,1.059169143137324601e+06
1.084081912845642494e-06,7.830263057608003728e+05
6.808000617958934566e-07,1.317265372993684374e+06
1.071830515120393132e-06,8.783814443875155412e+05
8.328066600429584521e-07,1.114263742286059074e+06
6.983396238520477006e-07,1.539204657142145094e+06
9.376886216207687962e-07,1.204783830696463119e+06
2.548181437307854458e-07,4.440268360361260362e+06
8.409770044683548923e-07,1.551562716757183196e+06
1.573037689693098305e-06,9.410484192852526903e+05
1.903746287117608951e-07,1.277583285244392045e+07
2.038779022059353182e-07,4.701537462800008059e+07
1.683415712653946048e-07,4.046982852076254785e+07
7.043915889858744186e-07,1.225622676430149470e+06
4.264999721496671932e-07,2.058302963175323559e+06
8.110722265710733164e-07,1.195323661337540718e+06
8.658353585237496662e-07,1.628151328067252878e+06
6.982360539300498656e-07,2.090208576053629629e+06
1.416850298554657351e-06,1.251491390388094587e+06
1.473998010249876173e-06,1.201124406249789754e+06
1.903746287117608951e-07,1.277583285244392045e+07
3.061266046014067515e-07,5.513799749195751734e+06
7.307323790128505287e-07,1.522190532886941545e+07
1.478613443649352318e-07,6.709620485970498994e+06
7.933559355744077992e-07,1.244312808472807985e+06
8.138227331246395534e-07,1.403456586192433257e+06
8.631545652269469000e-07,1.600600179290873464e+06
1.703916802681669743e-06,8.727212137338005705e+05
1.682678699076302974e-06,8.833572673372862628e+05
1.595571873494791495e-06,9.328733552999288077e+05
3.830144072614392455e-07,4.613324539325364865e+06
1.704542433365354559e-06,9.771851380972189363e+05
4.555095974966133005e-07,1.521628964477770962e+06
8.215579709123163184e-07,9.745399407050800510e+05
8.686535779278114006e-07,9.669740181383240269e+05
1.289514743782717640e-06,7.012234955415811855e+05
1.270233672374487552e-06,7.139635944641060196e+05
9.775271479341717457e-07,9.878962168031969341e+05
8.720269910641993247e-07,1.154078496826307382e+06
9.020282695482252986e-07,1.204625368187323678e+06
1.056857948801974947e-06,1.064679944976673927e+06
6.818743271244800977e-07,1.869313626865534810e+06
1.638120978053579606e-06,8.123826326120302547e+05
1.830579695320701738e-06,7.269318766266639577e+05
3.431533023818416711e-07,1.513788507512797834e+06
4.386412781088193743e-07,1.195585041318668285e+06
8.279748128315114462e-07,8.275926563971653813e+05
5.868468561337193652e-07,1.528393398696904304e+06
7.309017042725447100e-07,1.275210799583370099e+06
8.031308795426267543e-07,1.275715373350426788e+06
7.761554735912548575e-07,1.477226233656154713e+06
4.874329664796756352e-07,2.485617744535697158e+06
1.343440218486361568e-06,9.496216327113958541e+05
1.198018556956628403e-06,1.057094582241629483e+06
1.590155150512459144e-06,9.326825514152925462e+05
3.800804857740256540e-07,1.419922340004892787e+06
3.611329145617805610e-07,2.064972396739820018e+06
2.908076520246213427e-07,3.140562366208940279e+06
7.795785597422552469e-08,1.035546520394969545e+07
2.857777100480038055e-07,3.544764154805371538e+06
4.670968439264439569e-07,2.129682914744297974e+06
5.920798290981596905e-07,1.997194512286099838e+06
4.180973664363944375e-07,2.888797743429545779e+06
6.200054139322387854e-07,1.887948953447898850e+06
6.531705915632024684e-07,2.339762666926901788e+06
5.316962837133193662e-07,2.343580699436463881e+06
9.329410687738534277e-07,1.588185835714862682e+06
4.063146421969733767e-07,1.773765408748225542e+06
8.911263504476329913e-07,6.286848850288026733e+05
4.010342039210294658e-07,1.433682068216796964e+06
6.996587931695787973e-08,1.034436200097373500e+07
1.514840286571289110e-06,6.817762125782396179e+05
1.693714651830378454e-06,6.512709582009946462e+05
1.996586719336819974e-06,5.922204997653996106e+05
1.748063123418666572e-06,7.509280558579631615e+05
1.932157360069777956e-06,6.729148546201805584e+05
3.242301676617088073e-06,5.121829071343744872e+05
1.036089785854849602e-06,9.286184852178271394e+05
9.730731577395416948e-07,6.647974728406274226e+05
1.497410517417662611e-06,7.538391882569092326e+06
1.496756442907774925e-06,5.979021715325454716e+05
1.780700393578785024e-06,5.857964694847826613e+05
2.234581020241060425e-06,4.594499873009758303e+05
2.392186532789568116e-06,4.256319485402136925e+05
1.514840286571289110e-06,6.817762125782396179e+05
1.693714651830378454e-06,6.512709582009946462e+05
2.096631775623549374e-06,5.370625857048415346e+05
3.395440559199607111e-06,3.916981960931470967e+05
3.007627114595229646e-06,4.658705325591539149e+05
5.499979992057043557e-07,7.418402152693723328e+05
5.703924615802830497e-07,7.847926490701199509e+05
2.704571599886134643e-07,1.959385591624081600e+06
1.780700393578785024e-06,5.857964694847826613e+05
1.005371857071046181e-06,1.140336121584917651e+06
1.163008391503193656e-06,1.062020701602916466e+06
1.861862829086521731e-06,6.683507765891259769e+05
1.462758569750554572e-06,9.942958538889901247e+05
1.966289188243655677e-06,7.529630899387756363e+05
3.007358370820872938e-06,4.921155627657887526e+05
3.418549041568220920e-06,4.586204977460868540e+05
2.919986440165292908e-07,2.038640628390540602e+06
3.620062827147457335e-07,2.472532786426682025e+06
4.569293102141259994e-07,1.964837998217644868e+06
3.696890260633364494e-07,2.998825898071179911e+07
1.388879943959798534e-07,6.925686951286595315e+06
5.140687948740451087e-07,1.906702319029208738e+06
5.368702026576350111e-07,1.887113374317162903e+06
3.175537778355690686e-07,3.557694482534804381e+06
4.605688309495323960e-07,2.466852285051074810e+06
7.809929856180911476e-07,1.529438190484898165e+06
5.465215518679673807e-07,2.204458150683924556e+06
8.121570553326860590e-07,1.724181863253832329e+06
2.236826918351770496e-07,2.764030604308732785e+06
4.651987933081296476e-07,1.688552495079342509e+06
4.827912915761934429e-07,1.678326780414097244e+06
5.361349595099245410e-07,1.611478521913025063e+06
4.569293102141259994e-07,1.964837998217644868e+06
5.249427652821769153e-07,1.681802072185277939e+06
5.453879648599679492e-07,1.655909471767639276e+06
5.424183743947515924e-07,1.691350042451676214e+06
6.806316061491207623e-07,1.430188172134640394e+06
5.368702026576350111e-07,1.887113374317162903e+06
1.768190467807517437e-07,3.649447799784341361e+06
5.524826028008382025e-07,1.476585719743249239e+06
6.124109644623523177e-07,1.428783891808176413e+06
4.378062728265772111e-07,2.062914674875227036e+06
5.568228943925167041e-07,1.601189974617911736e+06
6.338502638363969423e-07,1.425958620153116994e+06
6.395527030898908860e-07,1.411258110501511954e+06
5.477735297443847078e-07,1.765039391667778371e+06
3.902377361822842682e-07,2.536774098744490184e+06
3.702026830331233404e-07,2.816359396649726201e+06
6.571827822942185280e-07,2.138163688080976717e+06
1.748517643627583773e-07,2.850605414432920050e+06
4.443227571877750213e-07,1.624539652983834269e+06
1.966175309490730839e-07,5.835719507291878760e+07
2.866693997175330469e-07,3.236443365219284780e+06
4.677225324606507506e-07,2.170933824471246451e+06
3.494377192814078719e-07,2.927445517266688868e+06
3.467259777945596796e-07,3.216113307276290841e+06
5.147957628278872594e-07,2.289531208712917287e+06
5.155423383317617688e-07,2.457155110853197053e+06
4.304275195663357810e-07,3.020108284809694625e+06
7.167590981739244821e-07,2.188465276721107773e+06
8.712987388315786208e-07,1.800048407733523054e+06
1.502510129228303825e-07,3.404094865395325702e+06
1.841010135200313875e-07,4.406190413581883535e+06
2.432166622383558570e-07,3.515772941660567652e+06
2.054656486003490426e-07,4.658097611822501756e+06
3.016628550818428607e-07,3.263975190986960195e+06
2.715738409646055630e-07,3.526936416761470027e+06
2.708889587599578985e-07,4.058047957690471783e+06
3.260526580921947634e-07,3.472750235115185380e+06
3.227566352415098280e-07,3.475332571106694639e+06
2.814156585962469398e-07,4.444442265587178059e+06
5.567728992709025866e-07,2.659036099996231962e+06
5.297925878213794911e-07,2.794822571207361296e+06
1.502510129228303825e-07,3.404094865395325702e+06
3.393496988331330251e-07,1.541416361638180679e+06
2.873062317152367741e-07,3.927560220785844326e+07
2.099038392056705545e-07,3.369642183217718266e+06
6.346062751656577572e-07,1.498339051332090283e+06
7.004157848171239763e-07,1.447044558181958273e+06
8.495550331865819032e-07,1.378064949312975397e+06
6.290740988501200617e-07,2.094949892784275115e+06
7.050876988236622330e-07,1.975731542394899530e+06
1.280258278330715866e-06,1.225596992363752564e+06
1.425957102417134518e-06,1.164166159525323659e+06
7.057882677231614552e-07,6.486809542014790932e+05
8.804472841256334822e-07,1.076956624209786067e+06
1.450335340805589305e-06,6.739528537181779975e+05
9.756798324839409835e-07,9.973359838410528610e+05
9.796345994758730077e-07,1.048643594282294391e+06
1.549023072552477832e-06,6.650750271165783051e+05
1.428432674690314804e-06,7.150498455668177921e+05
9.996203018885599885e-07,1.112376525841739960e+06
1.102547838148282569e-06,1.056756783136368264e+06
1.155591939129346463e-06,1.001265714060249156e+06
3.397005429599048109e-07,3.538708338791557122e+06
2.219609065056986740e-06,5.439029606748051010e+05
8.315170413991438255e-07,8.105606456348880893e+05
1.071749842832508246e-06,6.964869533686266514e+05
1.236704022298113598e-06,6.248759133515058784e+05
8.900547096277427758e-07,1.253416074819482304e+07
1.411862714100104937e-06,5.879762424654712668e+05
1.303826714553210175e-06,6.998510876084780321e+05
1.450335340805589305e-06,6.739528537181779975e+05
1.428432674690314804e-06,7.150498455668177921e+05
1.354948142162898283e-06,8.752664512985248584e+05
1.230219711929261765e-06,9.699874355633081868e+05
2.375307968165100320e-06,6.230544586957999272e+05
8.514730171293704913e-07,7.700848233722747536e+05
1.129561011996892636e-06,6.408558405373430578e+05
1.333553691783547267e-06,5.405918730620899005e+05
1.492655143393268646e-06,6.082111501155873993e+05
7.828965014172075230e-07,1.260099893057535170e+06
1.432078498831412125e-06,6.616368942907722667e+05
1.131322115189642356e-06,8.894435640662318328e+05
1.197683187825123681e-06,8.910168941173934145e+05
1.154378269123644958e-06,1.073087577273081988e+06
1.782423273946675266e-06,7.480628181116570486e+05
2.045786783736586185e-06,7.238106975269527175e+05
7.001212453061701851e-07,2.504351385873061139e+06
4.081690737932887667e-07,1.161191884554518154e+06
6.241769672510474141e-07,8.800451297804085771e+05
4.247522670711333039e-07,1.345839407418275718e+06
9.058752711295101273e-07,1.124590558756813174e+06
9.957671166624862753e-07,1.000687140375520103e+06
1.288583777795748230e-06,8.394035466061612824e+05
1.174374673180325543e-06,8.983384961974500911e+05
1.269515755020571845e-06,8.851710374701495748e+05
9.508266524024415292e-07,1.461999275871781865e+06
2.035541575592940398e-06,7.278036052076122724e+05
2.092088931443786000e-06,7.081159126823839033e+05
5.595635666947085583e-08,4.162887549454250932e+07
4.364287755103658332e-07,1.363084383100046311e+06
2.931159037488312639e-07,2.487048223425621167e+06
4.193004148491843800e-07,1.745505378452641191e+06
4.498469993984345453e-07,2.183694633901656605e+06
3.569910267949617410e-07,2.772720965427655261e+06
4.150882947377184207e-07,2.413746796641038265e+06
4.264395082352188402e-07,2.418325190438460559e+06
5.243385053263980304e-07,2.055003353925576434e+06
3.726603063474909799e-07,3.203530086074929219e+06
6.175089220471071905e-07,1.863195449018373387e+06
7.167295797589973136e-07,1.953000579117385438e+06
5.580364031356713989e-07,2.809875250658071134e+06
1.487576968976079049e-07,7.370796412092656828e+06
2.155660018557530354e-07,3.936395681746202521e+06
2.425960461615148021e-07,3.806927269540464971e+06
1.323044845353819975e-07,8.022598658113230951e+06
4.264395082352188402e-07,2.418325190438460559e+06
3.565993904399689382e-07,2.853924510518516414e+06
3.639499013533084915e-07,2.883545105082626920e+06
4.101343431666627439e-07,2.838217077648148406e+06
4.401671686410301412e-07,2.672517227740815841e+06
5.253007700737939465e-07,2.197497147838004865e+06
4.612795117978123771e-07,2.637608197278019041e+06
3.518813206141102379e-07,3.561899130031983834e+06
6.983662005672957163e-07,2.246430652176871430e+06
7.844701357703134371e-08,6.898685719066115096e+06
1.503361791868219751e-07,3.760053667045846116e+06
1.463979543232003536e-07,4.468412547514773905e+06
1.881796323906027288e-07,4.515647749877817929e+06
1.979466670365815021e-07,4.511491707398849539e+06
2.029602370435406153e-07,4.528500984913426451e+06
1.370077946125661531e-07,5.793866420258804224e+06
3.405993432167306560e-07,3.398804961771664210e+06
3.715071977471785286e-07,3.707459234716861043e+06
4.542069391723615193e-07,3.274454390953475609e+06
1.858555602622640442e-07,9.410599269491691142e+06
1.512681396380911509e-07,1.783539616446422413e+07
3.708776581747888197e-07,1.554327141298767412e+06
1.435208175159566498e-07,4.411051331206716597e+06
8.556287956665901429e-08,8.736116340815503150e+06
7.886995066093292141e-07,1.297226585185255157e+06
7.299469325695529837e-07,1.450278872045550263e+06
6.384563241210832213e-07,1.687957563748386921e+06
8.307921473037558048e-07,1.332425040481162956e+06
7.153755359959262453e-07,1.827270494183382718e+06
1.248492729349117736e-06,1.253805981330201495e+06
4.238675674910481987e-07,2.018803439000213984e+06
1.056398166160970433e-06,9.262453965258871904e+05
9.452231122459100252e-07,1.051343591991330963e+06
7.886995066093292141e-07,1.297226585185255157e+06
6.421791640658525586e-07,1.613352226185831707e+06
6.541821607290881612e-07,1.604142654588943813e+06
7.299469325695529837e-07,1.450278872045550263e+06
9.207803253901861819e-07,1.149555819145761197e+06
8.248189888808442576e-07,1.302487615569783840e+06
6.384563241210832213e-07,1.687957563748386921e+06
8.307921473037558048e-07,1.332425040481162956e+06
8.360623446005732690e-07,1.339870168859633617e+06
1.299583718478246907e-06,1.081047567473641830e+06
6.632315170359644243e-07,1.296904265100209042e+06
4.682529270599217617e-07,1.869004741621386958e+06
1.026961468998649790e-06,9.012977244010984432e+05
1.056398166160970433e-06,9.262453965258871904e+05
9.452231122459100252e-07,1.051343591991330963e+06
5.744765217902828242e-07,1.742651390391374705e+06
6.676335351678151886e-07,1.486669541811606847e+06
6.541821607290881612e-07,1.604142654588943813e+06
8.248189888808442576e-07,1.302487615569783840e+06
8.400829323495755107e-07,1.324329156210317975e+06
1.083758298421874320e-06,1.230493350961712422e+06
1.299583718478246907e-06,1.081047567473641830e+06
5.783256917035422348e-07,2.826782670161349699e+06
8.071080235563948275e-07,4.991467421325985342e+06
6.769516108785945071e-07,1.222793776792697841e+06
1.190427917047719521e-06,6.984787434036890045e+05
4.682529270599217617e-07,1.869004741621386958e+06
1.062460135274870357e-06,8.371019979561041109e+05
1.167766435914409514e-06,7.750213879028789233e+05
5.744765217902828242e-07,1.742651390391374705e+06
8.305903468390201869e-07,1.400457952690208796e+06
9.833765343749372105e-07,1.205347659036859870e+06
9.697913080331103431e-07,1.284470706167018972e+06
1.092183347376050172e-06,1.160625781651285943e+06
1.771174013142886354e-06,8.352173872831101762e+05
4.074815953346693966e-07,1.358948872181108687e+06
3.247754227239129401e-07,2.110493345547676552e+06
2.189695439473894816e-07,3.861043725513367448e+06
5.118452241528408025e-07,1.711724798033840256e+06
7.124822434979414686e-07,1.573351151686895639e+07
1.105922319503573409e-06,8.506175738433275837e+05
7.348871162705135295e-07,1.298838607382585527e+06
1.045238276137571810e-06,9.435478369081545388e+05
1.166887680003260220e-06,8.828753185544619337e+05
1.551496682956266658e-06,9.051604156520833494e+05
1.692807474435433299e-06,8.308161695015789010e+05
3.197483750858524762e-07,2.301944200756107923e+06
2.308908889858943276e-07,3.422500426999849733e+06
4.180456139867607553e-07,2.210971529223009013e+06
3.086602078697244526e-07,3.146726770009141881e+06
5.008546074795345983e-07,1.856426391270159977e+06
4.093142858245180007e-07,2.348090064826048911e+06
3.851450212671396022e-07,2.881680325339538977e+06
4.329175512458893748e-07,2.568924312893601134e+06
7.845665572713191531e-07,1.519378274049737025e+06
6.213734305896954039e-07,2.068309319204461994e+06
8.969260849591474004e-07,1.482261701700942358e+06
9.498915042999039734e-07,1.559220644479578594e+06
1.473557968209080933e-06,1.063592019497748697e+06
4.829322310791996886e-07,2.344042369920013845e+07
5.734848348695068851e-07,1.521768150046258233e+06
5.121114005383297720e-07,1.739570621993855340e+06
4.032516660088073124e-07,2.385914764328424353e+06
9.807324793789908772e-07,9.686334053634941811e+05
7.611555385758441077e-07,1.264626728049953468e+06
8.226996111680581594e-07,1.185946636843546061e+06
1.097690428004019061e-06,8.848737210325162159e+05
7.819137030451078173e-07,1.611682548062091693e+06
9.453432288622343067e-07,1.309610489043191075e+06
1.104724936313671144e-06,1.149252222925995942e+06
1.613557064405168252e-06,9.170366246047030436e+05
1.225647835193013611e-07,1.820665857086956128e+07
6.330967602934995871e-07,1.328379265873960452e+06
6.385615250890912380e-07,1.366585133320616791e+06
1.084921827735885562e-06,8.441764370833460707e+05
6.272902479004987225e-07,1.456540734030287247e+06
6.811024055137634600e-07,1.375799146533671534e+06
6.639494329786627842e-07,1.477210329032878624e+06
6.357844994574552914e-07,1.545414767037364887e+06
1.159116661654477189e-06,8.424186678069200134e+05
7.707367887011494422e-07,1.382516997619657544e+06
5.553039714335350814e-07,2.060695402172031114e+06
8.585376921694264442e-07,1.513233090910332976e+06
1.149235619609049805e-06,1.221590588566842256e+06
1.010318312970971471e-07,2.302182700422392786e+07
7.208993818711709853e-07,8.834431607002062956e+05
6.674600708599074891e-07,1.157195404265057528e+06
7.119022018757545166e-07,1.140586383911531186e+06
6.272902479004987225e-07,1.456540734030287247e+06
6.811024055137634600e-07,1.375799146533671534e+06
6.639494329786627842e-07,1.477210329032878624e+06
6.357844994574552914e-07,1.545414767037364887e+06
9.820846369126234189e-07,1.202569282524753828e+06
7.356698233054532254e-07,1.631757406747412169e+06
8.846745749150046568e-07,1.334633653830501949e+06
1.600212639168736955e-06,8.753860585606009699e+05
1.486181247419375232e-06,9.963599933760329150e+05
2.806653371348463321e-07,7.154360366749015637e+06
4.017923365957078461e-07,1.641158772884282516e+06
6.947146766836340184e-07,1.213339502119627083e+06
7.870077646374588308e-07,1.112676774174619233e+06
6.523811184314619618e-07,1.385488025889751501e+06
8.269556019323390833e-07,1.217302518899864284e+06
9.278564184717207229e-07,1.211806774569135392e+06
6.926624955191565067e-07,1.819264958028190536e+06
9.329598867002393526e-07,1.330682901571533643e+06
8.294323868793816741e-07,1.586978070841262583e+06
1.469984540545099096e-06,1.008227284934121766e+06
1.611908661856763608e-06,9.717568216298095649e+05
3.567694175888328342e-07,2.044631326947876019e+06
3.768346550385579638e-07,2.033970840627931291e+06
4.108277012836388343e-07,2.000171783565014834e+06
6.523811184314619618e-07,1.385488025889751501e+06
5.424761709789836879e-07,1.644884489781703101e+06
4.472172368815960566e-07,2.175039324765866622e+06
5.449217485979671176e-07,1.771595026639234042e+06
8.269556019323390833e-07,1.217302518899864284e+06
5.119463483152371969e-07,2.315494600807351992e+06
5.081387756696059079e-07,2.439457683512894437e+06
9.099885291123601599e-07,1.626824969003658509e+06
6.582217561330358858e-07,2.362041649896491785e+06
3.548686752652394324e-07,3.125845795320206322e+06
5.888823132077107850e-07,9.237369698916983325e+05
3.754899304164256367e-07,2.404402258806846570e+06
6.657478529731036165e-07,1.353984410095826024e+06
4.741893324142578197e-07,2.026618822248625802e+06
5.578544269167314210e-07,1.655343382265074411e+06
1.633868354689513105e-06,6.339743973881757120e+05
7.148225551923757886e-07,1.453201489081004169e+06
9.701729411074480740e-07,1.289114376845906954e+06
9.711610257139415005e-07,1.488942951839843998e+06
1.736903813663580232e-06,9.558726902741320664e+05
6.197118777762485888e-07,7.439408456073803827e+05
1.034882793312964678e-06,1.360915967343791388e+06
1.715276849280725879e-06,4.985633509703989257e+05
4.955448029317538355e-08,1.811920094360693172e+07
2.085388431883670551e-06,4.371691587139988551e+05
1.759964490764674901e-06,5.397725391845457489e+05
1.930414644416544066e-06,5.037027038429860841e+05
2.110662139628190079e-06,4.642849698452138109e+05
1.174817862105544283e-06,8.777298613518455531e+05
1.296566072929428886e-06,8.155616234324238030e+05
1.239997810836646983e-07,7.539481911306019127e+07
4.229275899673723259e-07,2.001640663806846133e+06
4.242473512842156352e-07,2.026328109069903847e+06
4.925559930327086881e-07,1.891494082621213747e+06
2.496532009058631737e-07,3.795835187034526840e+06
5.062525811630884276e-07,1.924323868832905311e+06
4.103907369096036223e-07,2.495861828960699961e+06
4.161943773896134692e-07,2.449933673506609630e+06
1.655343650888710731e-08,6.255410335936163366e+07
4.855742963014342429e-07,2.315145186442304403e+06
6.344390655239105823e-07,1.995846391075365944e+06
6.189795779406399896e-07,9.248308659899665508e+05
4.075205848000129703e-07,2.156288586724871304e+06
4.109391289444028379e-07,2.173221093121646438e+06
5.205337777036310694e-07,1.790733348648644285e+06
5.394770889331725804e-07,1.790564106844878988e+06
5.441304629282816952e-07,1.941617456481161062e+06
8.683490380091760348e-07,1.217285555587730603e+06
8.420910721556978537e-07,1.260323346690671053e+06
4.855742963014342429e-07,2.315145186442304403e+06
7.599879224752364615e-07,1.459927405131824315e+06
7.314591423060628859e-07,1.600293536390009569e+06
6.328067617717250112e-07,2.063245700937811984e+06
8.218183931616990432e-07,6.827510697571564233e+05
6.189795779406399896e-07,9.248308659899665508e+05
9.658167882886616788e-07,9.356899383770177374e+05
8.084721844367370373e-07,1.167860725751340389e+06
8.281829603668031566e-07,1.178438976591411512e+06
9.340032723931384673e-07,1.047730272867643624e+06
8.292200100197821299e-07,1.224722223689918872e+06
8.420910721556978537e-07,1.260323346690671053e+06
9.516578141932511999e-07,1.259081764372489881e+06
9.865794333479402156e-07,1.324619660085437121e+06
1.798606231759245046e-06,8.708431925704200985e+05
6.115304067707107931e-07,2.846850557112847455e+06
9.261327960471478390e-08,2.494993396515656635e+07
9.238748312267248078e-07,8.059928580769316759e+05
1.061581244286974200e-06,7.012507920634705806e+05
7.681378544150494187e-07,1.029964951536535285e+07
5.538444701112294587e-07,2.812582843733672984e+06
1.294615913165531075e-06,7.002645380925316131e+05
1.048103904013731829e-06,9.046367377069696086e+05
1.247819136087181397e-06,7.562266837964925217e+05
8.927560900054325643e-07,1.032064316759628709e+06
1.144626060446936830e-06,8.864303185065248981e+05
1.246548180348698600e-06,8.213769442455769749e+05
1.673178587851800327e-06,9.403114851388438838e+05
5.750526390969229577e-07,1.535946051912793191e+06
6.263183592315272868e-07,1.435499863200576045e+06
5.740644624762931705e-07,1.658291686769819120e+06
6.983907282276968452e-07,1.427354263047942659e+06
6.477786083808020586e-07,1.502381347265534336e+06
6.712244043613674813e-07,1.458628344188911142e+06
6.445467969760964780e-07,1.521621885984692490e+06
1.163111500411556930e-06,8.850816032448802143e+05
8.523933955610106254e-07,1.182640352912143106e+06
8.013885590851075068e-07,1.555142151863721432e+06
9.322455187578805000e-07,1.390634174385699211e+06
1.724066128620083693e-06,7.345746118896402186e+05
1.535572660734896472e-06,1.020611310367786558e+06
6.997689860717555488e-07,8.091336245023318334e+05
5.750526390969229577e-07,1.535946051912793191e+06
6.263183592315272868e-07,1.435499863200576045e+06
6.462561403900676637e-07,1.459087990472244332e+06
5.901186748300724363e-07,1.674733587333756965e+06
6.445467969760964780e-07,1.521621885984692490e+06
8.516012758436762567e-07,1.208493559517932823e+06
6.520106076616448625e-07,1.553252787093031919e+06
9.440040221846765429e-07,1.117194705637442414e+06
1.154905119203066182e-06,1.005458339325911831e+06
9.990578338325399237e-07,1.256444423298646696e+06
1.955569572432256705e-06,8.500595738766804570e+05
6.432388923271064281e-07,7.050802808515097713e+05
1.353624802615889960e-06,6.789197245588575024e+05
1.327886772693323047e-06,7.184106625827779062e+05
1.502155415454909569e-06,6.219021768863807665e+05
9.715561150858869057e-07,1.036030643199782120e+06
1.488649859865032130e-06,6.811509223282038001e+05
8.475128358545012472e-07,1.192213844979982125e+06
9.582233484965673300e-07,1.106152947476393776e+06
8.187455219127693223e-07,1.316064713986824499e+06
1.422950077639937873e-06,8.722545486167399213e+05
1.318299668516101416e-06,9.479768276457914617e+05
2.477997214161815996e-06,6.322471290142819053e+05
2.774302362626173499e-07,1.842833950292805443e+06
1.444316379985011119e-07,3.612979882326722145e+06
3.042983219851281061e-07,1.756939584111479344e+06
7.519348227122307829e-07,1.142145073031082982e+06
1.353624802615889960e-06,6.789197245588575024e+05
1.502155415454909569e-06,6.219021768863807665e+05
1.754405977942363186e-06,5.597889254893424222e+05
8.710263700272008212e-07,1.110306428233747603e+06
1.868350268172347690e-06,5.450296698818720179e+05
1.454069335713604314e-07,3.784500237316162325e+06
2.055241080649108108e-07,4.088188795902792830e+06
3.001270886457089384e-07,2.902195230752005707e+06
2.363616110602458810e-07,4.498136150873092934e+06
3.751199341151733053e-07,2.720495829178751446e+06
3.232737974010384608e-07,3.189345299189989455e+06
4.007235320190640698e-07,2.747450460050597787e+06
4.385732599156910083e-07,2.661883558687337209e+06
5.093367832803394873e-07,2.296783471596890129e+06
4.241438293713480895e-07,2.768389386118897237e+06
3.251241649985227314e-07,3.360666482423887402e+07
7.246328097616829657e-07,1.936225503193622921e+06
1.759948535495984178e-07,1.207461730189121142e+07
5.864179247842982125e-07,8.627994880873709917e+05
4.120124087385498326e-07,1.236244575129243080e+06
4.649533562375862719e-07,1.185042728784506908e+06
9.784556689896800158e-07,9.814444499718430452e+05
1.426416390015511891e-06,6.679602154052574188e+05
1.585290195500625267e-06,5.899076156732618110e+05
1.127726807475230759e-06,8.945668420930238208e+05
1.317804883451125234e-06,8.476613683921929915e+05
8.803235892334026616e-07,1.419395628891013796e+06
1.829990208328156767e-06,7.667463200761763146e+05
1.105596789172981835e-07,1.908907818200739846e+07
8.896555726376147630e-07,8.433626399142619921e+05
5.374989207972377219e-07,2.106557767691615596e+07
1.585290195500625267e-06,5.899076156732618110e+05
1.426416390015511891e-06,6.679602154052574188e+05
1.064483265853242439e-06,9.237536205780614400e+05
9.305182094033278786e-07,1.109078713468987029e+06
9.300960798600406879e-07,1.179025775770093547e+06
1.032677398841478784e-06,1.048607411285604816e+06
1.092712004171187118e-06,9.672087915362867061e+05
1.393765764635922273e-06,9.087507752541004447e+05
1.299934235219404646e-06,9.795597154908579541e+05
1.860436814275948867e-06,7.147731938362770015e+05
3.595029348747322600e-07,5.178103831261153333e+06
4.703995584821262979e-07,2.114750902116085961e+07
4.609570868811545418e-07,2.083271848729752377e+07
8.961675816588510489e-07,8.857473540773491841e+05
8.211372159635524557e-07,1.056602895855311072e+06
6.980099090747658799e-07,1.293605003236267949e+06
8.725288336345564203e-07,1.299221105274839327e+06
7.245920345394204637e-07,1.581726113619290758e+06
8.545012368201079590e-07,1.324065240309228655e+06
1.124105606907291051e-06,1.080883658513502683e+06
1.443627854215311396e-06,1.025680134915481322e+06
1.471599748482213482e-06,1.066753839153856272e+06
1.854151304627866860e-07,1.254373807307010889e+07
4.625528990417724393e-07,2.147040014466192946e+07
5.045534287811550085e-07,1.630638813551707752e+07
1.315575258246175497e-06,6.384603281040714355e+05
1.624978823551244650e-06,6.045362405217695050e+05
1.060666914664579837e-06,1.042590851598629542e+07
1.598686030784358202e-06,6.498209965125366580e+05
1.112814350235649993e-06,9.797769392114183865e+05
2.161970676978299066e-06,5.338829652319956804e+05
1.306848462301699966e-06,1.059022861479946645e+06
2.545697338576583285e-06,5.511402913109810324e+05
2.496708161132473009e-06,5.967984386919700773e+05
2.748823198045795604e-06,5.716931075556742726e+05
1.680981223454977181e-07,5.711211246146632358e+06
5.549749110614296082e-07,1.235697294639674248e+06
7.884584734215698599e-07,1.157438704999624752e+06
1.850391542685660171e-06,5.306595122713281307e+05
1.109929317727784364e-06,8.656579014937925385e+05
2.070539088432303419e-06,5.122088570078767953e+05
1.323518848376729642e-06,8.223529984334527981e+05
1.647490365015503659e-06,6.874136126499172533e+05
1.520431182718659085e-06,7.824728779246091144e+05
1.305503978311982631e-06,9.510428589635132812e+05
2.392280861201597525e-06,6.186950115903121186e+05
2.874208109974375910e-06,5.149107121608501184e+05
1.680981223454977181e-07,5.711211246146632358e+06
4.543045277006934956e-07,1.805477440420665778e+06
2.724668264974615811e-07,5.736874991247557104e+06
4.522434466259832206e-07,2.065042213811387541e+06
6.501486956991568361e-07,1.410881589055665536e+06
6.920374324113870117e-07,1.411429083952250425e+06
6.862230064043468592e-07,1.498571765401185956e+06
7.092286865344216771e-07,1.522430114747933485e+07
5.765583129940321143e-07,1.742097385175887030e+06
5.313350258918568696e-07,2.008793693986458704e+06
1.404522974222698271e-06,9.953358375689222012e+05
2.559261427753881184e-07,2.947025953127983492e+06
5.751223994160072598e-07,1.505323494174759369e+06
4.468497199003082433e-07,1.907008875813448103e+06
4.499728597106121435e-07,2.477616233006833866e+07
3.000297277715483716e-07,3.772915574925985932e+07
6.833390231243066173e-07,1.369160091805118602e+06
3.422175045938606772e-07,2.836386088908972219e+06
5.800144906531892444e-07,1.797250401158272754e+06
6.164430978082668872e-07,1.817379846902424935e+06
5.362344399961055979e-07,2.169919049564959016e+06
8.792182394781621411e-07,1.597891811848001322e+06
9.597424264747018828e-07,1.541990650552329374e+06
2.532238823304091168e-07,1.888436245821344433e+06
2.760503519835892594e-07,1.750783112780080410e+06
4.635472384989003725e-07,1.889265764919114532e+06
5.821441591547588446e-07,1.654906184335721890e+06
6.637394207538153303e-07,1.472768412679859903e+06
4.911297243998966249e-07,1.978927021125270519e+06
6.846375157446785515e-07,1.424578076111699454e+06
5.022929049194913542e-07,1.966962254642813001e+06
5.492808858928887567e-07,1.928479567376792897e+06
7.390084410268407344e-07,1.443352215575585142e+06
2.580617835397592306e-07,1.892727331768330885e+06
4.635472384989003725e-07,1.889265764919114532e+06
4.911297243998966249e-07,1.978927021125270519e+06
5.022929049194913542e-07,1.966962254642813001e+06
5.247474084985815440e-07,1.940591186562645016e+06
5.360714607473656086e-07,1.906344919186437968e+06
4.741146697721151572e-07,2.241020070827031508e+06
5.501205426670396233e-07,1.928314998525284231e+06
5.009565026105989703e-07,2.210523910331285093e+06
4.666485523742068754e-07,2.496373403480245266e+06
4.395707587937478596e-07,2.670596090026322752e+06
4.031811069491068525e-07,3.418110576507898979e+06
4.400766111314696205e-07,1.437009399921380728e+07
2.095189148411431738e-07,4.174490034162356053e+06
5.300363178804143378e-07,1.662716333749979967e+06
4.423316405273083814e-07,1.972184527509770356e+06
5.360714607473656086e-07,1.906344919186437968e+06
5.501205426670396233e-07,1.928314998525284231e+06
5.385435800367583909e-07,1.979915987688097870e+06
5.219344609162644387e-07,2.040606698367523961e+06
4.741146697721151572e-07,2.241020070827031508e+06
3.363994674588771281e-07,3.485382511706298683e+06
7.907887757317894088e-07,1.615956238613224356e+06
1.043380519774575625e-06,1.424713347342339577e+06
1.644637155536354065e-07,1.421388197909425572e+07
3.311716596511606575e-07,1.178891473832288757e+06
5.305137304940991815e-07,1.681351765649204841e+06
6.095084774124771898e-07,1.398770229346155422e+06
1.420620419228907116e-06,6.678724961234927177e+05
1.434558610078565895e-06,6.864131270292125409e+05
1.113299980282467201e-06,9.012899705722226063e+05
9.215283368421513569e-07,1.078136378840543563e+06
1.003805871743227198e-06,1.017517334336186526e+06
1.320135957244738907e-06,8.746821575432510581e+05
1.098833979095669706e-06,1.127065972795041278e+06
1.979980341387122689e-06,7.477377316192752915e+05
2.259737916535108983e-07,4.291721470394005999e+06
4.408543009566407191e-07,1.786335125731194392e+06
5.325835570443119537e-07,1.495246449245749507e+06
9.029594955574000909e-07,9.249075379116825061e+05
1.091672979397476762e-06,8.230837971638726303e+05
1.434558610078565895e-06,6.864131270292125409e+05
1.210706765361204268e-06,9.278416920729838312e+05
9.604566337784798985e-07,1.193363922977983719e+06
1.651353126046081329e-06,6.706937599258781411e+05
1.980618948650366143e-06,7.083099085984923877e+05
1.767662613015727698e-07,5.642865066707810760e+07
2.749759509191596199e-07,2.002504280396791175e+06
3.590072980427170649e-07,1.615608212309047114e+06
2.368581479453690450e-07,2.919496150254276581e+06
3.822236799161875714e-07,2.473789650524093304e+06
3.217863395701711551e-07,3.209279247809651308e+06
3.356450770703426984e-07,3.271856814218215179e+06
4.199350949080172860e-07,2.778655031916672364e+06
2.970000833149130417e-07,3.946683092963186093e+06
6.574355872417376666e-07,2.027788121878979728e+06
3.882696352243031866e-07,4.064496505721020047e+06
2.393192259104799462e-07,2.199818986520202830e+06
3.590072980427170649e-07,1.615608212309047114e+06
2.910904966627147602e-07,2.028813822671059519e+06
2.586433269354270160e-07,3.050197936273525935e+06
2.403301162379410105e-07,3.977808923794189002e+06
2.043311452110203139e-07,5.110567235335101373e+06
2.795733618730386296e-07,3.617994488657998852e+06
3.094116528679491286e-07,3.609909174729076214e+06
3.242466046593744103e-07,3.565787367270653602e+06
3.564750294628700943e-07,3.585670822238564957e+06
4.838427056495267169e-07,2.902217905708013102e+06
2.746311264981319498e-07,1.672740060928414343e+06
2.504145197432762402e-07,2.258745160450336523e+06
2.813420945793123843e-07,2.859958457660890184e+06
5.645926074904329590e-07,1.514098222480700817e+06
3.762237471162793098e-07,2.285536461211720482e+06
6.509242211146843107e-07,1.486735098298293073e+06
4.189450939886669313e-07,2.694563293929686304e+06
6.909199114019262823e-07,1.720081732151012169e+06
3.358573071187501708e-07,3.735158613867986947e+06
6.893713084952743702e-07,2.035220868853483582e+06
1.277266791328492884e-06,1.157988855588180246e+06
4.135115352486349391e-07,2.095079750996845542e+06
1.286401756391287395e-06,6.612774709896390559e+05
1.348748181801830686e-06,6.477696667250706814e+05
5.469373289133543511e-07,1.624102064862904372e+06
5.123047879982112310e-07,1.694427040956502780e+06
8.561023116883165109e-07,1.107912925852130633e+06
6.668121253667689247e-07,1.390086303617969388e+06
9.506130604365318723e-07,1.022032630106806173e+06
9.437255898430699258e-07,1.200618476435654331e+06
9.335521923539488658e-07,1.265885461096689105e+06
9.415705247287831525e-07,1.379757209559336770e+06
1.656431919097059166e-06,8.938795960834170692e+05
3.838210447923518159e-07,1.234442658046739874e+06
4.011910165418084768e-07,1.182727993753964314e+06
1.177899799307493915e-06,7.412846894902628846e+05
1.170097575368735273e-06,7.766346732254840899e+05
1.118013023261558531e-06,8.943606546364300884e+05
1.084734505514629991e-06,1.028928316079483018e+06
1.079910734816963280e-06,1.048099760307371616e+06
6.006229905462779987e-07,2.047543012530883774e+06
7.067511131003819405e-07,1.936179199662190164e+06
1.531223834337854662e-06,9.694637975661609089e+05
1.864493989284441081e-06,8.917112404433616903e+05
2.124992310862039923e-07,8.856524875590706244e+06
1.657216821222647767e-07,3.008600752312535793e+07
3.768429636564795249e-07,2.105609619677640870e+07
3.416064107354269863e-07,2.535448504821853712e+06
4.013314483035146883e-07,2.138821351557597052e+06
3.391731321483001346e-07,2.775804992972483393e+06
4.068484800444319193e-07,2.384490016236644238e+06
3.827965580688179011e-07,2.626966074620479718e+06
4.459437546230635067e-07,2.571476784150226042e+06
4.396176959214033581e-07,2.720593232994913124e+06
8.487238660664271698e-07,1.742580450532748597e+06
1.166336906451683496e-06,1.361267182977860561e+06
1.575528650741159282e-06,1.054532133666060399e+06
2.040930752095873251e-07,1.075122934102756158e+07
5.677303044560663681e-07,1.553217930040929466e+06
3.429024430950171397e-07,2.710092665302918758e+06
4.173000055893259022e-07,2.226532937610275112e+06
6.235259718516267461e-07,1.561484582122486085e+06
5.142633980529807380e-07,1.948284460574729135e+06
8.567755867828457986e-07,1.300497021560971159e+06
1.660622102665826717e-06,6.518575566447422607e+05
7.896792360667920377e-07,1.455944156423419947e+06
1.197912422069595783e-06,1.073888970427747350e+06
1.828297029777309062e-06,8.578691675038832473e+05
6.399456454113372924e-07,6.902156003905710531e+05
1.382946046867820495e-06,5.812004835797689157e+05
1.355019334901002061e-06,6.530646450667389436e+05
1.092359214552557896e-06,8.281453520540891914e+05
1.471165740968663718e-06,6.546316899354959605e+05
1.733959492287606921e-06,5.963956467870754423e+05
1.594909670600724130e-06,6.746767787233944982e+05
1.232024542154166881e-06,9.715112108188597485e+05
2.563598438834670771e-07,4.450309111310616136e+06
1.254501272074720560e-06,1.107362562164230272e+06
2.550582864867455202e-06,5.502161703718604986e+05
2.686658513252381305e-06,5.841994811167874141e+05
5.999842077408727901e-07,1.963439581515152007e+07
2.088045275143276231e-06,3.864450623377399170e+05
1.291061295270444181e-06,6.992006171292869840e+05
1.613176934138687291e-06,5.992313262065632734e+05
1.638140297035326987e-06,6.482852010472394759e+05
1.368848507341239309e-06,7.971309279991257936e+05
1.549537139452788756e-06,7.293002753942902200e+05
1.661481865065364541e-06,7.164404161927361274e+05
1.456123412879849685e-06,8.120739925269801170e+05
1.606015241039944035e-06,7.430905182020242792e+05
1.818326914398779756e-06,6.392252131610610522e+05
2.581668610673758854e-06,5.430453900424969615e+05
3.044331005463619186e-06,4.859896850970862433e+05
8.029969001475041786e-07,8.477930693803252652e+05
6.063569392134622537e-07,1.174907715434817830e+06
7.039199893958573862e-07,1.724738050349071156e+06
1.302495552896437820e-06,5.903735878004402621e+05
1.476510486838081603e-06,7.381544006856622873e+05
1.549537139452788756e-06,7.293002753942902200e+05
1.695082302583439518e-06,6.707052485561612993e+05
1.661481865065364541e-06,7.164404161927361274e+05
1.421722791784147383e-06,8.184583093744436046e+05
2.051359904458787550e-06,6.184940529251330299e+05
2.695019253371752905e-06,5.494140971415989334e+05
3.016222557632929280e-06,5.197083136524939328e+05
3.852713585971546918e-07,2.270801266998965666e+07
5.127907122472766211e-07,1.122952152197333518e+06
4.874807179638722768e-07,1.457487313271329738e+06
7.334784504351545108e-07,1.083670289581715595e+06
7.671740035662553645e-07,1.093210599675340345e+06
1.201275445916617565e-06,7.472116362788835540e+05
1.476510486838081603e-06,7.381544006856622873e+05
9.680327969396880264e-07,1.143629265109956497e+06
1.413466908720752323e-06,7.866660639027230209e+05
2.695019253371752905e-06,5.494140971415989334e+05
3.755861739004432760e-07,2.364612778999763541e+06
4.741312534519230108e-07,1.865722062707620440e+06
5.229012206874455696e-07,1.715988156859435141e+06
5.095184664405406908e-07,1.874805587739087641e+06
3.077895725421457816e-07,3.340901467503307853e+06
3.887029093927087180e-07,2.593406969183744397e+06
5.213374677453032893e-07,1.971591075760848355e+06
3.861290879908878357e-07,2.954369053762477357e+06
5.736003458023405064e-07,2.040643382151414407e+06
5.736037433242300507e-07,2.062715983380701626e+06
8.919708063972481536e-07,1.355082670140860602e+06
6.969633852126939029e-07,1.907861071804697393e+06
1.057589215589786706e-06,1.402340828643831424e+06
5.024800769582563089e-07,6.613432440870581195e+06
4.565697373471443471e-07,1.876740449353676056e+06
7.530677946999960722e-07,1.141259235525045544e+06
5.229012206874455696e-07,1.715988156859435141e+06
4.807263670847498226e-07,1.934438616969633149e+06
5.095184664405406908e-07,1.874805587739087641e+06
6.010180439829662366e-07,1.548337123558136635e+06
6.697844404646584706e-07,1.429671903740589274e+06
7.465035544525216831e-07,1.307247215404884657e+06
5.213374677453032893e-07,1.971591075760848355e+06
3.509606238240632111e-07,3.405490942361185327e+06
1.909032355225916983e-07,2.862679742482118309e+06
3.160309823064081008e-07,3.910687626318755560e+06
6.490682553596312346e-07,1.167474674421704840e+06
4.122126334440158675e-07,1.921980749972133897e+06
4.345346884244003255e-07,2.160081109410335310e+06
2.389174437625260187e-07,4.408914233452674933e+06
5.291167377745779455e-07,2.264351922079224139e+06
5.228096739573426164e-07,2.270238620686914772e+06
5.676736822397433743e-07,2.308740271028372459e+06
5.573275156666248957e-07,2.319829587414328475e+06
9.383802378510979397e-07,1.670149775745372986e+06
1.036127850483514078e-06,1.511362750823584851e+06
1.857760539834816062e-07,2.740369911332044285e+06
3.626554850136422329e-07,2.246554217691150960e+06
3.785403171894538860e-07,2.603284067077642307e+06
3.120671125015707388e-07,3.222657448360223789e+06
4.460521162590336338e-07,2.359599612147268374e+06
3.108908092930677051e-07,3.517432515887172427e+06
2.909736254513132213e-07,4.111771757081435993e+06
4.659220651162636420e-07,2.528284982132631354e+06
5.527958537306698027e-07,2.276251256835158914e+06
6.057715069395137657e-07,2.091325591585788177e+06
5.841356568996663105e-07,2.274055541165684815e+06
1.099453141444941934e-06,1.343807142506155884e+06
8.186709868802556850e-07,1.809291550749047892e+06
4.192896718583717691e-07,1.875346218018884072e+06
3.352763981259836888e-07,2.253799518079582602e+06
5.789087077469050851e-07,1.463916551072313683e+06
5.817110653247075237e-07,1.555978044475795701e+06
5.275164448237245786e-07,1.778344797758910106e+06
4.770394942601028073e-07,1.968594741880137706e+06
4.781466854765290585e-07,1.956601946326842299e+06
7.424916050688257933e-07,1.305338612803919939e+06
7.086100024977330218e-07,1.404701983226675075e+06
6.547344515561208445e-07,1.514929800024460535e+06
8.169459462293727944e-07,1.239726631131100701e+06
2.962744801806680950e-07,1.877709376887673512e+06
2.783088866303189234e-07,2.015200996313303243e+06
1.480484778867978220e-07,4.979798695373746566e+06
3.816087817087384197e-07,2.558222646713653114e+06
3.513390504637886714e-07,2.917676533952563535e+06
3.994217923585170195e-07,2.933946044478184078e+06
2.556115587941245538e-07,4.589900937935998663e+06
5.165229731470289918e-07,2.424553165130025707e+06
3.590330675180425591e-07,3.623992803191829938e+06
5.776936687769897792e-07,2.251442656792975962e+06
5.894710069967356380e-07,2.458089970543124247e+06
6.567634971651694584e-07,2.253732769877268001e+06
9.943199167137830036e-07,1.576168349981423700e+06
2.783088866303189234e-07,2.015200996313303243e+06
1.479273132275890665e-07,8.271091076329206116e+06
2.803656626821847207e-07,3.047108236245945096e+06
1.692247931953376546e-07,5.031786008141458966e+06
3.161011442980132949e-07,2.834273902664377354e+06
2.421397165851331113e-07,3.970601935258836485e+06
3.816087817087384197e-07,2.558222646713653114e+06
3.513390504637886714e-07,2.917676533952563535e+06
3.593965471293753061e-07,3.008556400387723930e+06
5.405339393323467492e-07,2.342850620744129643e+06
2.978015459981020403e-07,4.507983490890856832e+06
1.995859277716408718e-07,3.413059677554862574e+06
3.217144148520508343e-07,2.139285570303464774e+06
2.779149520456535889e-07,2.315154678005931899e+06
2.709798599581954071e-07,2.696822635466152336e+06
3.831256837766809588e-07,2.294984152709433809e+06
3.862710340910297533e-07,2.440918250425280537e+06
4.008308760183850863e-07,2.360372292530342471e+06
4.007225406221701115e-07,2.448900662242154125e+06
2.946196995854073865e-07,3.446496711961617228e+06
2.770514765791169190e-07,3.680654599204264581e+06
2.651602040675349681e-07,2.232805811429822817e+06
3.204595116752632668e-07,6.016739625245288946e+06
4.038745282200619028e-07,2.012611619616815355e+06
3.631160678541323658e-07,2.625146395020042546e+06
3.890830559231614677e-07,2.502623965700918343e+06
2.946196995854073865e-07,3.446496711961617228e+06
2.770514765791169190e-07,3.680654599204264581e+06
4.508402475642506025e-07,2.396281756062052678e+06
4.484521980528560749e-07,2.520678556903831661e+06
4.334516125127740308e-07,2.624381483566495590e+06
7.653286578606082220e-07,1.834109567893309053e+06
7.892493495375293028e-07,1.875335772846524371e+06
4.428271224125298123e-07,1.939302212501601549e+06
4.476876150004979343e-07,1.901584988858446479e+06
3.346192866137411927e-07,2.680449377325916197e+06
3.890830559231614677e-07,2.502623965700918343e+06
3.965182002674002960e-07,2.644755929937831126e+06
3.400650794216376389e-07,3.040651925925984047e+06
4.508402475642506025e-07,2.396281756062052678e+06
4.051465591711592692e-07,2.639939182070380542e+06
4.484521980528560749e-07,2.520678556903831661e+06
4.112270921660518591e-07,2.900651724444802850e+06
6.197322451685898865e-07,2.154003756339422427e+06
7.653286578606082220e-07,1.834109567893309053e+06
7.940903805459261688e-07,1.764489496806806652e+06
4.221664219854037880e-07,1.879365535401315428e+06
4.886406244864648393e-07,1.636604256809755228e+06
4.516414732008132304e-07,2.503812799138496071e+07
4.476876150004979343e-07,1.901584988858446479e+06
5.031106634136316317e-07,1.788797486233260948e+06
7.615158774478125864e-07,1.202863420166370925e+06
3.965182002674002960e-07,2.644755929937831126e+06
5.479978291377254890e-07,1.960147771858363878e+06
3.551309370172360503e-07,3.220759397198207676e+06
1.087392937376265017e-06,1.113442703940544277e+06
8.385528562759944479e-07,1.589833548523702892e+06
1.141316872010203558e-06,1.236621019210810773e+06
4.717680235876779938e-07,2.419224475595790520e+07
9.091036205008491096e-07,8.457283884612463880e+05
7.794332994134960620e-07,1.021221903740925598e+06
9.504897748494833181e-07,8.307413764938173117e+05
8.258605414140472957e-07,9.873824904779882636e+05
5.430452026292381131e-07,1.520902984823205043e+06
6.434418351650386349e-07,1.342191478538025869e+06
5.973587419731088607e-07,1.548973786285208073e+06
7.869075092688522413e-07,1.213595114111305214e+06
1.232218744303380152e-06,9.791392108124096412e+05
2.945671308331874410e-07,2.053496067113259342e+06
6.187030402773520622e-07,1.341527496638547629e+06
4.978446851160294493e-07,1.702199994868163718e+06
4.538411797930117085e-07,2.051067636248326860e+06
7.313292916401450907e-07,1.272910827319526812e+06
7.145608331889656571e-07,1.353774793536603218e+06
7.291876009852910211e-07,1.405052586610998493e+06
6.959555238256239829e-07,1.559207205238691298e+06
9.508121139749947082e-07,1.214648431575112743e+06
6.609237591170987005e-07,1.799293766850303859e+06
1.314810676454595670e-06,1.068734987394249532e+06
1.255944335297965343e-06,1.179286278500987450e+06
3.190033767360264756e-07,2.071821497779910918e+06
6.187030402773520622e-07,1.341527496638547629e+06
4.802891234092446200e-07,1.676856842398774577e+06
5.225886780514988539e-07,1.733996373359512072e+06
2.639929468798888420e-07,3.451584577051657718e+06
5.550029677192672878e-07,1.679274580354706384e+06
7.313292916401450907e-07,1.272910827319526812e+06
3.231956069638776263e-07,3.463545241615605075e+06
6.425209564900498388e-07,1.836041593741914490e+06
1.756225106124404290e-07,6.936063766712246463e+06
5.052166261633873716e-07,2.493732996925321408e+06
1.071951165719753599e-06,1.380316620156771736e+06
2.876003079174869869e-07,1.692759304454830708e+06
4.024439071899608304e-07,1.354496646061171778e+06
8.800296579380975117e-07,1.279395938252955675e+07
5.225886780514988539e-07,1.733996373359512072e+06
5.550029677192672878e-07,1.679274580354706384e+06
8.537564457233572016e-07,1.187058525852929568e+06
1.470259330438066372e-06,6.996513086892326828e+05
1.254493828190397622e-06,9.390427544653367950e+05
1.570426618059081847e-06,8.911506755545878550e+05
2.172510178514640093e-06,6.466572692697115708e+05
2.115577139355561025e-06,6.995893830173894530e+05
2.225519725865618962e-07,8.999819306423308328e+06
9.914934362406768050e-08,8.818650352894987911e+06
2.371593962956347415e-07,2.018217994615234435e+06
3.235981512685177843e-07,1.828862891388000920e+06
4.564726023632230003e-07,1.299780836503583472e+06
7.341294232414106316e-07,1.438565242303256178e+06
1.060993448653308294e-06,1.009836180562771508e+06
6.816673329687700563e-07,1.571233721124018077e+06
1.270997830647327939e-06,9.511271854086678941e+05
4.080300816627837044e-07,1.128934754532421241e+06
4.564726023632230003e-07,1.299780836503583472e+06
6.582694347851597208e-07,1.465703797643844970e+06
1.086587444270587094e-06,9.446729096411049832e+05
3.539291632910020085e-07,2.797321053380395751e+06
1.139469948380486242e-06,9.324321387886295561e+05
8.401835117453129997e-07,1.247059976033261279e+06
6.816673329687700563e-07,1.571233721124018077e+06
7.341294232414106316e-07,1.438565242303256178e+06
1.060993448653308294e-06,1.009836180562771508e+06
1.128275869558301742e-06,9.389161267259217566e+05
1.633471909132870582e-07,2.811964179110572673e+06
1.441356888174400720e-07,3.391859945799230132e+06
3.640295722329778883e-07,2.548383042831289582e+06
3.641459994970890475e-07,2.624517392083361279e+06
6.872800373894092883e-07,1.451974234385186108e+06
4.375488038023548142e-07,2.226431367573969997e+06
4.091173390140478649e-07,2.463972728879298083e+06
8.401835117453129997e-07,1.247059976033261279e+06
7.830633442390529001e-07,1.868690063537984854e+06
8.466177861714192546e-07,1.552257848688183120e+06
1.580878767454242732e-06,1.050162843326693401e+06
1.792831166887590197e-07,2.943715489753609523e+06
1.564220486194874835e-07,3.514317018791981973e+06
2.064763730589506396e-07,4.330991482875604182e+06
2.318533012007736869e-07,4.333375927319450304e+06
3.495514308762347283e-07,2.835442723845224828e+06
3.729371839473020093e-07,2.730633889872715343e+06
3.464071719259708042e-07,4.587048477180394344e+06
2.889881701027373951e-07,3.993040131230702158e+06
3.337671501897867730e-07,3.710468504122956656e+06
5.088996754480837078e-07,2.629969761065281928e+06
5.578977501545147745e-07,2.385572984647471923e+06
1.340840720167835289e-07,1.490856973719433323e+07
2.929026140561674844e-07,2.541886135164588690e+06
3.890302242199445476e-07,2.057380463095218176e+06
4.487731479565098861e-07,1.805952026215449907e+06
3.543096930532669364e-07,2.282981871962280478e+06
2.351304745893561154e-07,3.663038452568139415e+06
1.873455815900817747e-07,5.128132329803093337e+06
3.681734788329239832e-07,2.552219125996884424e+06
2.318533012007736869e-07,4.333375927319450304e+06
3.495514308762347283e-07,2.835442723845224828e+06
4.937085237312642237e-07,2.583987085338313598e+06
5.578977501545147745e-07,2.385572984647471923e+06
1.883093426043657557e-07,2.751910582671367563e+06
3.775195729180648035e-07,2.195589410119437613e+06
1.828986608023437930e-07,4.826289999690270051e+06
2.257611480979606705e-07,4.209035307367223315e+06
4.861126619120989158e-07,1.933933614543085685e+06
3.821504585613344362e-07,2.426899131357744802e+06
4.376617856988506007e-07,2.185702181133203674e+06
2.182769661593475955e-07,4.466814317734177224e+06
2.846164345664945747e-07,3.809091018057826906e+06
5.677865420668084335e-07,1.847510267803514143e+06
4.788277154103633520e-07,2.783065009764264338e+06
1.883093426043657557e-07,2.751910582671367563e+06
3.518940300096918211e-07,2.897253476282220334e+06
1.603574631786705854e-07,6.256747347700104117e+06
4.376617856988506007e-07,2.185702181133203674e+06
4.861126619120989158e-07,1.933933614543085685e+06
3.821504585613344362e-07,2.426899131357744802e+06
4.978971544577884633e-07,2.027895348668438615e+06
4.004300019779105986e-07,2.517241713635422289e+06
4.667097689616197567e-07,2.450746728047675919e+06
5.536951059723574205e-07,2.192908124610659666e+06
5.286410093383373664e-07,2.340746351304901764e+06
8.902028071158855243e-07,1.760509385415658355e+06
2.367943402284428654e-07,1.285220485035695322e+07
3.448260006678343328e-07,1.789106680720268050e+06
5.343868468291706667e-07,1.650545728211294394e+06
6.642772818530981267e-07,1.409972262408191105e+06
6.057314375528136011e-07,1.569460604462317191e+06
7.309552532239479550e-07,1.308064955192392226e+06
8.126012403779227105e-07,1.201499305572471814e+06
3.835225637558943351e-07,2.523009739415640011e+06
8.200944548518386851e-07,1.199669104298932478e+06
1.089538329213014520e-06,1.059259253196858568e+06
5.536951059723574205e-07,2.192908124610659666e+06
3.352068981192850749e-07,1.775079434463599231e+06
4.078679522816421552e-07,1.986011489198567811e+06
6.224705947590098380e-07,1.360274882593412418e+06
4.387198983283549699e-07,1.890191540350676980e+06
6.725231617816178315e-07,1.387285098676947877e+06
6.271825322467758047e-07,1.822487510019082110e+06
5.307306579298916055e-07,2.195122889802864287e+06
6.932925047453383970e-07,1.707009105126256822e+06
5.776829338562958023e-07,2.079542884230438853e+06
6.278611512604532659e-07,2.076634145373310661e+06
1.211632362994847657e-06,1.221702528624684317e+06
1.136372538816714646e-07,1.265552155140073039e+07
1.115596299614206227e-06,1.404102527622880181e+06
5.500349976845062015e-07,3.068379713526258245e+06
6.541936769257368704e-07,1.200287392722969642e+06
4.078679522816421552e-07,1.986011489198567811e+06
4.387198983283549699e-07,1.890191540350676980e+06
1.229031173923360259e-06,7.695605969244017033e+05
6.542213776897016165e-07,1.492177103286969475e+06
1.242615872431155599e-06,7.901367949223855976e+05
8.705074998809855857e-07,1.202024494832928991e+06
1.175086817861616436e-06,9.612497898782580160e+05
9.896216994839468339e-07,1.324852374704852002e+06
8.082282488460900167e-07,1.701636314547745278e+06
1.965804127410847113e-06,7.529639419011697173e+05
1.195758145578269396e-07,2.525767809160475433e+07
3.925654479945657333e-07,2.328148488366230857e+06
8.129193439345490813e-07,1.383656388148844801e+07
9.382041281839230559e-07,9.315457560089123435e+05
6.057640499399331018e-07,1.509303057820006274e+06
1.268531824290286704e-06,8.129274739959066501e+05
1.097162317699944882e-06,9.854752419774755836e+05
7.670960846782590012e-07,1.496768026102447649e+06
9.101235029462678309e-07,1.358593783551991452e+06
1.728708542727403445e-06,8.113579190321742790e+05
1.917098584123590769e-06,7.322695640009441413e+05
1.549525773936997533e-06,9.553029525411003269e+05
1.177362004571980113e-07,2.300730232000919804e+07
1.914863761686096231e-07,5.625409887314246036e+06
1.797415914905755106e-07,4.774026298474944197e+06
4.251224148996074944e-07,1.994492935869367328e+06
1.465961321728384232e-07,6.799655451713216491e+06
2.915457306240258570e-07,3.263965589801908936e+06
8.505257890624546023e-07,1.234294859176435508e+06
5.824502634155244320e-07,1.715175071498927195e+06
3.700888221331543360e-07,2.856750714593160897e+06
1.553724473296169509e-06,9.521339413295414997e+05
1.916267867989930143e-07,5.313085556586757302e+06
1.816977596693846903e-07,4.462985511901786551e+06
1.723019181612613323e-07,5.131751422732501291e+06
3.687524284738889237e-07,2.564942135937184561e+06
3.533978636495877194e-07,2.748978735435790848e+06
3.402028004902793804e-07,2.864962294229670428e+06
2.854272620469740679e-07,3.486984682969353162e+06
2.704817047396173222e-07,3.683830425900272094e+06
3.418420213574633305e-07,3.076764627998712938e+06
3.892104901569039131e-07,2.725574904963477049e+06
3.700888221331543360e-07,2.856750714593160897e+06
2.952212385557435148e-07,2.094339534451688174e+06
2.852659247973771202e-07,3.058843308524525724e+06
3.533978636495877194e-07,2.748978735435790848e+06
3.402028004902793804e-07,2.864962294229670428e+06
3.561677299187885093e-07,2.771244647517687641e+06
2.969406452388829527e-07,3.457440054398129694e+06
4.016108968459619555e-07,2.521275761822492350e+06
3.418420213574633305e-07,3.076764627998712938e+06
2.929918357517997271e-07,3.625354541663011536e+06
3.286449588072260472e-07,3.231539289386001416e+06
3.077375909082598975e-07,3.597147854821819812e+06
3.001956553915493074e-07,3.857886009302024730e+06
1.896754896194488360e-07,1.497748141657102108e+07
1.404533574751755755e-07,6.892877229427641630e+07
2.915164972835618063e-07,2.906023994805139024e+06
3.762508262877996960e-07,2.351851946793011855e+06
2.969406452388829527e-07,3.457440054398129694e+06
4.814414835014837203e-07,2.282347963356261607e+06
2.929918357517997271e-07,3.625354541663011536e+06
3.286449588072260472e-07,3.231539289386001416e+06
3.077375909082598975e-07,3.597147854821819812e+06
3.001956553915493074e-07,3.857886009302024730e+06
9.567793431104357529e-07,1.547436577598091448e+06
1.296316440235521594e-07,7.588864379241175950e+07
4.020663318003452107e-07,1.677476253239048412e+06
1.018449592081117400e-07,1.265268028296780773e+07
6.162512955261938754e-07,1.397966555097308941e+06
8.596970404862886674e-07,1.113603965977504849e+06
5.237539102055184202e-07,1.764357182309805416e+06
7.141816541969687482e-07,1.302093453005537391e+06
9.641605538881474699e-07,1.010475695219038986e+06
7.849620920465690519e-07,1.510942761267171009e+06
8.071447100205414481e-07,1.530961091823500115e+06
1.385157950179361369e-06,1.131547987837809836e+06
2.435459745232892662e-07,2.267659264725051820e+06
6.082072331814207322e-07,1.534354849856698886e+07
1.905723235043810427e-07,3.784126601801065728e+06
4.473318707139129084e-07,2.045377929095859872e+06
5.080118530705425508e-07,1.905518462511717342e+06
6.247659249929346766e-07,1.549604897699208697e+06
4.978387571201793711e-07,2.025737457849385217e+06
9.237897881007463775e-07,1.156871796505340142e+06
6.830346893796990472e-07,1.755709609055464854e+06
7.463996816702395630e-07,1.746136552555373637e+06
1.344407156028566516e-06,1.044693320889448165e+06
1.311201525724612719e-06,1.194823042027427116e+06
2.299758028146823938e-07,1.043649195037330128e+07
5.283243023470388716e-07,1.757717557827114826e+06
4.162804427552563265e-07,2.393168136598568410e+06
9.497729630259700985e-07,1.022198756955016986e+06
8.549928016070866230e-07,1.155516551106500207e+06
6.065804670274203848e-07,1.670145475636568153e+06
9.250740184698993905e-07,1.153704976430841722e+06
9.545456353916013071e-07,1.217551139628259698e+06
7.758599346428128662e-07,1.690995755163020920e+06
8.206323114317733797e-07,1.589944705659961794e+06
1.474466732716305745e-06,1.062276934557550587e+06
2.966034714368555356e-07,7.419404506918539293e+06
7.250424859147409501e-07,8.210820404538539005e+05
7.426040249006024654e-07,7.978699292914939579e+05
8.419252919373213524e-07,7.731378537322960328e+05
9.497729630259700985e-07,1.022198756955016986e+06
8.549928016070866230e-07,1.155516551106500207e+06
1.029145727713833825e-06,9.538112631390965544e+05
1.035186744569296391e-06,9.846696822251267731e+05
7.806216720828836975e-07,1.363628211337712826e+06
9.250740184698993905e-07,1.153704976430841722e+06
7.685679677132906699e-07,1.521440822955791838e+06
9.545456353916013071e-07,1.217551139628259698e+06
3.220809879449623602e-07,1.531375409795343876e+06
8.305749067649043820e-08,6.346035067349267192e+06
8.044399204331777809e-07,9.493635811646053335e+05
7.068122097380526099e-07,1.447883403575768461e+06
5.791537350536930916e-07,1.737580257849819493e+06
4.973145079217181600e-07,2.078160146926875459e+06
7.173940441671184348e-07,1.418060538915031124e+06
7.806216720828836975e-07,1.363628211337712826e+06
7.685679677132906699e-07,1.521440822955791838e+06
6.611332618154576389e-07,1.844624563863629708e+06
6.842430227050053694e-07,1.776466868337815395e+06
1.677705343950610413e-07,3.392423802661232185e+06
1.007755336389922076e-07,6.516797892195104621e+06
3.092369362845501681e-07,2.318825901384895667e+06
6.238477943338887504e-07,1.550461557406777516e+06
2.586989150444812357e-07,4.053296830657405313e+06
3.488397964944443062e-07,2.982095559418802150e+06
5.436410436516400102e-07,2.054637804677714128e+06
5.645259255463419433e-07,2.055585886090947315e+06
3.277496918816535106e-07,3.633844880623636767e+06
4.752123670121531643e-07,2.720222587205429561e+06
3.613704207890242673e-07,3.832659559842057992e+06
7.499634552509285472e-07,2.091349199795782566e+06
3.377609975533075887e-07,5.485375964765772223e+06
1.677705343950610413e-07,3.392423802661232185e+06
1.828839322309422392e-07,3.778130125948174857e+06
3.063454464092123481e-07,3.096736864592249040e+06
2.230748680778444206e-07,4.443425117808784358e+06
4.736069175597518272e-07,2.186315517563527450e+06
5.638171419632355253e-07,1.893470503908446291e+06
5.870090087829731308e-07,1.807290555160284741e+06
4.337604870845627475e-07,2.513332308184369467e+06
5.376396610222552910e-07,2.055661288119034143e+06
5.436410436516400102e-07,2.054637804677714128e+06
3.277496918816535106e-07,3.633844880623636767e+06
5.645259255463419433e-07,2.055585886090947315e+06
2.657927444613755121e-07,3.579075393325296789e+07
2.792930438467176744e-07,1.670263580068342853e+06
5.378103280238557780e-07,9.358720096382651245e+05
7.771930661743960281e-07,1.113073606959127588e+06
9.447272108268836817e-07,1.179406036559690163e+07
1.232746921119828400e-06,8.502661047355197370e+05
5.170076557835372521e-07,2.278386948767452501e+06
2.128828282274596382e-06,6.581593339630425908e+05
2.191707361527866736e-06,7.217061964911294635e+05
2.339964665542525111e-06,7.146458095922626089e+05
2.682531488596247268e-06,6.592673721374968300e+05
6.280074239063967144e-07,7.700931224565093871e+05
1.436954231686134441e-06,5.788844148210112471e+05
1.656432882964610850e-06,5.232508268416625797e+05
1.392383544879202434e-06,6.620108333287874702e+05
1.550795150020321828e-06,6.057139156652687816e+05
1.809133992502626839e-06,5.679675904764060397e+05
1.770091921629341268e-06,6.122381662931686733e+05
1.451272498899194037e-06,7.829909970765622566e+05
1.632760020238459134e-06,7.290434802872336004e+05
6.953761289740571384e-07,1.672457930379020050e+06
3.057711898896657780e-06,4.842036517332140356e+05
2.766814626463498371e-06,5.359139916284527862e+05
4.279478000163430548e-07,8.918403114880779758e+05
6.345709994835938154e-08,9.788757185035394505e+06
1.073308853681368538e-06,1.033822130832675286e+07
1.292918082850643310e-06,7.214371258833766915e+05
4.666055270143406326e-07,1.996287946459531551e+06
7.903940014626791813e-07,1.222190639461861923e+06
9.320092722674664277e-07,1.335042190742650069e+06
1.600742095777024723e-06,7.438611314787421143e+05
2.240680461342200625e-06,5.934820472388498019e+05
2.562316448819616149e-06,6.162768493447323563e+05
9.634801245208283522e-07,1.803810769995477749e+06
2.969483965208544880e-06,5.602313661326444708e+05
6.659485394733094362e-08,1.081782207378837094e+07
3.644928449325516668e-07,2.265616494819638785e+06
3.432367214293294080e-07,2.467410525441961363e+06
4.141904997930323092e-07,2.198113151459399611e+06
3.642142088423819108e-07,2.458166220184602309e+06
4.549300270353269417e-07,1.980020208953840891e+06
5.144889673312182661e-07,1.847791061235077679e+06
3.901919389946775837e-07,2.801352984687075485e+06
6.643557975471366986e-07,1.780147454017677577e+06
6.505912474385182492e-07,1.730980175925937016e+06
8.623201378524359346e-07,1.639655980066684773e+06
9.390947928105619246e-07,1.633441362944107503e+06
3.907757379244572149e-07,1.120706286691758549e+06
4.859237571351454528e-07,9.296369917909401702e+05
7.391942507519364012e-07,7.502082207530293381e+05
1.161946160655407405e-06,9.506282885486549931e+05
1.522729996053372197e-06,7.427123231012471952e+05
1.083046101806888977e-06,1.081992678513621911e+06
1.326920299524618325e-06,9.358897838558229851e+05
1.403701012906462759e-06,9.289116323251620634e+05
1.188921014720983599e-06,1.159877935349931708e+06
2.553569748721401816e-06,6.139512134824567474e+05
2.292892258280911037e-06,6.831235233932026895e+05
5.025962985328970990e-07,4.198321873283821158e+06
4.748081025706862761e-07,1.040005712691447698e+06
1.258883923847612897e-06,4.630798819761733175e+05
7.965603911000940118e-07,1.124818394581187516e+06
1.378907683887111016e-06,6.682132798793673282e+05
1.595330881743243564e-06,5.634802593780813040e+05
1.082561508155389403e-06,1.030933983883977123e+07
1.002012189261606930e-06,9.249195047699499410e+05
1.658603264086337086e-06,6.220929615601366386e+05
1.396568163132509118e-06,8.461152191944401711e+05
2.276424022654055578e-06,6.152157771467753919e+05
2.494183996739670410e-06,5.627922780169430189e+05
2.682027962616140244e-07,4.270556204155986011e+07
5.122180913290513628e-07,1.411185304445021320e+06
4.641078388009885378e-07,1.608262200901032425e+06
8.240418254677880950e-07,1.046481721431050799e+06
1.329883390240723650e-06,7.217901841296785278e+05
9.780442264830818608e-07,9.895145551410388434e+05
7.491543106121594185e-07,1.312194609339566668e+06
9.567915419153480717e-07,1.034458989874461433e+06
7.619580017039646121e-07,1.393214219561421080e+06
1.987509580296546711e-06,5.777716307975290110e+05
1.267029533147918195e-06,9.085497476946326206e+05
3.703413581218960571e-07,1.167622520167872775e+06
5.637296745244579869e-07,9.708983374636479421e+05
1.061839253529915804e-06,8.812529837947204942e+05
7.491543106121594185e-07,1.312194609339566668e+06
9.793189827822206565e-07,1.005614152297175722e+06
7.795826479031054332e-07,1.264798645773327677e+06
8.175163647604494213e-07,1.193680524798115017e+06
7.619580017039646121e-07,1.393214219561421080e+06
7.540382325634896076e-07,1.659776643422531430e+06
8.461345897658676470e-07,1.464854440170051297e+06
1.447967311739444571e-06,1.082384958382848185e+06
1.298985043949581405e-07,3.033350620887455996e+06
1.752377394278282453e-07,3.576820955977054313e+06
2.564420389272988149e-07,2.603687660040591843e+06
8.175163647604494213e-07,1.193680524798115017e+06
7.795826479031054332e-07,1.264798645773327677e+06
5.618434774028656188e-07,1.788380599307025550e+06
8.865225751774539818e-07,1.326369105054124724e+06
4.567720926155319061e-07,2.708207903988395352e+06
7.892827208451722319e-07,1.573418430672064656e+06
1.025040814612778429e-07,1.312873793450761028e+07
1.403555888846983253e-06,1.184344702814119169e+06
2.206126600732896869e-07,1.054213039056535624e+07
1.323120511557356897e-07,3.038205902807684150e+06
1.698140553217282353e-07,2.579899184100667480e+06
1.752377394278282453e-07,3.576820955977054313e+06
2.490555617558264769e-07,2.564600935828020331e+06
2.653765806241299205e-07,3.147200906074659899e+06
3.735153189269938984e-07,2.293739619108640123e+06
6.208756063022934400e-07,2.178493967442917172e+06
3.736880354400642404e-07,3.806252188383973669e+06
9.704568196842512384e-07,1.833952617829610594e+06
1.152944909582722423e-06,1.533064288307494018e+06
3.381493603733489372e-07,1.187397240567596629e+06
1.933860018602639582e-07,3.804653665383815765e+06
7.216582481512562240e-07,1.209044379995073890e+06
9.127342895632921981e-07,1.058646666576188290e+06
1.487184915915569290e-06,7.610550133560777176e+05
1.236364951840107978e-06,9.519748891446645139e+05
1.019600135158501793e-06,1.232485416478735162e+06
1.247431679456737896e-06,1.050097825465321075e+06
1.330848239563963642e-06,1.031315697529946687e+06
1.416579092917981153e-06,9.618691265087213833e+05
2.482973557519670692e-06,6.313419456448617857e+05
2.018559789989689144e-06,7.765629353246301180e+05
2.333433336033054384e-06,6.712285562702490715e+05
6.106027763889379812e-07,9.666407423643486109e+05
5.367987057171918524e-07,1.099898373415925074e+06
1.603089025491577742e-06,6.147047727666096762e+05
1.445696005621289980e-06,6.767093298733810661e+05
1.507756526548431646e-06,6.508114087215808686e+05
1.723269727898228109e-06,5.897871626251579728e+05
6.807534600628924699e-07,1.491896270736424252e+06
1.159181976580390260e-06,8.654672793641614262e+05
9.476052345270187870e-07,1.139450131666766247e+06
1.487184915915569290e-06,7.610550133560777176e+05
1.168190564044329855e-06,1.187416652857183013e+06
2.493190275496968727e-06,5.935825667940959102e+05
5.367987057171918524e-07,1.099898373415925074e+06
6.106027763889379812e-07,9.666407423643486109e+05
5.395630506288223260e-07,1.570140164286498213e+06
5.293515186533127662e-07,1.651634862441344187e+06
1.029261203174810676e-06,9.526985123069991823e+05
7.150301398341486156e-07,1.429846490086190868e+06
9.870416033767920924e-07,1.045173858267190633e+06
7.240621213390993744e-07,1.466477620718539460e+06
6.353140262916396199e-07,1.756446754914242309e+06
6.796514243657107153e-07,1.621778786660016049e+06
6.318183495125885481e-07,1.928920948567767162e+06
2.068292067093887283e-07,1.040072365145234391e+07
7.658682714117452995e-07,6.393060124151713680e+05
5.846492194590336339e-07,1.108130221645951271e+06
5.680981873651263626e-07,1.175961260421490064e+06
1.765158880187604217e-06,5.113457578757276642e+05
1.644403651662510092e-06,5.567225173562787240e+05
8.261996852452286862e-07,1.228264255675718188e+06
1.485275146051988808e-06,6.868186977840585168e+05
1.003858284961465099e-06,1.168841955227099592e+06
6.285343407963509933e-07,1.943759920406572754e+06
1.911402417524688851e-06,6.652205915984716266e+05
1.652650851924405154e-06,8.497540597767980071e+05
1.775406488464767196e-07,7.000977643930886872e+06
5.605990290342281270e-07,1.535044623380325967e+06
7.976271252992774160e-07,1.159832283887280384e+06
1.037038068322293714e-06,1.109193303351476789e+06
1.477911735501831205e-06,7.620902182447485393e+05
1.003858284961465099e-06,1.168841955227099592e+06
1.256091092568570029e-06,9.837354489108542912e+05
4.658929828728496272e-07,2.705675296361336019e+06
1.138034733401353483e-06,1.156471485002105590e+06
1.114116681422770983e-06,1.154007121665147133e+06
2.416394327918991493e-06,5.804426808430225356e+05
1.643985744093416523e-06,9.017876966511295177e+05
2.110225919800034302e-06,7.013751896197983297e+05
1.775406488464767196e-07,7.000977643930886872e+06
5.829840341331250633e-07,1.422333465090401703e+06
6.489969886386606526e-07,1.415934987599166343e+06
7.019237785139182566e-07,1.391617301612847717e+06
5.512801329529059771e-07,1.510548054026458785e+07
4.824412618478632438e-07,2.658339580685749184e+06
7.254682522383373986e-07,1.549268339936177945e+06
6.879374770159190423e-07,1.643536781370550627e+06
6.749889650428625029e-07,1.757711820098510012e+06
1.163232357137396680e-06,1.205766289326441940e+06
9.697695835696251080e-07,1.528396215620124480e+06
1.218477133066637371e-06,1.215231632141473005e+06
4.834894196365930712e-07,1.532259665377184749e+06
8.023833443418741140e-07,9.176928494667751947e+05
4.610244149961448977e-07,1.788325339919197839e+06
5.744470705376482584e-07,1.431218588023801101e+06
6.513276681113542409e-07,1.313963117344909580e+06
5.486211141539687419e-07,1.626543782398833428e+06
7.254682522383373986e-07,1.549268339936177945e+06
6.879374770159190423e-07,1.643536781370550627e+06
5.801759306209920450e-07,2.058956593036502134e+06
6.380715232781679636e-07,1.954652044719481142e+06
1.226936589851635633e-06,1.142310303439178504e+06
1.161270355659900644e-06,1.275277238748878008e+06
1.105764964920596333e-07,5.051514162564682774e+06
1.123355644530223113e-07,1.144674748916079849e+07
3.460115380370466601e-07,3.202153019443830103e+07
4.046919308343670709e-07,2.368136961416081060e+06
2.540057094114043605e-07,3.849769980008311104e+06
3.457020621453537066e-07,2.779799904755883850e+06
3.278851067605474306e-07,3.209804418649426661e+06
6.924945181257864639e-07,1.516746503213487100e+06
4.332485302974946533e-07,2.614367241786747240e+06
7.096512629919529561e-07,1.779210416876832722e+06
7.216434872254694686e-07,1.940031636419562157e+06
7.313525526433623271e-07,2.038586090146568837e+06
1.612014826155140043e-07,6.104390444884475321e+07
1.131791382410411930e-07,5.142628540891060606e+06
7.125864324173687924e-07,1.239207631516126916e+06
2.540057094114043605e-07,3.849769980008311104e+06
3.457020621453537066e-07,2.779799904755883850e+06
3.701972969202569913e-07,2.651251111549528316e+06
6.865737863129791062e-07,1.546162689695931738e+06
5.511868961066734409e-07,1.944402737636538688e+06
6.621558271853323421e-07,1.613656536309261573e+06
4.121043564458403080e-07,2.884196974771460984e+06
6.003762301416487534e-07,1.926743763327031629e+06
6.300840124438733585e-07,8.781378937549663242e+05
3.707118097264633789e-07,1.887933114705871558e+06
6.456917283556979089e-07,1.640850055412280606e+06
5.511868961066734409e-07,1.944402737636538688e+06
8.706858105474851099e-07,1.231931391212427057e+06
6.621558271853323421e-07,1.613656536309261573e+06
6.865737863129791062e-07,1.546162689695931738e+06
6.459361648327540171e-07,1.723959258332370780e+06
6.921910133746721350e-07,1.598015777283361414e+06
6.086657054984159915e-07,1.833319983589527663e+06
9.053934736140647754e-07,1.227667170953250490e+06
6.003762301416487534e-07,1.926743763327031629e+06
1.207544182601172583e-07,1.937291943217972666e+07
3.016807874582701642e-07,2.297170085639932659e+06
2.058453332199876564e-07,3.890988228075298481e+06
5.133712293341447123e-07,2.182835974673359469e+07
5.809211991330200111e-07,1.450060059005680727e+06
6.717344597665940621e-07,1.421034961027894402e+06
9.369340016762781669e-07,1.130010158879971132e+06
8.361891818037472002e-07,1.345369562011592789e+06
6.921910133746721350e-07,1.598015777283361414e+06
6.459361648327540171e-07,1.723959258332370780e+06
6.113922343337378384e-07,2.038436799466957571e+06
6.374455379116819335e-07,2.034622607139031170e+06
1.129880939045178377e-06,1.309638598300735932e+06
3.016807874582701642e-07,2.297170085639932659e+06
3.807239771503810757e-07,2.312575050549845677e+06
2.361633720594180060e-07,3.338817762637068983e+06
1.934773065952912391e-07,4.422249412383860908e+06
5.809211991330200111e-07,1.450060059005680727e+06
7.637148782976505150e-07,1.290014712636162061e+06
4.028714267054855807e-07,2.521296850374366157e+06
9.667182683129816194e-07,1.136847363593740156e+06
9.863201743858204398e-07,1.165881892355193617e+06
9.649122104410059030e-07,1.526919442016018322e+06
1.218472609381141658e-06,1.221316197028113529e+06
2.143926247295647479e-06,8.274860083975833841e+05
3.171828792367066922e-07,1.474850007465309696e+06
5.304699962898130079e-07,1.392768273981498554e+06
1.105798231617361132e-06,1.183086287945523160e+06
1.124533205595315353e-06,7.772059950802318053e+05
1.508823329723314772e-06,6.859957308753384277e+05
1.411016673691765184e-06,7.695632198873752495e+05
1.397405246471990612e-06,8.107431279603359289e+05
1.378116109634061841e-06,8.989990978499660268e+05
1.171046039125957107e-06,1.123306218755617272e+06
2.426278147525575890e-06,6.099728903452140512e+05
2.538310357512149678e-06,5.835464401628217893e+05
2.395772265333297806e-06,6.179877005392032443e+05
6.779482904734184106e-07,1.028369017578237690e+06
5.214930437066841079e-07,2.164254507893676311e+07
1.077490316750083545e-06,7.543623647598465905e+05
1.730519739628958088e-06,5.045957482095411979e+05
2.091287772639017218e-07,4.250996888609918766e+06
7.757276834721455727e-07,1.349310230038810987e+06
1.465859760876630344e-06,7.377208699676935794e+05
1.446556218067879364e-06,7.477194792394805700e+05
1.289856551115138002e-06,8.857418144424986094e+05
1.378116109634061841e-06,8.989990978499660268e+05
2.537426043655458417e-06,5.838065313021832844e+05
2.426278147525575890e-06,6.099728903452140512e+05
3.130396989417505196e-07,1.575629227283303859e+06
3.629982448060850890e-07,1.397977863750417717e+06
5.756678461624451308e-07,1.521373591554322513e+06
4.088105356123355770e-07,2.289775318282041233e+06
5.295909993033615052e-07,1.865803609906628029e+06
1.883517993926280443e-07,5.197342561362660490e+06
6.888794736734105218e-07,1.420694019960186211e+06
5.561936329463853054e-07,1.828889523077128455e+06
5.758667661921481559e-07,2.079372257774085738e+06
1.129605861856794720e-06,1.178652233024918940e+06
1.137588758347516448e-06,1.309800634630043292e+06
1.728089394167844274e-07,4.953269635374980047e+06
7.618797567199831985e-07,1.208100831552861724e+06
8.848556029775075513e-07,1.054392514034982538e+06
5.430782359794524332e-07,1.768655383929685457e+06
7.575012476086934639e-07,1.355512992136753164e+06
7.898888880981202740e-07,1.287505646294011269e+06
4.679872793335269786e-07,2.212562900222639088e+06
5.225448923905207058e-07,2.113370039791485295e+06
5.400391312784327344e-07,2.177823278316671029e+06
3.556202560814788848e-07,3.909949457170607988e+06
9.396071721451481410e-07,1.493570408397297375e+06
6.042529838491001268e-07,1.349769999421510845e+06
6.490506552797293474e-07,1.901138665311875753e+06
6.537592716349014351e-07,1.321439956171803409e+06
7.361945424002363440e-07,1.268615320200428367e+06
7.872597559988341500e-07,1.241767629111901857e+06
6.738409358568784953e-07,1.464451100527707255e+06
5.884460606111889644e-07,1.819516359114360763e+06
4.774987470359997359e-07,2.284731840479533188e+06
5.819135014130593706e-07,2.055868565664761234e+06
7.094175428106884970e-07,1.739268998293655459e+06
9.384420359268918501e-07,1.419295101730682421e+06
5.937715908575827423e-07,2.314697284697956871e+06
1.171210020395151071e-06,1.263996350762128131e+06
4.693962899144572920e-07,1.424582736660680268e+06
3.346308863190775335e-07,2.111624240873002447e+06
4.743376097804007893e-07,1.597970126729900017e+06
6.611746350721348236e-07,1.499612319908332312e+06
6.738409358568784953e-07,1.464451100527707255e+06
7.678155465339744856e-07,1.263310870737568708e+06
7.302977747665854570e-07,1.347478627752526430e+06
7.816978992884828720e-07,1.298159756643548142e+06
5.844341262474331316e-07,1.745637566901555285e+06
7.469333473516526601e-07,1.355055271870200755e+06
8.514471817128868131e-07,1.420097940354164690e+06
1.001580093621383839e-07,5.022674936499367468e+06
4.066754883654194139e-07,1.954618240515205543e+06
2.381382602964414689e-07,3.907343615027269349e+06
3.889247989640956587e-07,2.299689507148163859e+06
2.766530175273820007e-07,3.210161734991718084e+06
4.641439802441301524e-07,1.928906029889045516e+06
6.357525413511520314e-07,1.630133796548446408e+06
3.551604731152163667e-07,2.971457081467714161e+06
3.998116606947975862e-07,2.749017327404876705e+06
5.323063473651924486e-07,2.281290819294270128e+06
9.265105708836697221e-07,1.363671267870485084e+06
1.693358992200525482e-07,5.694914815173108876e+07
2.828027734803224918e-07,4.525974262815936469e+06
2.576468168938059198e-07,3.768883065808503423e+06
2.293305430441906490e-07,4.021911058139026165e+06
2.324564983052324588e-07,4.643784130759553052e+06
1.795536451670473945e-07,5.911386788037762046e+06
3.551604731152163667e-07,2.971457081467714161e+06
1.964221819378163024e-07,5.837252381569419987e+06
3.911756948500660498e-07,2.986602565088608302e+06
3.661082076382807194e-07,3.208746521898730192e+06
3.383874711539392773e-07,3.856264242054319475e+06
5.545059326631115687e-07,2.676242203048285563e+06
2.199296478954299759e-07,2.181653708155764733e+06
2.355241951157920289e-07,2.331642482110882178e+06
3.116341102398276631e-07,2.758053236582863610e+06
4.451629533517007476e-07,1.994204827754106140e+06
5.311624575033382831e-07,1.741516047760493355e+06
9.249168959706159138e-07,9.608884417119171703e+05
7.216808435598575190e-07,1.316797775937143015e+06
6.101951707022502940e-07,1.663607873527094955e+06
7.936157230304283667e-07,1.278517271069594659e+06
3.738881413764983112e-07,3.289067182475416921e+06
6.019887236237531359e-07,7.412410780888367444e+05
6.963455356515351105e-07,1.423728357688261895e+06
1.184322941899562894e-06,8.253975430284986505e+05
8.162350170931280814e-07,1.188641373187381309e+06
1.153050554884256462e-06,8.519458911894803168e+05
7.927344500164637539e-07,1.414442485847061034e+06
8.519461850270609891e-07,1.300498073586296989e+06
9.746948495791619693e-07,1.186672171789012617e+06
9.175473584363964091e-07,1.270914729268935742e+06
2.535778416319258349e-07,4.469494075630974956e+06
9.783059870262404765e-07,1.408087160019767238e+06
1.588416854686658536e-06,9.949227479896283476e+05
1.905657108070744268e-06,8.237347992663850309e+05
2.798655358507757544e-07,1.904486403802654939e+06
7.533153495873532273e-07,1.486623956730673462e+07
5.734576621300540115e-07,1.405255600289645605e+06
1.092486021388322178e-06,8.750089349510292523e+05
1.193854089839093413e-06,7.866651515256590210e+05
1.082752846749036613e-06,8.795806413266231539e+05
1.184322941899562894e-06,8.253975430284986505e+05
1.153050554884256462e-06,8.519458911894803168e+05
1.125101875360582940e-06,1.053023843625711743e+06
1.100623566150487086e-06,1.127375717701811809e+06
1.933943374156429861e-06,8.107086370514989831e+05
3.009154048780904968e-07,1.487689582140827784e+06
1.651249787836827088e-07,4.229985677232315764e+06
2.679589348235027124e-07,2.408889544762244914e+06
2.852876322151571370e-07,2.740612231058576144e+06
3.069830592356058066e-07,2.754976701764475554e+06
5.528529758399099521e-07,1.643238031884270953e+06
5.124113651261182251e-07,2.093460471281462582e+06
6.560973105764330669e-07,2.251503924208914861e+06
7.665024560349806641e-07,1.904372873837295687e+06
1.480626392451505068e-06,1.198157289763230598e+06
1.544704677770942846e-06,1.146569646481190342e+06
5.162002459460191948e-07,3.829970793314931449e+06
3.009154048780904968e-07,1.487689582140827784e+06
4.138870367425382551e-07,1.427209558698989917e+06
2.852876322151571370e-07,2.740612231058576144e+06
2.761980487440778509e-07,2.432391692372760735e+06
3.069830592356058066e-07,2.754976701764475554e+06
7.232367587423666231e-07,1.482297961371535202e+06
7.400305645670616890e-07,1.500431977862624684e+06
8.625332362086335000e-07,1.358269903871807270e+06
7.619168900906196385e-07,1.715766246648872737e+06
7.205576156313998712e-07,1.819673141338261310e+06
1.332368056712274136e-06,1.246160406915073050e+06
3.100417819882376715e-07,1.570916748672953341e+06
4.250551217083036204e-07,1.442975744733013446e+06
6.351530387478437765e-07,1.737664012130386755e+07
5.133167382127662780e-07,1.739388418393402128e+06
8.130643357754726440e-07,1.098868783837065334e+06
6.145772358566995158e-07,1.569273395005276892e+06
9.616811752665615266e-07,1.055239557256171945e+06
8.552033222282828586e-07,1.207969964322782587e+06
1.844457285621607343e-07,5.913524127424960025e+06
8.487641436657533698e-07,1.326427038869712735e+06
1.300572612792566456e-06,1.206512443375854753e+06
3.100417819882376715e-07,1.570916748672953341e+06
2.773829054452834891e-07,1.914796832306032069e+06
3.235716858548068066e-07,1.839589159593118820e+06
1.805488135370683548e-07,3.393226024640718009e+06
5.133167382127662780e-07,1.739388418393402128e+06
6.145772358566995158e-07,1.569273395005276892e+06
3.098579294200077470e-07,3.206999707721500657e+06
3.468937350891872232e-07,2.921523321678900626e+06
5.782912182503616012e-07,2.531810615716621280e+06
1.234316621640802476e-06,1.348711696243822109e+06
2.773829054452834891e-07,1.914796832306032069e+06
3.983099447566737289e-07,2.142365244856012519e+06
2.961219494663305049e-07,3.745488510928063095e+07
2.774175124876796756e-07,3.264748483239683788e+06
2.859622048261973153e-07,3.266572885576869827e+06
3.098579294200077470e-07,3.206999707721500657e+06
3.468937350891872232e-07,2.921523321678900626e+06
3.443054153807692436e-07,3.208313043413968757e+06
3.278445842272610126e-07,3.568032995960701257e+06
2.966396795065710600e-07,3.815246693816767074e+06
6.388555977216684783e-07,2.190035674301865045e+06
1.442433042056240979e-07,9.965460831606544554e+06
3.923398927494844078e-07,2.038402785871779080e+06
2.409154089681654694e-07,4.695352914905399829e+07
4.439175483098788708e-07,2.100421520661066286e+06
1.823825548158785687e-07,6.154914563962422311e+07
4.612192068007920704e-07,2.221283610373227391e+06
4.732473743731154019e-07,2.150017786522819661e+06
3.515808249403047216e-07,3.022652904526237398e+06
2.874842151599046476e-07,3.737108349508411717e+06
4.396071901564318195e-07,2.433679540274428204e+06
3.561852883371475634e-07,3.102500434947060421e+06
6.396704351124209652e-07,1.985275984899214702e+06
5.568854678392152831e-07,2.393020315440365579e+06
5.424791394101056371e-07,2.603308236933894455e+06
5.272440045033803192e-07,1.483750355904930504e+06
4.850011097652109556e-07,2.663613101795439608e+06
6.728042647728943226e-07,1.277183966741876444e+06
6.522951343511819925e-07,1.376171984120663954e+06
4.520794876642183565e-07,2.038108911774021341e+06
3.219258201838690971e-07,2.941880523791678715e+06
3.484830274609903525e-07,2.860180742911682464e+06
5.659379843474881628e-07,1.781662525232433109e+06
6.576806044975084189e-07,1.801574888882947387e+06
5.381954448510202278e-07,2.333660276396051049e+06
5.886698426009899392e-07,2.055650653454034589e+06
1.115461493935112860e-06,1.326697638906362467e+06
2.099923680472861206e-07,1.842267310346645862e+07
1.993306767635707040e-07,8.521288767289306968e+06
3.582906897198720454e-07,1.640962089821795467e+06
7.453614333529139039e-07,1.230169622607207159e+06
8.004616978224440811e-07,1.178121360192106804e+06
6.353931623781594038e-07,1.472695712165475124e+06
6.045464638996700937e-07,1.629563523206480546e+06
5.156413221635821343e-07,2.395104918562770821e+06
8.601012733509787867e-07,1.631324745988850947e+06
1.993306767635707040e-07,8.521288767289306968e+06
1.988609600582343988e-07,3.075365288243203890e+06
1.951045767249093214e-07,3.326586108032748569e+06
3.889314174560720602e-07,2.161830595175399445e+06
4.386230781308907188e-07,2.313162384087052196e+06
3.771865530218576267e-07,2.855417304877044167e+06
4.064712166681161663e-07,2.722820314093108755e+06
4.701405660801854211e-07,2.371126706093040761e+06
4.714986310083278861e-07,2.634266636381542310e+06
4.531558606747173619e-07,2.877755409731186926e+06
7.945256573017845812e-07,2.091416519031587522e+06
2.033985392293159087e-07,4.380286967784315348e+07
6.478791607106403922e-07,1.222764329052711139e+06
3.407432156089210620e-07,2.701824596596526448e+06
6.271014967268476782e-07,1.511302550727310590e+06
4.630037706333292552e-07,2.005065670629205415e+06
3.771865530218576267e-07,2.855417304877044167e+06
4.064712166681161663e-07,2.722820314093108755e+06
5.143391742666648249e-07,2.168104461308845785e+06
8.372662969368608339e-07,1.376932429738363251e+06
4.531558606747173619e-07,2.877755409731186926e+06
7.534489259285648233e-07,1.767440607452295255e+06
1.292239396046793345e-07,1.421623300580183230e+07
1.228770379874739457e-07,4.698802911783998832e+06
4.891345311656671622e-07,1.827974900137059391e+06
6.660879655737327184e-07,1.310463212597779697e+06
5.663670537106325969e-07,1.682798323911304818e+06
5.973977785159739073e-07,1.498410539123886032e+06
6.480708120717132898e-07,1.457518564555050572e+06
5.738303189804988561e-07,1.777786171150897862e+06
5.639544171050166793e-07,1.816842923346912488e+06
6.868990918766182477e-07,1.481907412987328833e+06
5.511450245119911402e-07,2.015062745298905065e+06
5.530553217453362372e-07,2.095436527302507078e+06
1.845634004747144055e-07,3.191823888990866020e+06
4.522245092600034933e-07,3.816660898402115796e+06
5.144213225604503092e-07,1.760881844588947250e+06
6.171122769316134711e-07,1.525719959625440883e+06
6.095197649343211338e-07,1.529940746953964233e+06
6.612361037165982467e-07,1.487732159648788394e+06
5.913714026265082216e-07,1.815156436946156668e+06
6.633708714428862907e-07,1.607883675922288792e+06
5.511450245119911402e-07,2.015062745298905065e+06
5.530553217453362372e-07,2.095436527302507078e+06
4.708892045001079201e-07,2.518760506271544844e+06
9.230712569080172248e-07,1.521041421857869951e+06
1.740938318143987988e-07,3.105607107832158450e+06
3.123839919828088019e-07,2.853714011396890972e+06
6.214166463739758705e-07,1.420012005767523078e+06
5.144213225604503092e-07,1.760881844588947250e+06
7.753066012337229961e-07,1.203475828290893929e+06
6.171122769316134711e-07,1.525719959625440883e+06
5.606906929837783654e-07,2.882234409536716528e+06
4.627758011843516722e-07,1.976414558216667967e+06
5.906269792423239917e-07,1.812116330705702305e+06
5.893112033054621009e-07,2.018023146559088025e+06
6.098594143907776193e-07,1.942274290921671083e+06
3.608358084750723856e-07,1.927732688615659950e+06
4.540811835071849623e-07,1.217494289604720194e+06
6.881916602205852300e-07,1.067189771154202754e+06
4.318199782784709068e-07,2.547991265006235242e+07
2.221864266920162418e-07,3.938997500073190778e+06
4.833016950803743220e-07,1.922507960261668311e+06
3.888188202202851236e-07,2.655447247639673296e+06
5.665341920988252837e-07,1.980663311767658917e+06
5.753266378022756013e-07,2.021325235552112805e+06
8.909192377907977132e-07,1.576369515352384420e+06
1.028362054755861462e-06,1.365907651229487965e+06
1.000094487160814315e-07,6.633090169361526147e+06
3.400979427551047598e-07,2.915721243592442013e+06
3.677571730707253132e-07,2.924474172349836677e+06
3.758213060461075096e-07,2.806722380177343264e+06
4.258330097220870164e-07,2.611764246234960388e+06
1.618472012210568267e-07,7.001525830214515328e+06
4.862358436223659284e-07,2.559156880998948589e+06
4.289281070291303420e-07,3.000768241574716289e+06
4.151129157908527481e-07,3.337098121297255158e+06
6.336028717698923807e-07,2.219776930376040284e+06
8.771772629686283826e-07,1.602621229882675223e+06
5.148399439462896194e-08,3.206653437916721031e+07
8.377599083560240307e-07,1.869335305757121881e+06
1.196002335542942947e-07,7.893655772251877189e+07
5.109757608346490198e-08,2.043607862143430114e+08
1.701305272582458746e-07,4.994392591107226908e+06
3.400979427551047598e-07,2.915721243592442013e+06
3.758213060461075096e-07,2.806722380177343264e+06
3.684567767679982715e-07,3.181266815906540491e+06
4.047145959448861319e-07,2.852767607553700916e+06
2.952375648585519003e-07,3.916705117199307308e+06
2.533013853613920265e-07,5.134131766919722781e+06
2.175165022940728671e-07,5.783947785674799234e+06
4.290310026838438504e-07,3.070150393352866638e+06
3.854952315660900282e-07,3.797509458130480722e+06
1.743291873353147100e-07,5.035276977306518704e+06
4.150798363714961263e-07,1.350236302133604884e+06
2.980623749761495601e-07,1.957824696935128421e+06
5.430162646730052122e-07,1.733096779713032022e+07
5.775024573299682445e-07,1.709538704226294765e+06
6.235541199754692491e-07,1.691482336342763156e+06
7.686532257409764711e-07,1.522716734705174575e+06
6.791178190572908058e-07,1.825809681888814550e+06
6.321866291139862287e-07,2.177565768293629866e+06
1.136835544162471338e-06,1.303882161070648348e+06
1.186353780975254921e-06,1.320437575998059474e+06
3.618349791713965482e-07,1.588975901382541750e+06
5.975161225593588871e-07,9.792658685350958258e+05
7.092079387757838381e-07,1.142915513003559550e+06
7.703784380501392604e-07,1.286514131360705476e+06
8.413745658650798962e-07,1.163648497820336837e+06
8.828241540187883495e-07,1.099474373591257259e+06
8.413401565663123305e-07,1.215246627347499598e+06
8.207701023178940158e-07,1.294780490964913042e+06
9.223652644685984713e-07,1.408553305478957016e+06
8.528026279179271831e-07,1.635619294026410906e+06
1.587491661251283308e-06,9.872240243431874551e+05
1.945942832054993425e-06,8.085947327447704738e+05
3.599983927237768267e-07,1.879899985446162289e+06
1.015173051309574244e-06,8.508288460610241164e+05
1.499155663458411666e-06,5.622624453925109701e+05
5.401334280217323780e-07,1.674397285268333042e+06
1.403837656352043433e-06,6.273685401538144797e+05
1.543333151752356884e-06,5.979489036725766491e+05
1.758598339424570177e-06,5.305785868695621612e+05
1.176540537387251461e-06,8.281802243253507186e+05
1.798085793399080435e-06,5.672252102743277792e+05
1.856543344192539940e-06,5.486529889576550340e+05
1.610254736193211376e-06,7.654500103680137545e+05
1.082362355677425325e-06,7.041322283990897704e+05
8.955460281160557295e-07,8.930143347333816346e+05
1.460198424160808371e-06,6.000684887542453362e+05
1.463067958097997942e-06,6.048233900555957807e+05
1.543333151752356884e-06,5.979489036725766491e+05
1.758598339424570177e-06,5.305785868695621612e+05
1.610446342387890946e-06,5.811379368837251095e+05
1.856493136778196078e-06,5.252849176180723589e+05
1.782398016696805594e-06,5.525451827313482063e+05
1.887597959084329590e-06,5.380798473242537584e+05
1.795628283601315900e-06,5.938283366251979023e+05
7.708829445424439926e-07,8.675485736113074236e+05
8.067325438400551278e-07,9.461522041953628650e+05
7.748285452337028222e-07,9.966615975738031557e+05
1.082362355677425325e-06,7.041322283990897704e+05
4.752281748793335376e-07,2.847015424025352579e+06
6.320910869437965216e-07,1.513065495363365626e+06
1.198024452760998520e-06,9.119788231164314784e+05
1.093812560793920429e-06,1.102699968399832491e+06
1.206005814571839030e-06,1.079890631711682072e+06
1.261985724058892335e-06,1.095285441069496097e+06
2.207505334573644289e-06,6.703010149381237570e+05
2.549990646195001271e-06,6.148988144841170870e+05
4.797230829291370354e-07,2.389512068088461459e+07
4.971528971215922167e-07,2.317504436082005966e+06
7.181553381804457013e-07,1.176121636196630774e+06
1.241896848499581433e-06,2.174622744646400679e+06
6.320910869437965216e-07,1.513065495363365626e+06
6.510471673403609100e-07,1.534433226343419868e+06
1.405036979211879244e-06,7.267862993656386388e+05
8.399564985798922692e-07,1.255338854911768343e+06
1.088775360992672258e-06,9.674626519847908057e+05
7.459934888306638487e-07,1.571073727423589677e+06
1.144790035850979900e-06,1.105975473390576662e+06
2.701190813734859203e-06,5.476530273088283138e+05
7.575913374016475411e-07,7.827332887552182656e+05
7.913598115030368428e-07,7.868529817688601324e+05
1.204944318926064227e-06,6.299423793933952693e+05
1.269700498638538117e-06,7.663712296119200764e+05
1.773220981835704309e-06,5.873398117558754748e+05
1.716591565545692301e-06,6.337981614729715511e+05
1.260709451478956829e-06,8.835552080615888117e+05
1.491027867382474944e-06,7.530600581917255186e+05
1.615002452675369859e-06,7.303318879266977310e+05
2.495968114250056901e-06,5.334159989005790558e+05
2.694986532910423503e-06,5.490214396477965638e+05
3.124262893301881971e-06,4.741124055166209582e+05
1.118348043522495503e-06,6.281526471623091493e+05
9.849619033626968291e-07,7.591153255225963658e+05
1.204944318926064227e-06,6.299423793933952693e+05
1.056117821432828218e-06,7.196352672359346179e+05
1.213215576710066502e-06,8.350627791498625884e+05
1.612706762182489437e-06,6.358861595279704779e+05
9.075264646801962147e-07,1.143186295361940749e+06
1.610100092125600971e-06,7.081575858040290186e+05
1.552445625760324904e-06,7.392832537424420007e+05
2.444252732588564758e-06,5.793298934472285910e+05
2.458024874038893035e-06,5.715304676537045743e+05
3.105715066480352796e-06,4.771731552610365325e+05
4.598111607844112309e-07,2.555329682852160186e+07
9.849619033626968291e-07,7.591153255225963658e+05
1.056117821432828218e-06,7.196352672359346179e+05
9.086280111987825809e-07,1.036774404829064384e+06
1.110439344405887798e-06,8.737509292239929782e+05
9.095321226392478115e-07,1.189946642349712783e+06
8.306194654653077299e-07,1.364832662616321119e+06
1.170731328853914668e-06,9.906154345223811688e+05
6.738935875045810701e-07,1.777585003659167560e+06
1.335672084382669300e-06,9.116183352999510244e+05
1.510271690024478167e-06,8.860159582885251148e+05
1.553970616526613084e-06,9.026512542871591868e+05
2.224581531022641059e-07,1.024646948563311435e+07
8.254300837104829084e-07,9.358975458809323609e+05
7.572923332551655712e-07,1.049409921979972860e+06
1.001828848379125510e-06,8.017992487791335443e+05
1.211793725375771754e-06,6.769777178107451182e+05
1.656963456846113465e-06,6.145841156556389760e+05
1.244821194345032031e-06,9.137069304259973578e+05
1.422112918233879737e-06,8.268902611346768681e+05
1.976044766508966198e-06,5.853556160333730513e+05
1.415381167450014004e-06,8.858811707170492737e+05
1.592980784088698325e-06,7.797038268889606697e+05
2.864359783623042669e-06,4.890099856296827784e+05
6.375055231334384550e-07,2.295986805091140792e+06
2.353450216955011685e-06,6.294363871792098507e+05
2.781703102776938440e-07,1.956512966128688306e+06
7.077682726142489399e-07,8.682281343086623820e+05
4.579948101480659830e-07,2.010668080942362314e+06
8.645174434062309701e-07,1.005462538099991041e+06
1.713456567082558058e-06,5.455658499311814085e+05
1.843041105941610002e-06,5.321041377326789079e+05
1.664334676752654309e-06,6.518475917666822206e+05
1.480419115803942088e-06,7.919140751701066038e+05
1.124748865574660737e-06,1.117968498020016588e+06
1.412188780864605244e-06,9.765986231922553852e+05
2.825197238860557105e-06,5.239794536646034103e+05
2.270908602838581473e-06,6.907695253016556380e+05
2.932512879779648836e-07,2.012959402956378413e+06
2.909347079371777406e-07,3.879572496394760907e+07
6.415464309868545727e-07,1.320131389815305127e+06
6.473159703344839353e-07,1.302527991132148309e+06
6.810206064758997646e-07,4.130059791956398636e+06
2.519964038843732382e-07,4.550698475478537381e+06
4.964805780697804685e-07,2.187456804109427612e+06
4.918658042422464953e-07,2.186416692149123643e+06
4.638214678344552041e-07,2.558071986272397917e+06
9.168552527428010442e-07,1.390655740098580252e+06
7.480325618165985583e-07,1.696779861190353986e+06
8.777978203221955756e-07,1.597698982077850960e+06
2.104644069901783008e-07,7.864147260521179996e+06
2.654120752192722151e-07,2.162969650769871194e+06
5.392354341527169271e-07,1.606546094892793102e+06
6.096458255843941351e-07,1.490423913471048931e+06
4.637269059233839479e-07,2.060345288609545212e+06
5.501625068997984238e-07,1.881847571459904313e+06
4.706863917461559016e-07,2.394594861867103260e+06
3.970030687374925090e-07,2.985974435723375529e+06
4.518014002711679154e-07,2.748672816599187907e+06
4.133778201774956943e-07,3.173319187915325165e+06
9.097012481784901978e-07,1.462790042426728178e+06
7.649724504219275394e-07,1.937767836214913754e+06
3.258979354509552061e-07,1.354805402008546749e+06
2.656405079820525148e-07,2.388283999463947490e+06
5.602732445349312588e-07,1.588323836596668698e+06
6.096458255843941351e-07,1.490423913471048931e+06
7.971993045079040184e-07,1.214993584303111071e+06
2.453462219616783402e-07,4.032047372202508617e+06
9.722699782337020380e-07,1.026155533275323920e+06
1.002623554346279604e-06,1.514552650807886384e+06
9.141859281171333884e-07,1.527263089891511947e+06
2.247041853321714900e-06,7.406128228194315452e+05
2.018549378175455251e-06,8.797480944915740984e+05
1.044756858475016001e-06,7.099866829123549396e+05
2.718271123267182089e-07,2.628252435188322794e+06
6.080956110050393294e-07,1.417666901137367124e+06
1.363179672928101712e-06,6.090267249635431217e+05
6.866331738381676593e-07,1.385624787900438067e+06
1.009148190569294344e-06,9.038857898809507024e+05
1.308662171506162280e-06,7.983530109957673121e+05
1.338545592182137683e-06,8.186193877269488294e+05
1.470372573989537843e-06,7.674545899125703145e+05
1.223425904198496409e-06,1.019141327882569865e+06
2.528869533067677892e-06,5.854897879630769603e+05
2.334194151105839826e-06,6.340668407301936531e+05
6.567680824832450563e-07,7.533346943259305554e+05
8.584787300364320986e-07,1.022337368498842698e+06
7.007257836381359392e-07,1.246447960198214510e+06
8.484978998000577801e-07,1.034975369538536295e+06
7.673311220488604303e-07,1.286541400817656657e+06
5.228393499318070846e-07,1.922778805294858525e+06
1.165782867242949297e-06,9.134862756848894060e+05
1.052266982202176332e-06,1.096237489334890619e+06
1.195977457760395803e-06,1.006273597988058347e+06
1.851972705721348079e-06,6.588591688163592480e+05
1.710097351977702569e-06,7.797762471912995679e+05
2.503305057281206312e-06,5.918100941780064022e+05
4.492629121042398608e-07,1.700666115809950046e+06
3.897341019512046955e-07,1.989720975992612308e+06
3.660045592912389274e-07,2.320697714118065313e+06
8.584787300364320986e-07,1.022337368498842698e+06
6.545931999078435050e-07,1.409705430313364603e+06
5.287832542237382994e-07,1.787679052372164791e+06
6.628354292507865639e-07,1.422891082915127277e+06
5.166377515893072850e-07,1.807953328359635314e+06
7.122546925384063438e-07,1.544453965213976335e+06
1.053093361019539017e-06,1.204564495914568892e+06
3.931421249045854618e-07,1.504472427728761220e+06
3.818441841742533850e-07,2.144671694772119168e+06
2.814741723369242276e-07,2.465980153323008679e+06
5.019800613242936664e-07,1.944943911260736408e+06
5.201949957235771164e-07,1.974169452117930632e+06
3.859089167291489677e-07,2.613516482205250766e+06
5.451301227479081531e-07,1.869623890715802088e+06
2.152759470175560891e-08,4.484652087084756047e+07
4.559355892215701922e-07,2.467235683260413352e+06
4.436096365306433671e-07,2.840107598263291642e+06
7.733554890637657843e-08,1.854089461312185228e+07
7.766942345334890458e-07,1.906773512268802850e+06
3.863419923789130192e-07,1.450046513304646360e+06
3.538770615269062905e-07,1.594948453038835432e+06
3.931421249045854618e-07,1.504472427728761220e+06
2.814741723369242276e-07,2.465980153323008679e+06
4.947516937891633455e-07,2.073284787902277429e+06
5.201949957235771164e-07,1.974169452117930632e+06
4.954911895147019762e-07,2.061414118925143732e+06
4.816479085361095026e-07,2.212217426546110306e+06
5.706906398847470086e-07,1.857803974186959676e+06
5.030816599508992624e-07,2.207982558456396684e+06
1.668325539586458324e-07,1.282654715598413907e+07
3.309364684639602552e-07,1.547327817604809068e+06
2.309600589644924587e-07,2.484716903575470671e+06
4.966795526538590243e-07,1.981768233456684044e+06
5.258771234234503396e-07,1.855141778937805211e+06
4.954911895147019762e-07,2.061414118925143732e+06
4.947516937891633455e-07,2.073284787902277429e+06
3.643178984647822454e-07,2.955465241929911543e+06
4.816479085361095026e-07,2.212217426546110306e+06
4.063965501834454904e-07,2.713667740153250750e+06
5.030816599508992624e-07,2.207982558456396684e+06
3.240026275040046046e-07,4.187822911336827092e+06
2.275995501584555738e-07,7.653043846942499280e+06
2.152702510604577494e-07,2.461733892079965211e+06
4.223887471970617057e-07,1.908813780692846049e+06
4.315613939102228278e-07,1.928211983474400826e+06
4.275067493492665256e-07,2.023491682072408730e+06
4.515127063796395517e-07,1.972177840823104838e+06
6.701637212348430198e-07,1.437797332993650576e+06
4.966795526538590243e-07,1.981768233456684044e+06
5.258771234234503396e-07,1.855141778937805211e+06
3.643178984647822454e-07,2.955465241929911543e+06
4.063965501834454904e-07,2.713667740153250750e+06
1.030526756187620963e-06,1.226445607521116035e+06
5.036219028262950098e-07,1.120160749170389958e+06
4.223887471970617057e-07,1.908813780692846049e+06
4.315613939102228278e-07,1.928211983474400826e+06
6.958009424423904847e-07,1.328798437320199562e+06
1.080622835525936533e-06,8.709663896945527522e+05
1.045159985087907589e-06,9.037197005786825903e+05
8.321903154331713460e-07,1.164335743524933932e+06
8.170190365851681490e-07,1.456619126737082377e+06
7.484694646960842571e-07,1.647627103318250272e+06
7.653036223982751171e-07,1.636180167830387596e+06
1.207988653466081511e-06,1.160319394558925182e+06
1.505597882032162240e-06,9.821913115734495223e+05
8.401613267802727945e-07,1.524298269194712397e+06
1.037727996113102773e-06,8.751210284001772525e+05
1.117036986977526818e-06,8.087841166635623667e+05
1.045159985087907589e-06,9.037197005786825903e+05
8.300077650178890161e-07,1.142200793154879706e+06
8.806019103879007803e-07,1.153328957280294504e+06
6.927521611630847160e-07,1.460267958040506113e+06
7.531537124228159340e-07,1.413599152805307880e+06
7.351024299682949067e-07,1.437163909369417233e+06
6.105011356548000989e-07,1.752747580950911855e+06
6.731414636342616765e-07,1.658892598187678028e+06
8.181967610628512848e-07,1.423641547432082240e+06
1.417153220809243090e-07,6.290924330136851966e+07
1.916160986240521044e-07,3.669801842823291197e+06
1.840886137493320120e-07,4.040091772375156637e+06
1.218196200579953429e-08,6.031617063077804446e+07
2.485793201416070092e-07,3.514806206381284166e+06
2.633479786244617621e-07,3.405686939943845384e+06
3.928894556795328185e-07,2.640424660203720443e+06
2.189712794250760089e-07,5.029522355912889354e+06
4.110330640058879833e-07,2.834777790450999513e+06
3.551469533498553241e-07,4.616615037875845097e+06
7.649468072204866353e-07,2.313911465328634717e+06
2.081916404390369562e-07,5.242925754868902266e+07
4.298765897918038016e-07,1.188494754035562044e+06
2.756648344418434414e-07,2.656585395371575840e+06
8.057107124465178337e-07,1.210237369693325134e+06
7.800730024960322948e-07,1.255336160946538672e+06
7.017747004771162084e-07,1.453572830154383089e+06
6.846675339900070797e-07,1.498646324707023334e+06
5.554863501833133361e-07,2.015468546160303988e+06
5.939888658765595622e-07,1.866131137285062112e+06
7.156350332815214612e-07,1.745487855681341607e+06
1.312970211090269156e-06,1.192553410653123166e+06
6.520474203863988847e-07,1.069380120491194539e+06
8.525182004019328518e-07,1.112063776285553118e+06
8.999872073381496681e-07,1.094738916195607511e+06
8.057107124465178337e-07,1.210237369693325134e+06
7.800730024960322948e-07,1.255336160946538672e+06
7.761894107312783722e-07,1.316903485102446517e+06
9.179762005091693963e-07,1.105303790563831571e+06
6.846675339900070797e-07,1.498646324707023334e+06
9.205144865199123660e-07,1.110201739040786866e+06
7.786371889202575226e-07,1.312828753859694581e+06
7.017747004771162084e-07,1.453572830154383089e+06
5.478164742974959827e-07,2.238265332911932841e+06
2.611519137806984456e-07,3.068984783549985848e+06
3.642515607525602295e-07,2.237276905632562470e+06
3.766759304732841740e-07,2.240969863362861332e+06
2.184225579605627891e-07,4.503024329634185880e+06
5.000013040567212926e-07,1.982392004015607527e+06
5.738547648305752460e-07,1.755401069764700253e+06
6.896010826488167970e-07,1.722383707812448964e+06
6.205192957593844502e-07,2.105170751643240917e+06
4.313447236981756715e-07,3.084347770832170267e+06
7.014501182790597449e-07,1.954190821061400231e+06
5.805569793026459359e-07,2.371959910100998823e+06
6.802937814987947962e-07,2.032644089341637446e+06
1.248216477072994039e-06,1.255131565157944802e+06
1.098002330879897501e-06,1.426180340616162634e+06
3.160681450706706503e-07,1.353489053292029537e+06
2.611519137806984456e-07,3.068984783549985848e+06
4.741596049283826780e-07,2.406315040191088617e+07
3.642515607525602295e-07,2.237276905632562470e+06
6.247231356341971672e-07,1.536970264581263764e+06
7.425551165127185902e-07,1.359743152391441632e+06
7.900140325118304907e-07,1.413222474617046071e+06
6.766059368786149379e-07,1.854338381671494571e+06
7.561838511722221590e-07,1.723228273463999387e+06
1.145224998951731837e-06,1.295876630870873574e+06
2.863838776888390979e-07,5.464636995433137752e+06
1.319504380538717014e-06,1.187072592751074582e+06
8.311023344805313932e-07,9.077641337141367840e+05
4.981218466412420467e-07,1.684291406608284451e+06
4.274280372067280617e-07,2.056977519421901554e+06
4.386277179551564724e-07,2.114230984202368185e+06
5.882676883298544724e-07,1.585753439113950124e+06
4.292919162891384718e-07,2.194429390981145669e+06
7.959705074940536049e-07,1.195547528467944125e+06
3.923914835300508925e-07,2.416745610552532133e+06
9.734503114209742513e-07,1.001089850228000083e+06
8.653340986351445019e-07,1.146166451488198014e+06
8.764286881312726093e-07,1.109137391824136721e+06
1.295360085265715629e-07,5.365225201087715477e+07
2.619843858335628922e-07,2.030960355034220498e+06
3.923914835300508925e-07,2.416745610552532133e+06
4.386277179551564724e-07,2.114230984202368185e+06
4.060966457921634460e-07,2.512400164821802638e+06
3.666882751515169353e-07,2.810720633132794872e+06
4.073031458888128748e-07,2.602765807766450103e+06
3.532051825049172038e-07,3.339260206497998908e+06
3.241494615079610571e-07,3.671202078188903164e+06
8.038965467015238136e-07,1.651516908175920835e+06
6.093348818535798121e-07,2.427926092196908314e+06
1.248010563862780713e-07,4.272159771847284399e+06
1.225675758033480002e-07,5.464988316421761177e+06
2.442315039041238248e-07,3.869607644301362336e+06
3.162508529257726104e-07,3.235122015795550775e+06
3.666882751515169353e-07,2.810720633132794872e+06
3.387139008333198604e-07,3.119829502323790919e+06
2.555051874025285860e-07,4.148932904198326636e+06
4.073031458888128748e-07,2.602765807766450103e+06
2.353587864899509895e-07,4.539921209987651557e+06
3.112080730427242260e-07,3.607075985327375121e+06
2.558728688950148245e-07,4.511818621256254613e+06
4.877121293438786060e-07,2.873290375108001754e+06
2.645974871857114608e-07,1.775004374723581597e+06
3.480515932675093148e-07,1.411482277429594425e+06
7.271768977108137944e-07,1.261086277049992932e+06
7.876150355518511734e-07,1.190384162184508285e+06
5.380996867019657504e-07,1.821238618811737280e+06
3.488454733351976120e-07,2.805355579157493543e+06
5.475980368839287785e-07,1.856082314131912543e+06
3.680805964957353390e-07,2.860980662605227437e+06
7.534001458730753521e-07,1.566745917225182755e+06
1.041650772658785150e-07,1.295409833255199715e+07
1.166447179576669245e-06,1.201751006873129401e+06
3.986898578793335323e-07,1.642600299245268572e+06
4.205404301276602039e-07,4.337258651362407021e+06
7.271768977108137944e-07,1.261086277049992932e+06
3.022519350584691240e-07,2.658266021410371177e+06
9.467342859752026250e-07,1.011571017923553241e+06
5.789112759435971449e-07,1.609788388787508011e+06
7.876150355518511734e-07,1.190384162184508285e+06
8.046244202609714407e-07,1.229761348472851329e+06
1.352970374129234257e-06,7.286254937277596910e+05
8.511368280552783941e-07,1.202139011621835409e+06
1.067021352690465540e-06,9.913356728290437022e+05
3.729081029374380633e-07,8.063970428387656808e+06
9.467342859752026250e-07,1.011571017923553241e+06
1.067021352690465540e-06,9.913356728290437022e+05
7.916211233790224032e-07,1.374646764714727644e+06
1.088957955243405424e-06,9.934282937819513027e+05
9.179185321556006127e-07,1.245650418794479221e+06
1.097672273254034281e-06,1.035440495299483766e+06
1.196278743293914459e-06,9.447511769224916352e+05
8.185517605990350537e-07,1.447931573292718735e+06
1.857219290118810845e-06,7.549800564649830339e+05
1.502001431811529752e-06,9.328989256242850097e+05
2.003542335730577252e-06,7.828677361985776806e+05
4.124939415276595041e-07,4.036709983056558296e+06
2.957808332160314351e-07,1.806942113547360990e+06
2.267756503618221336e-07,2.735478837340867613e+06
6.700044945011642360e-07,1.454715513598179212e+06
1.013670644477223607e-06,1.032419231140994234e+06
8.229044266490858521e-07,1.229023048373278696e+06
1.088957955243405424e-06,9.934282937819513027e+05
8.718094587923235808e-07,1.238400723250759533e+06
8.185517605990350537e-07,1.447931573292718735e+06
9.251620318274438970e-07,1.422695097539069597e+06
1.491297522287719017e-06,9.924580685597452102e+05
1.931929297626135602e-06,8.137954602784898598e+05
1.836539617068034474e-06,8.539535074055232108e+05
1.754502600870027141e-07,9.436829965561561286e+06
3.241264790504938216e-07,2.854821383391220495e+07
2.831093243681081127e-07,2.623780461891364306e+06
2.317334303320469732e-07,5.006646622904665023e+07
2.699953087057144291e-07,3.440806792334106285e+06
3.655948223747290718e-07,2.502335970366548747e+06
4.107887916815591809e-07,2.493689191126855556e+06
4.123466458036945751e-07,2.724886876674367115e+06
4.519610385249234551e-07,2.466174422859039623e+06
5.176686814878068391e-07,2.452296231235322542e+06
6.408995280163076706e-07,1.973714325259041274e+06
7.411420705862871118e-07,1.737863536012101220e+06
1.074693986201016433e-06,1.459897178467839258e+06
3.177801213340080069e-07,1.495329212174855405e+06
4.121724270543149623e-07,2.173418640819639433e+06
3.347410327327557915e-07,2.774736907816796098e+06
4.883750776346155786e-07,1.846090923075699247e+06
4.003190529228361255e-07,2.263385723381196149e+06
4.378042365429257553e-07,2.199215190532515291e+06
4.246462687165516467e-07,2.304282221318821423e+06
3.753126998881194323e-07,2.665908103098128457e+06
5.341468485424743131e-07,2.153124495007709600e+06
5.349485042267404848e-07,2.476218516848060768e+06
1.057781941222835614e-06,1.406969169614829822e+06
1.141682823872391274e-06,1.459324432075126562e+06
2.963207712942685501e-07,1.501215388194976375e+06
4.406508317448973062e-07,1.010795120500909863e+06
1.376892493712800546e-06,6.031113203561006812e+05
1.462206499399473570e-06,5.982050038610389456e+05
7.959958000459172246e-07,1.156842242276398931e+06
1.485861376570334713e-06,6.342100913876433624e+05
9.117908729198155510e-07,1.064374241486504441e+06
1.095182120010886972e-06,1.028293367017488112e+06
9.027229568770214097e-07,1.324614560619607801e+06
1.813440960305507850e-06,8.168938097263751552e+05
1.314165776482371391e-07,4.558167528339192271e+07
1.219164492442714113e-06,7.237501680068378337e+05
1.462206499399473570e-06,5.982050038610389456e+05
1.426821943654798100e-06,6.374025864108569222e+05
1.367759996217269032e-06,6.834821115317660151e+05
2.289596335561917959e-07,3.967688514114878140e+06
5.651977133845317501e-07,1.793134626380520873e+06
7.458235922964855108e-07,1.345105287577079143e+06
1.071845506187520981e-06,1.098578489720540354e+06
8.779560990866843910e-07,1.426769771104828920e+06
1.748920980147974513e-06,8.465672815201830817e+05
3.442332900328021210e-07,6.068024234582542442e+06
3.607213227729313763e-07,4.783539288436897099e+06
1.314165776482371391e-07,4.558167528339192271e+07
5.902705055029540124e-07,1.644844410871279193e+06
1.072602424306218730e-06,9.678754950700160116e+05
7.250610033540582310e-07,1.450669054440684617e+06
1.330670498348430970e-06,8.149246314256120240e+05
1.258517587965930384e-06,9.869416179953903193e+05
8.331652612880995199e-07,1.585524548661948880e+06
9.566274156783902793e-07,1.432974715468418319e+06
1.680521494285743900e-06,9.317118401076329174e+05
2.217510324367772514e-06,7.494476170871822396e+05
4.689343642751553234e-07,4.459993193971639499e+06
4.162060744443047717e-07,1.433714651495220605e+06
5.209139647659337812e-07,1.676510196637067012e+06
3.512796568224609739e-07,2.616057773573219310e+06
1.127971748485280471e-06,8.800780337088212837e+05
1.220382936097446835e-06,8.307780455761438934e+05
1.214578474025799814e-06,8.723908413858987624e+05
1.390065695355852100e-06,8.104043925888369558e+05
7.639361081042022185e-07,1.466484959040068090e+06
1.431669671548000014e-06,8.496545386176931206e+05
1.134739779265907678e-06,1.103822584639674984e+06
1.231314560292104027e-06,1.028698164722677204e+06
2.231638083954660896e-06,7.028274708506253082e+05
4.525637421165319794e-07,3.636874484775619116e+06
3.126852969433296999e-07,4.056868496891931444e+07
9.748919534463967993e-08,6.164972212266353890e+06
5.431427698816596187e-07,1.504532638727231883e+06
8.999019858747692054e-07,1.000471648102756590e+06
6.754146729311796268e-07,1.373772477024862310e+06
8.484317988627731936e-07,1.170273872207553592e+06
1.196595553714823144e-06,9.411955193181536160e+05
1.109095837582424022e-06,1.044205043874069816e+06
1.580538882159680704e-06,7.601799736014415976e+05
6.602613729440797469e-07,1.990467320729932049e+06
1.361670522946616100e-06,1.031018896203257143e+06
1.884372747148442144e-08,1.208654516152373999e+08
1.004285528235757677e-07,6.103584698881221004e+06
3.212264329426874774e-07,2.628108655600773171e+06
5.431427698816596187e-07,1.504532638727231883e+06
5.988731878252305660e-07,1.540578137341868831e+06
6.754146729311796268e-07,1.373772477024862310e+06
6.141235407181772391e-07,1.548968962805346586e+06
4.738047603769753247e-07,2.030023845380033832e+06
7.498056503272881956e-07,1.367035455576268956e+06
8.677118330887133714e-07,1.269457530080528464e+06
6.602613729440797469e-07,1.990467320729932049e+06
1.203137746041808582e-06,1.237979401582686463e+06
1.321395982936303440e-06,1.189192391403512564e+06
4.428355234401015102e-07,1.000476870998499449e+06
7.007044017080811076e-07,1.326979690153901931e+06
5.923270820326951677e-07,1.674713765965381870e+06
7.997595344141666193e-07,1.266534998574340949e+06
1.203638424987576516e-06,8.566670580250977073e+05
9.991157097001940827e-07,1.013903089289042749e+06
1.837974890643534542e-06,5.511219176529917167e+05
7.498056503272881956e-07,1.367035455576268956e+06
1.651627657461231513e-06,6.217934008312840015e+05
9.058483745688709335e-07,1.183458569781203056e+06
1.384469181577886272e-06,7.599910688838235801e+05
3.558306157316396221e-07,6.626644705330682918e+06
9.692330247598041331e-07,4.768394228529719985e+05
1.469290330951727413e-06,6.116076996100554243e+05
1.998545683831589230e-06,4.722706386234696838e+05
2.078548684736652356e-06,4.706648183974385029e+05
1.651627657461231513e-06,6.217934008312840015e+05
1.837974890643534542e-06,5.511219176529917167e+05
1.203638424987576516e-06,8.566670580250977073e+05
1.754330562301225867e-06,6.050089280833783560e+05
1.384469181577886272e-06,7.599910688838235801e+05
1.524650682568684815e-06,7.790393062478897627e+05
1.575851192850498796e-06,7.869331928893413860e+05
2.802219094630527571e-06,5.281246378708513221e+05
5.983724911813851314e-07,1.365720597454938339e+06
1.157944462041862159e-06,7.568128196890186518e+05
1.150958991265944917e-06,7.641604702226426452e+05
1.311311961614124219e-06,8.480951363388299942e+06
8.327472086399059944e-07,1.149552536726020975e+06
9.801167392377032734e-07,9.919429958617233206e+05
1.747703460999789692e-06,5.921949359600626631e+05
1.290963315697277544e-06,8.277508937273110496e+05
9.741502315995454996e-07,1.170628959335131571e+06
2.321979587472864747e-06,5.229975944724525325e+05
2.748555053989899603e-06,4.837550349559417227e+05
2.010136582889721252e-06,6.630294159854304744e+05
2.727526025865628708e-06,6.106966195103873033e+05
1.829403572741990641e-07,1.550807632167541049e+07
3.686785637916864034e-07,1.680484521028455580e+06
2.447027845521324460e-07,2.981207719969756436e+06
4.495122147767462500e-07,1.915308144585964270e+06
5.589843403098827822e-07,1.719025845044056652e+06
9.984074609935908253e-07,1.040421460857007653e+06
6.542028173696938524e-07,1.840949758772251429e+06
8.669521911617443537e-07,1.376233540331046563e+06
7.756114819009929368e-07,1.671320413371446542e+06
1.654412636220382603e-06,9.481240022053860594e+05
1.293196755758487452e-06,1.211807374454117846e+06
4.733204464699317441e-07,3.927084413810963277e+06
2.487277895994101752e-07,3.233582796488145366e+06
2.405746679077902284e-07,3.451282264495673589e+06
1.823689236819356068e-07,4.459661277462375350e+06
1.738781506484463426e-07,4.923005963631791063e+06
1.974434975325051090e-07,4.585211380513747223e+06
1.563428466156101619e-07,6.007190907019633800e+06
3.852974898686387322e-07,2.621051667301956564e+06
2.105599384940757881e-07,5.455334591456245631e+06
2.719376389864004066e-07,4.087166889961377718e+06
2.717796097181529405e-07,4.464655144673069008e+06
2.569133626891724842e-07,4.815767911728627048e+06
4.377227937709476288e-07,3.203492117446683347e+06
1.837795220747309724e-07,6.232526103918271512e+07
2.819232616669292811e-07,2.231342848562408239e+06
1.873755781195524810e-07,4.058194247148012277e+06
4.128045253020926533e-07,2.163558566426156554e+06
2.853930865424994706e-07,3.412241412598126102e+06
4.715285248296805579e-07,2.161928923767580185e+06
4.926216056100243129e-07,2.042183350615243660e+06
5.223934856724923293e-07,2.127313272854292765e+06
4.809040567789315189e-07,2.577407832233770750e+06
4.164294272761736796e-07,3.012314751105271280e+06
8.183102706799091646e-07,1.915155896016299957e+06
3.547513307732580094e-08,6.381420444167846441e+07
1.739603050573232445e-07,2.154834792837703601e+06
1.849789024686523382e-07,2.888569571670602541e+06
2.959184675936818093e-07,2.552201978953278624e+06
4.128045253020926533e-07,2.163558566426156554e+06
4.926216056100243129e-07,2.042183350615243660e+06
3.088801792086304729e-07,3.900489099930587690e+06
4.809040567789315189e-07,2.577407832233770750e+06
3.617227109553605958e-07,3.432548747696008533e+06
4.411534233916262975e-07,2.962952557042215485e+06
6.494294951045780034e-07,2.276662614568905439e+06
8.183102706799091646e-07,1.915155896016299957e+06
1.747491727091079657e-07,2.905160268088268582e+06
1.268757013454980205e-07,7.668691932413896546e+06
3.304671692670619391e-07,5.771758853608484380e+06
2.562808695069754687e-07,3.690393450454302132e+06
2.464750589279545976e-07,3.836038890462651849e+06
2.245269922227853156e-07,4.320966726010896266e+06
3.230824369310063651e-07,3.263371638575541787e+06
4.994274858287468841e-07,2.206565423742380925e+06
4.139818361409462773e-07,2.677493416301616468e+06
4.060540711670697417e-07,2.982729744420722127e+06
6.413645041144579742e-07,2.189106373553486541e+06
3.155289998783567970e-07,3.005244393701107427e+07
3.092750000335037480e-07,2.151494637777735014e+06
8.192297836425930400e-07,1.076673375336361816e+06
8.523822736409649190e-07,1.066116661041362211e+06
8.027223613080115328e-07,1.292201425581158372e+06
4.448821770907759979e-07,2.325256512618260458e+06
3.072643681709768587e-07,3.585866377510287333e+06
5.217080556179216686e-07,2.016521851586959558e+06
4.139818361409462773e-07,2.677493416301616468e+06
4.994274858287468841e-07,2.206565423742380925e+06
6.424645720536789249e-07,2.072918201439490542e+06
5.131145413524075565e-07,9.629056039633458713e+05
5.741536827653171959e-07,1.092229438824402634e+06
9.419910171113979249e-07,8.569510699390661903e+05
8.192297836425930400e-07,1.076673375336361816e+06
8.523822736409649190e-07,1.066116661041362211e+06
7.700447132569144389e-07,1.273063367013822077e+06
7.987694152679004215e-07,1.217888691245475784e+06
7.688536121511379210e-07,1.410474882544835797e+06
2.449599852365337814e-07,4.194200813680100720e+06
7.051118159665557664e-07,1.685647036714642541e+06
1.325059862089913934e-06,1.117234773725033738e+06
8.869997522778876760e-07,6.509775920608770102e+05
5.741536827653171959e-07,1.092229438824402634e+06
1.016969013169464293e-06,7.401085878431268502e+05
1.488525684016927122e-06,6.127942093833686085e+05
7.700447132569144389e-07,1.273063367013822077e+06
7.987694152679004215e-07,1.217888691245475784e+06
1.528013901703894913e-06,6.401331915593141457e+05
1.534905848437694691e-06,7.722957081320699072e+05
1.561460780090567547e-06,7.589849333343085600e+05
1.267753798743121559e-06,1.031214066565803601e+06
2.395854494444223994e-06,6.173918213264789665e+05
2.761791357352528186e-06,5.358856418671678985e+05
4.932452068381720033e-07,1.120324832236838527e+06
6.488838293552713903e-07,1.018413578218476148e+06
8.653519583470165989e-07,7.361465801118002273e+05
1.481130934495971753e-06,6.049834592346168356e+05
1.765332410641172707e-06,5.097019164632518077e+05
1.550285371482602723e-06,6.093319503718600608e+05
1.528013901703894913e-06,6.401331915593141457e+05
1.611106654764124639e-06,7.017457823439219501e+05
1.480123327415003627e-06,8.412505088919012342e+05
2.759066395586855496e-06,5.364773670746079879e+05
4.688188038572520135e-07,3.970277804742031731e+06
5.958426375918739638e-07,1.253725709856696427e+06
6.866710333901998973e-07,1.168806293386272620e+06
4.104368818465589559e-07,1.918883346667166799e+06
7.501992706079376020e-07,1.270445385751154507e+06
7.264497281163805429e-07,1.257050229903590167e+06
8.107813535457417886e-07,1.203589401984066004e+06
7.408807253406284073e-07,1.373227306927412981e+06
1.246314195729433823e-06,8.484898925613025203e+05
7.029516654053697285e-07,1.585049432257585926e+06
6.317618384741855452e-07,1.864239496794695966e+06
6.945255947137908177e-07,1.745147500319915125e+06
9.410248838258326885e-07,1.496898911069636932e+06
4.488121091677801612e-07,1.842507366209322819e+06
4.663771940210674665e-07,1.825562975836776197e+06
4.610336995992678337e-07,1.914130650467516854e+06
4.911856728670161120e-07,1.839099200223423308e+06
7.501992706079376020e-07,1.270445385751154507e+06
6.225732097804752054e-07,1.511493725241738372e+06
8.107813535457417886e-07,1.203589401984066004e+06
7.158448902557794788e-07,1.489145825173803372e+06
5.872770298314531239e-07,1.836960155084918253e+06
7.297563851678468381e-07,1.455148691557505634e+06
6.592296616362571582e-07,1.672345749303941149e+06
2.542606082919946341e-07,6.158046138679129072e+06
3.218292870047141866e-07,3.112932754750658292e+06
4.488121091677801612e-07,1.842507366209322819e+06
4.663771940210674665e-07,1.825562975836776197e+06
5.397616177341558542e-07,1.596120143341864925e+06
4.610336995992678337e-07,1.914130650467516854e+06
6.081226671457114863e-07,1.539663776513633784e+06
5.111829700317974341e-07,1.833911083817432169e+06
4.725612537162315620e-07,2.137734384527818765e+06
4.902190892313775141e-07,2.552430513075130526e+06
4.516818789923370703e-07,2.794202333692298271e+06
5.131478806498962445e-07,2.434366289318452589e+06
9.268462384166862941e-07,1.690179989810248604e+06
2.117493340169871329e-07,1.876247937070530653e+07
2.279835317121042297e-07,9.983196003778470680e+06
4.470507398222590370e-07,1.851437899253359996e+06
4.962692836958519419e-07,1.845194504870045697e+06
4.698788656401939420e-07,1.981022869608782232e+06
4.968462172460491950e-07,1.858772436209163163e+06
5.526334156746481827e-07,1.932672635857584886e+06
5.697594570339157585e-07,1.985843130705187796e+06
7.791890565992472175e-07,1.548585072856409010e+06
4.288607182083431595e-07,3.242149748630467802e+06
9.118741874099963124e-07,1.720383702342843870e+06
1.636739533190567197e-07,5.796456765167740732e+07
8.266437186071385356e-08,7.463180903834009543e+06
1.419017717716105517e-07,5.609076115396964364e+06
3.073317431245332286e-07,2.841164952275174204e+06
4.962692836958519419e-07,1.845194504870045697e+06
3.865450548940348936e-07,2.406041434626947623e+06
5.103563903896751840e-07,1.929143369192983722e+06
2.841365361529661393e-07,3.537300028634765651e+06
3.475838231055077910e-07,3.397473921802763827e+06
8.620511635834731434e-08,1.522276513315324113e+07
5.567242900577250001e-07,2.517365981557018124e+06
8.096192838863740139e-08,7.406547102453483269e+06
1.627493791391297363e-07,4.561964408714283258e+06
1.831559694951433754e-07,2.673288724754833430e+07
3.073317431245332286e-07,2.841164952275174204e+06
2.295993971318037273e-07,3.630110909270948265e+06
4.323625483493967695e-07,2.160094174238774925e+06
4.177116351800023376e-07,2.411185334654416423e+06
3.925760560811549932e-07,2.725174657015284989e+06
2.575837547246698992e-07,4.318797473305610940e+06
5.349324890351798879e-07,2.381842522761250846e+06
5.819521016374417296e-07,2.549917910200853366e+06
1.926440361131266889e-07,4.399117488030439243e+06
1.810618842059573711e-07,1.490719157264947146e+07
5.612795474500402038e-07,1.615730680351959076e+06
4.289422434406203570e-07,2.153667822458740324e+06
5.643528566508859825e-07,1.669177082191100111e+06
2.616226663330337331e-07,3.865414290147469379e+06
3.941784908895754169e-07,2.704497697700279299e+06
3.766111185605981826e-07,2.979285144621867687e+06
4.537448986770231825e-07,2.571156839753291570e+06
5.821504480672683313e-07,2.072646418541572988e+06
4.513293976578297570e-07,2.753415476558530703e+06
5.724375952404181462e-07,2.330719632129664999e+06
7.903573049754823227e-07,1.772037831025369931e+06
4.052220662131430844e-07,1.738197093613208039e+06
3.800050072047746811e-07,1.831836794666100061e+06
5.612795474500402038e-07,1.615730680351959076e+06
5.188206166097295144e-07,1.831916779469247209e+06
5.643528566508859825e-07,1.669177082191100111e+06
5.433340656746186075e-07,1.746210690457927994e+06
5.730864013527180447e-07,1.694664128087849123e+06
5.596951513499327117e-07,1.748448452837295830e+06
5.265049576545811769e-07,1.965707572276913095e+06
5.798664702230038400e-07,1.830152030576641671e+06
3.974884968945780098e-07,2.651978750579026528e+06
2.173254993150198703e-07,4.441768593950056285e+07
2.326893341464693282e-07,2.255294790381714702e+06
3.453676804562182219e-07,2.839605464918163605e+06
3.289465523060046053e-07,3.015964707060292363e+06
3.486272121642967742e-07,2.760886322059868835e+06
4.716361372203589790e-07,2.612878151833236217e+06
3.937838192961410415e-07,3.173572400776465889e+06
4.042753769561970441e-07,3.269214708766824100e+06
3.686213130734181421e-07,3.751979236597936135e+06
4.586809200999027490e-07,2.989794750174331944e+06
7.694604214709513787e-07,2.037425686160336481e+06
7.892129129446662390e-07,2.103284886091332417e+06
1.278907309476955241e-07,1.434691279536007904e+07
1.644781959935545244e-07,7.094231082400064915e+06
8.885554870108316169e-08,1.238580164546843916e+08
1.688400548612779561e-07,5.451524095675191842e+06
3.289465523060046053e-07,3.015964707060292363e+06
3.453676804562182219e-07,2.839605464918163605e+06
2.283168673806537870e-07,4.598416997916661203e+06
2.222406429999727494e-07,4.989028647729691118e+06
2.120806888718061312e-07,5.283691083578187972e+06
2.695108402106147546e-07,4.303420281487423927e+06
1.073509614449954130e-07,1.130009885244835168e+07
2.815202663489437006e-07,4.991019941786529496e+06
4.645176757071460679e-08,4.017506079699093848e+07
2.805921173097214648e-07,3.746012243211915717e+06
7.461658496747814595e-08,9.722271697102943435e+06
1.414196070299611524e-07,5.611776840953083709e+06
2.005516397689618102e-07,3.727102154864102136e+06
1.824909160905250869e-07,4.652817301384233870e+06
1.912531986200305284e-07,4.530315535663035698e+06
1.498341603539298731e-07,6.370764470872811042e+06
1.773157365358744342e-07,6.175454420526755042e+06
3.075052612699464822e-07,3.554900179835583083e+06
6.619339349702337062e-07,2.589159917387532070e+06
1.069635317846108405e-06,1.761920113201366272e+06
1.166914251240290039e-06,1.608989790010807803e+06
1.516444511869297417e-07,1.572829542959101871e+07
2.991614589850732002e-07,2.340312875612150505e+07
1.785249275226962417e-07,3.143530093952559400e+06
1.043689382672557586e-06,8.007385422377582872e+05
4.870201907752181361e-07,2.033453105868402636e+06
8.633409131074653234e-07,1.195412346978038084e+06
1.307305382834476956e-06,8.702716495282541728e+05
1.205174144589240305e-06,1.031874237701323582e+06
1.201272703663143809e-06,1.034512130814872566e+06
1.257455294206219131e-06,1.035900605569239589e+06
2.145279251977703277e-06,7.305026814702923875e+05
2.225904022446724037e-06,7.465129318184659351e+05
7.132707950190674056e-07,6.707265085139820585e+05
5.183321317763185713e-07,1.772359888553021476e+06
1.414555880473798274e-06,6.198952778668761021e+05
1.404154140040842784e-06,6.494458569791855989e+05
1.543255637824334600e-06,6.148164211127883755e+05
8.733206214784973992e-07,1.047037162253766553e+06
1.495649148556657039e-06,6.551338349609103752e+05
1.625235609024575410e-06,6.026499951755773509e+05
1.712559054748477739e-06,6.187909166032379726e+05
1.108861734117344961e-06,1.012261229519407148e+06
1.754792260633422036e-06,7.581641537701812340e+05
3.210331529898227528e-07,1.936300915665966691e+06
6.131883709431650096e-07,1.242684335279658670e+06
5.881206143763640076e-07,1.480414888268240727e+06
6.182099759783320970e-07,1.323488002775137778e+06
5.544493991785561157e-07,1.803237152343912749e+06
8.361465061461639633e-07,1.196989164193743141e+06
1.211716468606855272e-06,8.949419074644506909e+05
8.337455057618997414e-07,1.326745959922625916e+06
1.108861734117344961e-06,1.012261229519407148e+06
1.004242149838234986e-06,1.247734741257180925e+06
2.018886054928758366e-06,7.335330966813591076e+05
1.755815479982448019e-06,8.435823034687307663e+05
3.075291409950864238e-07,2.507304582608157303e+06
4.997912697033002985e-07,1.975983020219299709e+06
4.904830553608403234e-07,1.795654993885710137e+06
4.560317208087754140e-07,2.213906960809259675e+06
5.239809704019727025e-07,1.985478748665558640e+06
4.629280489458068786e-07,2.336269348825026304e+06
5.276076390131644895e-07,2.095279925150292693e+06
4.415676402501530408e-07,2.558595604338006582e+06
4.102229336830747667e-07,2.925726901616028510e+06
7.394198416106272613e-07,1.639255217591801658e+06
7.035340800647711049e-07,1.725129026210687123e+06
8.470020477187484458e-07,1.571437188789667096e+06
8.792573423268864715e-07,1.595043127438427182e+06
1.707774070880965503e-07,5.249345166715730727e+07
3.993497829882792275e-07,1.494647462532659061e+06
1.769598971016291981e-07,5.099683686762624420e+06
3.133142050746945398e-07,2.877506481745861936e+06
6.738724356840303276e-07,1.403947488318913151e+06
3.980932344557657891e-07,2.280165521660564467e+06
5.718199576569302168e-07,1.721741679359602742e+06
6.938168116799283031e-07,1.409681183646130841e+06
5.894313713222766621e-07,1.723803724147712346e+06
5.806453420946315190e-07,1.918131108466501813e+06
1.658714436576764116e-07,2.518835705359463580e+06
1.497474789836663870e-07,3.421570905049281195e+06
4.652599934670651899e-08,1.422641438328756206e+07
1.795634525034783457e-07,4.736657620217221789e+06
1.620765329978560035e-07,5.616614129438200966e+06
5.555551061850572319e-07,1.783378499487374211e+06
3.094057272929168313e-07,3.045231053104843944e+06
5.932257058007858578e-07,1.594207808689842699e+06
5.028018969165066670e-07,2.737136344284191728e+06
9.441205487400934385e-07,1.761077195694391383e+06
1.497474789836663870e-07,3.421570905049281195e+06
1.685915453298957706e-07,3.374695598927222192e+06
1.398674193694824442e-07,6.236744690883576870e+06
1.697850306538128579e-07,5.529574154277602211e+06
3.437806049736915235e-07,3.164345738997420762e+06
3.699239228085864453e-07,2.864124182309262920e+06
3.430449766799707643e-07,3.125113273475582246e+06
4.660724152826943107e-08,2.301709903253023699e+07
3.424364764626191304e-07,3.629758624478559941e+06
2.890067363665993903e-07,4.248873939128111117e+06
4.827500448691554418e-07,2.909478479652464390e+06
6.217704307762526638e-07,2.381012025629267097e+06
2.495446641024117635e-07,1.436504338455555029e+07
2.648759985992710605e-07,3.357245842582162470e+06
4.170771600482488970e-07,2.112603267160343006e+06
2.463565149991782205e-07,3.822492334259423427e+06
4.512581976093357589e-07,2.000476409402286168e+06
4.011338719735242476e-07,2.303260114766366780e+06
3.843059514728131108e-07,2.419680404141081963e+06
4.098193943799376063e-07,2.611436992814601399e+06
3.113956535000309217e-07,3.607325758311249316e+06
3.147261936905625831e-07,3.534384287037229165e+06
4.843562668630789657e-07,2.621396726332053542e+06
5.237241760325182185e-07,2.417748021460422315e+06
2.986718172312232530e-07,2.587230121630203910e+06
1.404306762702543169e-07,6.159666142762564123e+06
3.717834834526281421e-07,2.420813290899446700e+06
2.043096648943283089e-07,4.656221837823181413e+06
2.354980677370979840e-07,4.154254125779949129e+06
3.379683785336218040e-07,3.029413908166434150e+06
5.273159255192206892e-07,2.038113542576816864e+06
3.405223039624648213e-07,3.274926501238277648e+06
4.063011606030709987e-07,2.876708263380127493e+06
3.865890259952185354e-07,3.259713220376159064e+06
4.813177122560340617e-07,2.775900601910074707e+06
5.132045182935371442e-07,2.598993340376659296e+06
8.079629806741703578e-07,1.942911050903367810e+06
2.193588968937526036e-07,2.967610551729992963e+06
4.061398579369084037e-07,1.818358764243873535e+06
5.938654093917698167e-07,1.485468767339191167e+06
6.303865935005073196e-07,1.434182877234163694e+06
5.389759521451048498e-07,1.712183614261937095e+06
6.026123429683856036e-07,1.527523585448560771e+06
6.037043921538728355e-07,1.493934750576827442e+06
7.087660028856221960e-07,1.416194823881340213e+06
6.542763593363711105e-07,1.686464666727503994e+06
6.084254073094739869e-07,1.921118770793370670e+06
1.134159423410036087e-07,1.250423552826652862e+07
6.772430967113930109e-07,8.033603815644946881e+05
5.768670190915706567e-07,1.046965681090450147e+06
5.938654093917698167e-07,1.485468767339191167e+06
6.303865935005073196e-07,1.434182877234163694e+06
8.053018378848714290e-07,1.103285315087301191e+06
5.819466258614882322e-07,1.647398740691483021e+06
7.261118693440642391e-07,1.322063947040989064e+06
8.733500633022035535e-07,1.166641620631912723e+06
8.610648184570524829e-07,1.240986856496641412e+06
7.354510324415551215e-07,1.657533824125763029e+06
7.382456270326907093e-07,1.648666670855555683e+06
3.527966283427317979e-07,1.741458877704703249e+06
3.954440748186730212e-07,1.604369815223731333e+06
5.768670190915706567e-07,1.046965681090450147e+06
6.387718585811656222e-07,1.462471306991453515e+06
4.235680036452854577e-07,2.300633868737754412e+06
7.668020506049624013e-07,1.264769712857225444e+06
9.145234138402192078e-07,1.158817381005341187e+06
8.610648184570524829e-07,1.240986856496641412e+06
6.971275886900622655e-07,1.674577013789736899e+06
7.382456270326907093e-07,1.648666670855555683e+06
8.542683948941287567e-07,1.555414399814766366e+06
3.555688223067893665e-07,2.329619456300524063e+06
2.982378764994693625e-07,2.799219196423266083e+06
6.024628484398295514e-07,1.536181865547440946e+06
6.969287956872839139e-07,1.337539607102572918e+06
5.872349068496353041e-07,1.728371686324635055e+06
6.912739456506683553e-07,1.502088745879714843e+06
3.852723640257412327e-07,2.739651818916668650e+06
2.983902847863242811e-07,3.537006782684338745e+06
4.617426885654801624e-07,2.408424321302758530e+06
5.298331033501078406e-07,2.112823734635330271e+06
8.412656190970123824e-07,1.582590574435654795e+06
5.955982837715785954e-07,2.309144171888601966e+06
1.128942233581818140e-06,1.388902648661105894e+06
1.693997902705904197e-07,5.797439757675544173e+07
3.028710197008523210e-07,1.515810428613041760e+06
3.393974846670621765e-07,2.359057546101963613e+06
6.024628484398295514e-07,1.536181865547440946e+06
6.969287956872839139e-07,1.337539607102572918e+06
4.720748909421544511e-07,2.387164475737330969e+06
7.023006601524863593e-07,1.677625797835279023e+06
5.977923423856844685e-07,1.996040194677756168e+06
4.825317486066162059e-07,2.557354893590828404e+06
7.685253316836682612e-07,1.826802173070257064e+06
1.132184106460593524e-06,1.385237088707202114e+06
1.693997902705904197e-07,5.797439757675544173e+07
3.393974846670621765e-07,2.359057546101963613e+06
6.828311499018761794e-07,1.283257799993418390e+06
7.105897281495396748e-07,1.267263400985235581e+06
2.751388317603552802e-07,3.330948682325650938e+06
6.273560616042850365e-07,1.715502537678359309e+06
6.553480784240239702e-07,1.717841895970989484e+06
4.720748909421544511e-07,2.387164475737330969e+06
4.046823956440393314e-07,3.065746500731942244e+06
5.564893492870157342e-07,2.353170887576559559e+06
7.664260053544966044e-07,1.933864593489831546e+06
1.058438200790264987e-06,1.481397574461196549e+06
5.146320678333897647e-07,1.056192778299907222e+07
7.834669612278441348e-07,9.487050502182556083e+05
7.574827959488639942e-07,1.244636743133305572e+06
7.590970991552864704e-07,1.242393421227666084e+06
7.322766106112505545e-07,1.329046446803671308e+06
6.769458381940333050e-07,1.454603728322115028e+06
1.422557143763641085e-06,6.885658239012560807e+05
8.303666804053989325e-07,1.234790177653440740e+06
9.174932747903481890e-07,1.148766984398895875e+06
9.160008368099300042e-07,1.368393747861859156e+06
9.414274450962113254e-07,1.389408558688563993e+06
1.745121073013781994e-06,8.974612357900831848e+05
1.101770445317507148e-06,7.992461517564704409e+05
1.194643696292573090e-06,7.534515394440894015e+05
7.700978575267040412e-07,1.160235049013327342e+06
1.463981329301045053e-06,6.410035210115521913e+05
1.361573047658495878e-06,7.242011042550025741e+05
1.239755007794481248e-06,7.881637185817293357e+05
1.165718088992536781e-06,8.483870161190433428e+05
8.303666804053989325e-07,1.234790177653440740e+06
1.007002620565280810e-06,1.062724545054303482e+06
9.174932747903481890e-07,1.148766984398895875e+06
1.164772766002983404e-06,9.143988684077090584e+05
1.063414909994969195e-06,1.041205781403152505e+06
1.104789488535961981e-06,4.679605160270929337e+05
1.242872031839084251e-06,4.367139048430709518e+05
2.276229630299329191e-06,3.498752412022736389e+05
1.101770445317507148e-06,7.992461517564704409e+05
1.194643696292573090e-06,7.534515394440894015e+05
2.359400689197277020e-06,3.992239112622430548e+05
1.405436427852715929e-06,6.723010084862272488e+05
2.248111647720222080e-06,4.380048292076656944e+05
1.730051055928830256e-06,5.707633533785407199e+05
1.861136606936067199e-06,5.690306991904493188e+05
4.118324110030817309e-07,8.875778983507428784e+05
9.905821009678251009e-07,8.535176385675400961e+05
1.328527811839630778e-06,6.973685250666079810e+05
1.730051055928830256e-06,5.707633533785407199e+05
1.861136606936067199e-06,5.690306991904493188e+05
1.504539821034403603e-06,7.289235502325129928e+05
1.894496762394170736e-06,6.261739669098090380e+05
1.151359868224192898e-06,1.060465573221268598e+06
1.553841051499587229e-06,8.396710961688115494e+05
1.737883911478326805e-06,7.532406584527409868e+05
2.873951872596267405e-06,5.146329495483493083e+05
3.273479564659341525e-06,4.787411230238085845e+05
1.897133653189657147e-07,4.862460906007996947e+07
1.334501771609599511e-07,3.226167708192512859e+06
4.286491893987016771e-08,9.321849553611880541e+07
7.959977547491714055e-07,1.289144126439571148e+06
4.248324176411900768e-07,2.259252475431803614e+06
4.778584898615214361e-07,2.432330075981902890e+06
1.091708811614373697e-06,1.123778498485716060e+06
9.065219190145093767e-07,1.732336508876168402e+06
1.659572614864327173e-06,9.456624120478690602e+05
2.195490647347670224e-06,8.606424232262047008e+05
5.201819934399858580e-08,3.215587646458979324e+07
1.409595637246131176e-07,3.818029050311919767e+06
1.437949794805468064e-07,3.790066437636242714e+06
3.020007147705089471e-07,3.014780309340902139e+06
3.843302563769917364e-07,2.620163226242245641e+06
4.605110665594573088e-07,2.344728808439895976e+06
5.545628395961271099e-07,1.977092589511480182e+06
6.128504437119039854e-07,1.817691760191947222e+06
6.137635028951040881e-07,1.985864099223160418e+06
5.493280509756793352e-07,2.807248955920546781e+06
3.744573397462626698e-07,1.233791628645361634e+06
5.405075736305569466e-07,9.583285488192231860e+05
6.595172427512636633e-07,8.429193383228960447e+05
7.848194069258371589e-07,1.209674127583696041e+06
7.989482295197521471e-07,1.226926114855000051e+06
9.408180758748886663e-07,1.090708774645860773e+06
9.551893747999635095e-07,1.068635262283863733e+06
7.836998430485053114e-07,1.426670207923292881e+06
8.446021673422234974e-07,1.309003755340175238e+06
4.661783409060715371e-07,2.353025779214525130e+06
2.259245022025844992e-07,4.417922339808791131e+07
3.819267375145467354e-07,1.458858950880678371e+06
9.602427827609450791e-07,8.755513676279168576e+05
5.162351393880069645e-07,1.685774171310468810e+06
7.848194069258371589e-07,1.209674127583696041e+06
7.989482295197521471e-07,1.226926114855000051e+06
5.624096126432486127e-07,1.825605941821847577e+06
5.941221522559086116e-07,1.789145103486471577e+06
7.548628417139332141e-07,1.733008052622441435e+06
6.989237366773445216e-07,1.974767135955053614e+06
3.315194391316709241e-07,4.626505403046297841e+06
1.352133784716675305e-06,1.158267643427884905e+06
2.894251587559780469e-07,3.279315734405147284e+07
2.809291853549756494e-07,1.485859724277546443e+07
3.819267375145467354e-07,1.458858950880678371e+06
3.823323189908308727e-07,1.645114298069617245e+06
4.860164094253621623e-07,2.055638597059062216e+06
5.624096126432486127e-07,1.825605941821847577e+06
5.941221522559086116e-07,1.789145103486471577e+06
4.575751731743503618e-07,2.844214807150936686e+06
4.099584178525286306e-07,3.363503875326209702e+06
7.848954172810136545e-07,1.995871558836335083e+06
1.004210975385168970e-07,2.351682431481603533e+07
1.626500582295753524e-07,2.302797802123870701e+07
2.742307459057535498e-07,1.848828965348617407e+06
3.823323189908308727e-07,1.645114298069617245e+06
2.151305152243985724e-07,3.338573760981569532e+06
4.827888307156995242e-07,1.772926766029420542e+06
3.721219349631567710e-07,3.368601924193294253e+06
4.185494526483927326e-07,2.961099654729606584e+06
4.370924533920930959e-07,2.987477846950114239e+06
4.311156305369826664e-07,3.184755304133220110e+06
7.287625680547038960e-07,2.149594562315218616e+06
7.858441110417058754e-07,1.992949603984232759e+06
1.628690783435463916e-07,6.625838153734054416e+06
2.742307459057535498e-07,1.848828965348617407e+06
4.747003880076241041e-07,2.094495152244193479e+06
2.882589616817136671e-07,3.650533770179887302e+06
4.639128108787629127e-07,2.117421909021480475e+06
7.618327454119405423e-07,1.412545225206333678e+06
8.279484791459189355e-07,1.336005904328603996e+06
6.349951223981744607e-07,1.814587590101046022e+06
7.979003432918294175e-07,1.734842642503510695e+06
1.354218842971413430e-06,1.166790647594821639e+06
1.589139822409296687e-06,1.047028171760117402e+06
3.980238621340537571e-07,1.230481561454396695e+06
1.095115202123809311e-06,7.436320220400273101e+05
1.085004154351216728e-06,8.011626110241110437e+05
1.165751352387508098e-06,8.090110878663244657e+05
1.162596692471755806e-06,8.786475808877043892e+05
1.049992461805237987e-06,9.718902932066579815e+05
8.559546874192203160e-07,1.230616877706530038e+06
1.022463425225716223e-06,1.101277195510292426e+06
7.294021794657292305e-07,1.548672928344083019e+06
8.953220366328646105e-07,1.273655971445013070e+06
1.345122247690235411e-07,1.067319616598589532e+07
1.703795370971539627e-06,8.694259293532972224e+05
6.733374752180912560e-07,1.419247874315381516e+06
8.245211569981196818e-07,1.124091335753053427e+06
5.465038881760958190e-07,1.726520012624711497e+06
5.599991850037097331e-07,1.681238742111826083e+06
7.727305914713624379e-07,3.412441917849378660e+06
9.837259895882958712e-07,1.059579091169585939e+06
8.624741223573052219e-07,1.257301058742931578e+06
8.805001036867707463e-07,1.276706011261321604e+06
7.683483076711775992e-07,1.557152328198106028e+06
8.423661374134912641e-07,1.545979472849139012e+06
1.538782963669980741e-06,9.120546826182665536e+05
1.718624709573150881e-06,8.156005721893354785e+05
3.867686101836016460e-07,3.783646130348669831e+06
1.495075476272183733e-06,9.893872764042965136e+05
7.219489294917663209e-07,4.404041385378192179e+06
1.032416762763231620e-06,8.507456893064477481e+05
1.022898135672463578e-06,8.429473224884554511e+05
6.966815657057439090e-07,1.317021965973818675e+06
8.244145280975818707e-07,1.152225440702090040e+06
5.599991850037097331e-07,1.681238742111826083e+06
6.191285636895538401e-07,1.534498351079307497e+06
5.465038881760958190e-07,1.726520012624711497e+06
9.210362598536960023e-07,1.055045326147121144e+06
8.052646116374314645e-07,1.201643574894596357e+06
6.832284666219807449e-07,1.479786061098787701e+06
4.715706855361531978e-07,1.096964234203412430e+06
2.471072803221979663e-07,2.454125004813835490e+06
3.319439220022194175e-07,2.434029698492598254e+06
6.728394573039700790e-07,1.337732450640808558e+06
8.371072213905800612e-07,1.429016647557008546e+06
7.613857472852904323e-07,1.619803554520375328e+06
6.232769983130960105e-07,2.009148775284455856e+06
7.530494780468599230e-07,1.650773381592077669e+06
5.902276260678835790e-07,2.077336304322787561e+06
7.200294483230347340e-07,1.817562462170679588e+06
8.947356432484599636e-07,1.567707965960779460e+06
1.226278719445030692e-06,1.278913632058063289e+06
1.332485773835692561e-06,1.175877287064404227e+06
4.858593478105530361e-07,1.219357598856195342e+06
4.715706855361531978e-07,1.096964234203412430e+06
2.471072803221979663e-07,2.454125004813835490e+06
1.048091115722686848e-06,9.107283750706523424e+05
1.185392940360390840e-06,8.203337286033888813e+05
1.400669956543052153e-06,7.012356894981788937e+05
1.207247021691013138e-06,9.404704795452211984e+05
1.157388594892735720e-06,9.848592300898273243e+05
1.014587457937855123e-06,1.122242697158155730e+06
2.182397250773211522e-06,6.781331161675370531e+05
2.007702774106301751e-06,7.393753984836507589e+05
9.791296735695824731e-07,6.704218407972133718e+05
1.380043740372002659e-06,5.948201295367561979e+05
1.281545005975880870e-06,6.392096528344310354e+05
1.307389353946574345e-06,6.047209820790630765e+05
1.556360277677270651e-06,5.370914322260007029e+05
1.474472977004134944e-06,5.981682186612918740e+05
1.522526991386934185e-06,5.755822861624775687e+05
1.315190738529141472e-06,6.639740319235146744e+05
1.071593858392548732e-06,8.509838847156710690e+05
1.136695457803722874e-06,8.252635121847786941e+05
6.187091342576655114e-07,9.023865227057017619e+05
5.945081363691773604e-07,1.593887237634951249e+06
6.658156059249090581e-07,1.476236581607055385e+06
5.891869077461990223e-07,1.663505893541889964e+06
1.202991368454437610e-06,8.204186317676672479e+05
6.002854359081220168e-07,1.696174285141752334e+06
9.199683379649152647e-07,1.178275259842576925e+06
8.747320010525250467e-07,1.260210428210423328e+06
7.707881289485964535e-07,1.457793915690445574e+06
9.100770801846727200e-07,1.309374603771009017e+06
8.402716971560671517e-07,1.557290160729089286e+06
1.791757499136884579e-06,8.278589047648572596e+05
1.564798343530405951e-06,1.001912926906421082e+06
4.738503728983716646e-07,1.878754997653340921e+06
5.081838852847163073e-07,1.752157400735986652e+06
6.658156059249090581e-07,1.476236581607055385e+06
6.432024364352874635e-07,1.533476955337104620e+06
5.605087362794901695e-07,1.742798742511542747e+06
5.464643155226366067e-07,1.773275574850431411e+06
5.891869077461990223e-07,1.663505893541889964e+06
6.402187353661225950e-07,1.604111907657398377e+06
6.002854359081220168e-07,1.696174285141752334e+06
6.008465532871356194e-07,1.924371832120549632e+06
5.507125429718080429e-07,2.129469408135123551e+06
7.844928142071061691e-07,1.469529200965367258e+06
2.333565795285686475e-07,9.550887363085314631e+06
4.738503728983716646e-07,1.878754997653340921e+06
4.912766356208443513e-07,1.885875887500435114e+06
5.464643155226366067e-07,1.773275574850431411e+06
6.781630370949685774e-07,1.436064789608283434e+06
6.950883518191779639e-07,1.421090687169989571e+06
4.408403506826274732e-07,2.255689349273937289e+06
6.402187353661225950e-07,1.604111907657398377e+06
7.855876166725729757e-07,1.300295429623033619e+06
7.509507082586700036e-07,1.364899364091363503e+06
5.640952045147755869e-07,1.778376953689346556e+06
6.204171352161854955e-07,1.629557664506846573e+06
7.500521559431193110e-07,1.414531891125189839e+06
3.429836999744759257e-07,1.464472898336359998e+06
3.936615739554759627e-07,1.365930945866466733e+06
2.629746625651155029e-07,3.507714893809493631e+06
3.416887282282411564e-07,2.693331987058464438e+06
6.950883518191779639e-07,1.421090687169989571e+06
5.640952045147755869e-07,1.778376953689346556e+06
7.855876166725729757e-07,1.300295429623033619e+06
4.616623702950102866e-07,2.233567859903408680e+06
7.509507082586700036e-07,1.364899364091363503e+06
7.500521559431193110e-07,1.414531891125189839e+06
7.729163314848783398e-08,2.540897353645977378e+07
1.002006649403757502e-07,2.320191577964997292e+07
1.926221659788054978e-07,3.624174630886643659e+06
2.190894969479012933e-07,3.202167938264031895e+06
1.998848487716395743e-07,3.527980728417113889e+06
2.113684103872530564e-07,3.469485086158681195e+06
2.720452555929673705e-07,3.264092682522373740e+06
3.345047558898953832e-07,2.874642884662205819e+06
3.453495953464178063e-07,3.052611697911956813e+06
2.977183366284569363e-07,3.625783819956169929e+06
3.638147696958732092e-07,3.083235770458571613e+06
3.876809479419390007e-07,3.149803882413530257e+06
1.767404014430439763e-07,7.510532934844437987e+06
1.669272758989535405e-07,4.263573672267740965e+07
1.926221659788054978e-07,3.624174630886643659e+06
2.113684103872530564e-07,3.469485086158681195e+06
2.544197800572758588e-07,3.755896979687703773e+06
1.808260610617914409e-07,5.441722215890279040e+06
2.445659003563212728e-07,4.239777665498022921e+06
2.009995655886171680e-07,4.973865265137151815e+06
1.585170401992050783e-07,7.044216510153776966e+06
2.906707308476108844e-07,3.703750271750526968e+06
2.180925521856740779e-07,5.307176684903848916e+06
2.685788037527167674e-07,4.973985912758435123e+06
1.709393719387281437e-07,1.235306771614531241e+07
1.923492726620763993e-07,2.627221560624354053e+06
2.656510489646877721e-07,2.294959465033673681e+06
2.935969253749349496e-07,2.633178861185461283e+06
1.379413606228087014e-07,6.049234567256429233e+06
5.073971665652399027e-07,2.016746857325471938e+06
4.473422957769700822e-07,2.540767128415734507e+06
2.665829717642547198e-07,4.433668581092184409e+06
5.135162891853044914e-07,2.166242873935369775e+06
4.615272363020655113e-07,2.565296054964635056e+06
4.466088038898869902e-07,2.632040735566202551e+06
6.934372194630079202e-07,2.021960132751522819e+06
8.129445501709221565e-07,1.927728168193902122e+06
2.037902000056442947e-07,3.749667974019328598e+06
3.930482303733187342e-07,2.130432994935586583e+06
4.207911403385105804e-07,2.677658254696528986e+07
4.233047766807093980e-07,8.936799369958816096e+06
4.956183738147377130e-07,1.653329024880151730e+06
2.542677287824301449e-07,3.574300975847739726e+06
5.325918045779012638e-07,1.756800588866171194e+06
3.665806140287309289e-07,2.783514843273870181e+06
4.698609950865846702e-07,2.309711917530386243e+06
6.945609485223572692e-07,1.567420720009583980e+06
8.186280782913726453e-07,1.711647676296906779e+06
2.361363739543120729e-07,2.446875262343897484e+06
3.078317253394000486e-07,2.034015754306927323e+06
5.340811394783554821e-07,1.071996517019752646e+06
4.522230553783932550e-07,2.047075440848503727e+06
5.139904648756164987e-07,1.968736072917732876e+06
6.520643962047447928e-07,1.644727636300727492e+06
7.104034417043732200e-07,1.487165365630380111e+06
5.139981011892847226e-07,2.148171309385333676e+06
4.719143719096827024e-07,2.473374649855514988e+06
7.696320206603421333e-07,1.526937267761379015e+06
1.280038960605356136e-06,1.156213133264155127e+06
7.266674060397037115e-07,6.897390022589321015e+05
5.340811394783554821e-07,1.071996517019752646e+06
5.838742494569395543e-07,1.377170390076147858e+06
1.706633418268128479e-06,5.548874673127345741e+05
1.852177301296187049e-06,5.070900552647022996e+05
9.774575895991391813e-07,9.879824036062356317e+05
1.316257037755546090e-06,7.541655795046972344e+05
1.490426866986840393e-06,6.501013040673965588e+05
8.964747947218302075e-07,1.093865962522645947e+06
1.192765596996083395e-06,1.154321035272120032e+06
2.441883699701385761e-06,6.074016269864528440e+05
1.014711931945846728e-06,3.983588196508574765e+06
1.596992273660210032e-06,5.334587904735360062e+05
6.716359811035590193e-07,1.364878753242224688e+06
1.393600616575364490e-06,6.599935629423236242e+05
1.553382837210807785e-06,6.030682740188555326e+05
9.874147158415430915e-07,9.699034789681000402e+05
1.483604534454157897e-06,7.594705055114980787e+05
1.468703365824984938e-06,8.434520381640939740e+05
1.302985394863975953e-06,9.581894280761757400e+05
1.362937325620529228e-06,9.125627898950274102e+05
2.575830831047891138e-07,4.995135490760624409e+06
2.526499681091796646e-06,5.856179380314546870e+05
2.504085839852516075e-06,5.912575682097858516e+05
2.134143752389722323e-07,1.953240152662035776e+06
2.530860682599093359e-07,1.781358061647593277e+06
1.233624783736251246e-07,3.763409424502887763e+06
7.000648231901266652e-07,1.260044486123547191e+06
1.637028242370493816e-06,6.283397309249753598e+05
9.658783957978487270e-07,1.037331513425064972e+06
1.121021391596749884e-06,1.020281497787951143e+06
1.222672814666500811e-06,1.013612966088797897e+06
2.119736763355223871e-06,7.393225057177367853e+05
1.165574718857670929e-07,4.933822915528289974e+06
7.496843701869589355e-08,4.065031072739786655e+07
7.047402728984994138e-08,5.524399688008963317e+07
1.087918421481273433e-07,8.748674750092554837e+06
1.252166979604351359e-07,8.042264159206347540e+06
1.556652254352538689e-07,7.267487019655531272e+06
1.494158085315374317e-07,7.707935597104645334e+06
1.660463472303735509e-07,7.272575833298740909e+06
1.776571923679263322e-07,6.769569633975536563e+06
3.553326648299798662e-07,3.749942700695149135e+06
3.513730081835523656e-07,3.757761250533977058e+06
2.959033678070386263e-07,4.730258607976988889e+06
3.427138174577831969e-07,4.312091821870816872e+06
1.965748965642443455e-07,2.201814064133488573e+06
1.135331904517783525e-07,4.864356612768047489e+06
1.708857312862655736e-07,4.944400792226272635e+06
2.142230805080822025e-07,3.943985803779751062e+06
4.596322988287986754e-07,2.597671535837031901e+06
5.162395335359785955e-07,2.304161635134662502e+06
4.997548071118551794e-07,2.484778362907079980e+06
4.125458309828215790e-07,3.189724139206006657e+06
4.108103848470665380e-07,3.538835549257280771e+06
9.273053384206143133e-07,1.595774123893945245e+06
8.312581636837910109e-07,1.777796074580948800e+06
8.155854344616152412e-07,1.919829268816167954e+06
4.503645746262593546e-07,7.859749854599134065e+06
6.602733856158147301e-07,1.376891147239483660e+06
6.382110807830482328e-07,1.484582632220748113e+06
4.355741326933780296e-07,2.177110974256444257e+06
5.758714690641633970e-07,1.641401803245518124e+06
5.506262361892909584e-07,1.802624843676750083e+06
5.791822103497422848e-07,1.764593565904675052e+06
5.857646976924372754e-07,1.743672012967232615e+06
8.494479157774294244e-07,1.224593092080790782e+06
4.725010767520956033e-07,2.237181159938003868e+06
4.353873814449372076e-07,2.467619343427689746e+06
1.959050135641399311e-07,7.749990628802616149e+06
4.128691877274776145e-07,2.153807327557339799e+06
5.586555464380261917e-07,1.643641864543448901e+06
4.355741326933780296e-07,2.177110974256444257e+06
4.546255171969554151e-07,2.064174828778573778e+06
6.034098342410951251e-07,1.625583047011263669e+06
4.748809639741955954e-07,2.129141513148513623e+06
4.725010767520956033e-07,2.237181159938003868e+06
4.353873814449372076e-07,2.467619343427689746e+06
4.207079633590107150e-07,2.691391831083118450e+06
4.598836835392648282e-07,2.449166414112394210e+06
1.148427505319704509e-07,1.022330984994036704e+07
4.623968313552340279e-07,2.819432835028539412e+06
7.703964720051601017e-07,1.821813006523980293e+06
1.013829385610314144e-07,2.879351489888402820e+07
5.397086918243330695e-07,1.565611912739753723e+06
5.625628614135460273e-07,1.548181887405096553e+06
4.128691877274776145e-07,2.153807327557339799e+06
5.071699390238632458e-07,1.837144020275746007e+06
4.546255171969554151e-07,2.064174828778573778e+06
5.956031550331204403e-07,1.773595589770293096e+06
7.555825424844380509e-07,1.503576856511302060e+06
7.714108756569369374e-07,1.694953198670709273e+06
3.493997455533971905e-07,3.990862429112305399e+06
6.323080466736360199e-07,2.304726826709975023e+06
1.314353043527769594e-06,1.125292450360104209e+06
3.356838452533553072e-07,2.354380722318890505e+06
5.464593204424039378e-07,1.476041307290365687e+06
8.074917472763937833e-08,3.377073168823156506e+07
8.000812783528952393e-07,1.186472596133061685e+06
4.873523396245868430e-07,1.994250875069740228e+06
8.972306228770913683e-07,1.079743018457930069e+06
6.135784300531985808e-07,1.642932912504157051e+06
8.073309061256937283e-07,1.469664577158235013e+06
7.171588368674774213e-07,1.661940422490359051e+06
7.243958325176273626e-07,1.800862260565460660e+06
7.714108756569369374e-07,1.694953198670709273e+06
1.425542967918012463e-06,1.098995460271938005e+06
1.311835427035364215e-06,1.194237435808995506e+06
2.590973606072589265e-07,2.413414337573179509e+06
2.949033733842358834e-07,2.145647737855021842e+06
2.861561215676872256e-07,2.349375555133637507e+06
3.601623714694136306e-07,2.219278693932654802e+06
5.464593204424039378e-07,1.476041307290365687e+06
8.250603380412376529e-07,1.104317548309661681e+06
8.729470186001336699e-07,1.160038731135914335e+06
6.270897218826709911e-07,1.674417784331167582e+06
7.632127142704472584e-07,1.634705232390720164e+06
1.438945228153223448e-06,1.027359417001866270e+06
5.197946396543652358e-08,1.059188833794025332e+07
2.505004616780200208e-07,1.998547830413312418e+06
8.049825514211971270e-07,1.161046053661599290e+06
4.350217756152602421e-07,2.313951027333189268e+06
4.164682061150483826e-07,2.641391838182498887e+07
8.059897340940545591e-07,1.270178250120932236e+06
5.904332365490700096e-07,1.761648539510648232e+06
5.725988294824927500e-07,1.752016619327842025e+06
9.745374131461019893e-07,1.086270151061187265e+06
9.673337467817708090e-07,1.375633037093519932e+06
1.073844712095654139e-06,1.243517241474432172e+06
6.186060399589652640e-07,1.841614824071145803e+07
9.488033466015509278e-07,8.066228310480016517e+05
8.818631502691919691e-07,9.357717575150324265e+05
8.440284359366683118e-07,1.020546928259101114e+06
7.985233932388468856e-07,1.126242851152324351e+06
1.214446558550925774e-06,7.935340566803496331e+05
1.448440055342392005e-06,6.973370155457392102e+05
1.842544875418460305e-06,5.817859041857693810e+05
1.542844260314966142e-06,7.675966043105477002e+05
1.393716707293205148e-06,9.393162318859657971e+05
2.726593193038305425e-06,4.884667428109257598e+05
2.695000469998341764e-06,5.490486909571251599e+05
3.818176153023807478e-07,1.661507151348356856e+06
1.016665962687905871e-06,7.695746001384322299e+05
9.839400161512141349e-07,1.099620885830486426e+06
9.277882532768840464e-07,8.972011115359545220e+05
1.446498037860294957e-06,6.135363479457539506e+05
1.488036832549581841e-06,6.486357853581557283e+05
1.625456829890641310e-06,6.969517561871054349e+05
1.542844260314966142e-06,7.675966043105477002e+05
1.393716707293205148e-06,9.393162318859657971e+05
1.521703074583363563e-06,8.569424644046351314e+05
2.812267658078038784e-06,5.262592322107288055e+05
2.695000469998341764e-06,5.490486909571251599e+05
3.453849511551437719e-07,2.014250982808357570e+06
8.888831714637345684e-07,9.521983460262709996e+05
8.864667946049225950e-07,9.553601244559655897e+05
6.626150447408433469e-07,1.417023848640012089e+06
6.919810732337268380e-07,1.517897379038199084e+06
1.339240543115537442e-06,7.552287949785398087e+05
8.337161969857324173e-07,1.230167486999521498e+06
5.580784579312312975e-07,1.873700171237438451e+06
6.221026052948347703e-07,1.737092865121577634e+06
1.085684677310140310e-06,1.225202230118036037e+06
1.106139246391486500e-06,1.399445886736774584e+06
1.717323996416807620e-06,9.170727622987761861e+05
2.449815889582370481e-07,7.621553331556949764e+06
3.729131923218175758e-07,1.258815625246211421e+06
6.881560637863698256e-07,1.239982109922922216e+06
7.178762056670952150e-07,1.264855098652964458e+06
6.386465394213482379e-07,1.477813270122051472e+06
6.442205015047638195e-07,1.460931847835231107e+06
6.490153508139367669e-07,1.593056449207880534e+06
7.504883203559999400e-07,1.386625276205244474e+06
5.060483959504786555e-07,2.255604492597816978e+06
6.538370162441055900e-07,1.818308688218577998e+06
1.077746238292033969e-06,1.174424625775030581e+06
1.264319115817387748e-06,1.110099207489050226e+06
4.244864574859455251e-07,3.438062693535189144e+06
3.708205751538025510e-07,1.390401133756672498e+06
1.564238131051576928e-07,6.054627406821184605e+07
4.730849453456520069e-07,1.684646957100199768e+06
8.100145707764773190e-07,1.156568527994034346e+06
6.442205015047638195e-07,1.460931847835231107e+06
7.379564215397189773e-07,1.288679895257253898e+06
6.386465394213482379e-07,1.477813270122051472e+06
6.740494670729835379e-07,1.464512183544231579e+06
9.163909941174772971e-07,1.203817663024069043e+06
6.294881552925870819e-07,1.982314102139495080e+06
1.206970145957234115e-06,1.226474998678557575e+06
3.617388422133242850e-07,1.384080261453333544e+06
4.901470488528804031e-07,2.107217465149550699e+06
7.379564215397189773e-07,1.288679895257253898e+06
8.100145707764773190e-07,1.156568527994034346e+06
4.961597545004456188e-07,2.188037918034418486e+06
5.343940812075971246e-07,2.008361456688624108e+06
6.415517189917572175e-07,1.712800100831439020e+06
5.823292535404493098e-07,1.840238761873882031e+06
6.658648716776541998e-07,1.782754555555922678e+06
1.030626010275294671e-07,1.214679752598658390e+07
9.531470545771266818e-07,1.396172156728411792e+06
1.209019642989333511e-06,1.224361024835215416e+06
3.531979187093736069e-07,1.372508563560569286e+07
2.231391939072820658e-07,2.735424247763467953e+06
5.921923372577150331e-07,1.585332666595779359e+06
8.679370551132653906e-07,1.056147953324232716e+06
1.174691767301474110e-06,8.101560984632808249e+05
5.389384657226399361e-07,1.766052626031565713e+06
6.735997283513156657e-07,1.559981692556461785e+06
5.823292535404493098e-07,1.840238761873882031e+06
4.961597545004456188e-07,2.188037918034418486e+06
1.594450044926229457e-06,7.227263955803286517e+05
9.531470545771266818e-07,1.396172156728411792e+06
2.792220987929742676e-07,3.538189951952051371e+07
9.063314097554721988e-07,8.535155543937736657e+05
1.055117423719456508e-06,7.783319519092424307e+05
2.247828267756747486e-07,3.966469204842890147e+06
1.365867773414792679e-06,8.233915233754735673e+05
1.022320345593110197e-06,1.155459279078227468e+06
9.450320595993203758e-07,1.261188530164645286e+06
1.059022345217358394e-06,1.136624933380168630e+06
1.231108054022219526e-06,9.645868019317910075e+05
1.094526710715885960e-06,1.093260845771514578e+06
2.194566941534845784e-06,6.748915185106579447e+05
2.181237478084611153e-06,6.783380055800148984e+05
1.771361183018253776e-06,8.355808862930367468e+05
2.151567078929670624e-07,3.373618988826731220e+06
7.265873142455392813e-07,1.065676280864144908e+06
3.865000297789549763e-07,1.874185725846900837e+06
1.020205526219121836e-06,8.721021031300670002e+05
1.157351100036081477e-07,9.502888871057776734e+06
1.122664536484743998e-06,1.022357754018926760e+06
6.352892309259643269e-07,9.826801607587028295e+06
1.231108054022219526e-06,9.645868019317910075e+05
1.102182293026357806e-06,1.249051997654708102e+06
1.914684968793517153e-06,7.783801570526083233e+05
2.167640305975148581e-06,7.230721621977590257e+05
2.112752678635890493e-06,7.879511665246465709e+05
6.284774949653857264e-08,9.305797011146314442e+06
1.800799536696396015e-07,3.977556418310473207e+06
1.809173075624327687e-07,4.012099461139649618e+06
2.274985609980492436e-07,3.701529395457349718e+06
2.411432507828284696e-07,3.545129179081465583e+06
2.920108940362191745e-07,3.219927967173152138e+06
3.295432481428697896e-07,2.948609849195225164e+06
3.946925918514164334e-08,2.498217182763949409e+07
3.962084573409282070e-07,3.091104553472448140e+06
4.812390871702213922e-07,2.636791322957450058e+06
1.011874105854453997e-06,1.656301678604610730e+06
2.047856778710110317e-07,2.460668352318122517e+06
6.323968263318699959e-08,9.472016617176640779e+06
2.277747799473851546e-07,3.473876769296549261e+06
2.470299999743116174e-07,3.307938701770714950e+06
4.828017734466123437e-07,1.765845271533554886e+06
6.653972858784106615e-07,1.389358314029366011e+06
6.889442140324921444e-07,1.640709345277302433e+06
6.537452169078699219e-07,1.868039654542924371e+06
6.225989335178452627e-07,2.103894317582632415e+06
9.398109532218610226e-07,1.493866499608502723e+06
1.146991471012990804e-06,1.448546428796469700e+06
3.925359099580298679e-07,1.261714940249364125e+06
2.664303036326110282e-07,2.500955047699467745e+06
4.161271644755646801e-07,1.976905910239899531e+06
3.928304967149095754e-07,1.763595034404071281e+06
6.653972858784106615e-07,1.389358314029366011e+06
8.057625776481289262e-07,1.173751273104064632e+06
8.587253091402213720e-07,1.182014628967000172e+06
5.903169521135022718e-07,2.084973810059794690e+06
4.773721550412426441e-07,2.630134206689202227e+06
2.717691931293073501e-07,5.207220744373487309e+06
9.548668349155680009e-07,1.642344800978156738e+06
3.925359099580298679e-07,1.261714940249364125e+06
2.664303036326110282e-07,2.500955047699467745e+06
4.677282488411376682e-07,1.266120410263195867e+06
3.928304967149095754e-07,1.763595034404071281e+06
2.922443140192655596e-07,2.471479806033933535e+06
9.288645222514337493e-07,9.928617565528844716e+05
1.022860656204337155e-06,9.921796935389101272e+05
1.012791716182222287e-06,1.291986294694957323e+06
3.856820740154842413e-07,3.813232958947326057e+06
1.678185826444646260e-06,8.885089870014352491e+05
1.912639770922970476e-06,8.702538533644427080e+05
4.221489666652763126e-07,2.069415276503725210e+06
5.949226539116550213e-07,1.375926387391256634e+06
9.677534400533956383e-07,9.119594822584697977e+05
9.288645222514337493e-07,9.928617565528844716e+05
1.006076359915584694e-06,9.351152567129903473e+05
1.022860656204337155e-06,9.921796935389101272e+05
1.056995507632900168e-06,1.082559278969289968e+06
1.164718868543609321e-06,1.014254993166005821e+06
1.071090280714132526e-06,1.164014807584035210e+06
1.072910796969450509e-06,1.158827814635483781e+06
1.989394185593513805e-06,7.439899617908289656e+05
2.007555683357512194e-06,7.366997486095664790e+05
2.408640199719124654e-07,3.145710654308984429e+07
1.802635764832666832e-07,2.212212955932121351e+07
6.100936206044354401e-07,1.241702584914519452e+06
4.444422202929403966e-07,1.813953024706800934e+06
9.677534400533956383e-07,9.119594822584697977e+05
1.006076359915584694e-06,9.351152567129903473e+05
1.190232611934083668e-06,9.490605401488145581e+05
9.396206483121997351e-07,1.341047217496970203e+06
1.987705881747815415e-06,7.447162315003032563e+05
3.093807642769876620e-07,5.705362129870251752e+06
5.506610759269166418e-07,3.578005948337217793e+06
2.609706540127446466e-07,2.078874693801868707e+07
1.886738510391743223e-07,1.800060392135452479e+07
4.977214509220317904e-07,2.953188166427940130e+06
4.406913361284773088e-07,1.902705092389610363e+06
8.094353404323069923e-07,1.144185096549243666e+06
8.423753291996221074e-07,1.159245671138927806e+06
6.753090066654699237e-07,1.472080731686697342e+06
8.253736840004369712e-07,1.187038798845407786e+06
7.692536407077609893e-07,1.372764871217199136e+06
4.497969488399599683e-07,1.322614455113579985e+06
4.106058307800887666e-07,1.830272812731798971e+06
4.134887488875434528e-07,1.868105458811180433e+06
5.968269049266457035e-07,1.862936262060592696e+07
6.455047656906842475e-07,1.489555544479407603e+06
3.747559199047473584e-07,2.528939806227096356e+06
7.905570830627064443e-07,1.224351583886319073e+06
4.087002697087998933e-07,2.471951650875173509e+06
7.358081138608444612e-07,1.527720143012616783e+06
1.012404400938909247e-06,1.128857765853637597e+06
1.160742887924815976e-06,1.275659941894969204e+06
1.364590328792431765e-07,1.653361579100914486e+07
4.584927755182631762e-07,1.212715168882626574e+06
4.995310645088437888e-07,1.151622463097085012e+06
4.678082607061616200e-07,1.262570453583600698e+06
4.497969488399599683e-07,1.322614455113579985e+06
3.877577360987226617e-07,2.156062150157403201e+06
3.747559199047473584e-07,2.528939806227096356e+06
4.087002697087998933e-07,2.471951650875173509e+06
5.224354655768135273e-07,1.935522461027352838e+06
5.556321230813028593e-07,2.027736581410191953e+06
8.273268069141744349e-07,1.602699897680945462e+06
6.727000528609269463e-07,7.712275590519132093e+05
4.995310645088437888e-07,1.151622463097085012e+06
4.678082607061616200e-07,1.262570453583600698e+06
5.071693557332975957e-07,1.394128887851335574e+06
1.081473552339486070e-06,9.119003840020708740e+05
1.153946065045202760e-06,8.778686390867801383e+05
9.959644313897576701e-07,1.075689995523360325e+06
1.163072674788006514e-06,1.007931182951630210e+06
8.696710565575469939e-07,1.446134152792985085e+06
1.466506742421081632e-06,8.638938127302933717e+05
1.821231477940313689e-06,8.132489509335904149e+05
4.166444561190744308e-07,5.684093844259414822e+06
6.955026596705346387e-07,1.147713951529104030e+06
6.052218968434403212e-07,1.285225503094532527e+06
7.501961713620121553e-07,1.116823303568873322e+06
1.081473552339486070e-06,9.119003840020708740e+05
1.153946065045202760e-06,8.778686390867801383e+05
7.469436377961218217e-07,1.533584334443533327e+06
9.776945085594616183e-07,1.166902133193636546e+06
1.109857557507536470e-06,1.110496638981388882e+06
8.719796003309062141e-07,1.418406294241174124e+06
1.526654152272359052e-06,8.705620988837619079e+05
1.822349021180551378e-06,8.603811269464292563e+05
1.943021616279966759e-07,1.189994068301240727e+07
5.465354958657571257e-07,1.685400888111567497e+07
5.330476495522892717e-07,1.656327273757627001e+06
5.649288654506414092e-07,1.546504152840172872e+06
4.374911161267917336e-07,2.088832279491862515e+06
6.168041934709796810e-07,1.496658838834002614e+06
3.822228984645666231e-07,2.507944314097381197e+06
4.425016668499257304e-07,2.114714875175845344e+06
4.951300592043202448e-07,1.955508640389143722e+06
6.311607030748046071e-07,1.910196734806864057e+06
1.023327343393510532e-06,1.176590890053262934e+06
9.043986502191334041e-07,1.353865307612147648e+06
1.352735094739629401e-06,1.161220081927831518e+06
2.517025892474452490e-07,9.030364139419794083e+06
4.910847833821128812e-07,8.957164576389479917e+05
4.751092853111270313e-07,1.333298575564423110e+06
8.464154913366233144e-07,1.099645459263719851e+06
1.256913206401142343e-06,7.733773040804236662e+05
1.077988920692332047e-06,8.907591960004046559e+05
1.451240284446108948e-06,7.314431771764137084e+05
1.368898601349381652e-06,8.202709232911219588e+05
1.323339924874745621e-06,8.596627869232397061e+05
1.317537526555322056e-06,9.439723212253355887e+05
1.126140475179279897e-06,1.161325711667399155e+06
2.142711879358984250e-06,7.323621472829729319e+05
2.374693585307637521e-06,6.598896573224826716e+05
2.986321609652713037e-07,1.421606494391811546e+06
1.071440079133655697e-06,7.775513860953698168e+05
6.726065266222868201e-07,1.268201589230758604e+06
7.692842194031878106e-07,1.125914534940500977e+06
1.320451192267498806e-06,6.767556840182046872e+05
9.798532723745574267e-08,1.065244444259665906e+07
1.531897272485968375e-06,6.391857154721475672e+05
1.790899237109412901e-06,5.909373075832813047e+05
1.389373660419473739e-06,8.517181750310829375e+05
1.254225745117806717e-06,9.514761140577947954e+05
2.371546781779425160e-06,6.608635120472189737e+05
1.573151396348478364e-07,2.848423053017653059e+06
8.827135684114141398e-08,6.322268368952520192e+06
2.171211642784778989e-07,3.999070636029259302e+06
2.719184603082976931e-07,3.446599894499519374e+06
7.305320540335558228e-08,1.416479537942014821e+07
2.918582026776660196e-07,3.388324899264705367e+06
3.568309127569016264e-07,2.793375099438240286e+06
3.940791580980267080e-07,2.775795521184014529e+07
5.090984205405592863e-07,2.240977571176690981e+06
9.032736554672309291e-07,1.744238807680061553e+06
9.658529317975547627e-07,1.724910414050207008e+06
2.989714939009364291e-07,1.427857693685803330e+06
8.655310918066592632e-08,6.289498102725524455e+06
1.351965342743004165e-07,6.586691202461209148e+06
4.966460360851870140e-07,1.581940570134385023e+06
1.902930279360921493e-07,4.378435055709165521e+06
9.591492236092218792e-07,1.035856247519087978e+06
8.713707673228044445e-07,1.261120100372246653e+07
1.116597430080624858e-06,9.410056449773488566e+05
9.257808720586270237e-07,1.584246356549576856e+06
1.965087405462134809e-06,8.487552246593264863e+05
1.965046773030244983e-06,9.020142707226083148e+05
7.766401836734810582e-07,6.822256474636772182e+05
4.578984320596487158e-07,1.291422054523510393e+06
1.600469911951536887e-06,5.664558220771939959e+05
1.629829394710828516e-06,5.768583172352188267e+05
1.304738777679843393e-06,7.292182201729890658e+05
1.446708993929205270e-06,6.731005000115031144e+05
1.146929984995365048e-06,8.742733429733052617e+05
9.222870371525968307e-07,1.125914011691567721e+06
1.216693860317944720e-06,1.020042312931449735e+06
1.139757736875729235e-06,1.095460016729471739e+06
2.136966544031011796e-06,7.331795564802946756e+05
2.155465903800061508e-07,7.924657176751552150e+06
5.939086183628618921e-07,8.002409494805468712e+05
7.766401836734810582e-07,6.822256474636772182e+05
6.189317593466051663e-07,9.318529390911113005e+05
2.628737040581712717e-07,3.023265930550816935e+06
1.304738777679843393e-06,7.292182201729890658e+05
1.500503469695534388e-06,6.571370595611520112e+05
1.446708993929205270e-06,6.731005000115031144e+05
8.390965118233916083e-07,1.228452796109541086e+06
8.873741024023256565e-07,1.201002612490026979e+06
2.144144600415452235e-06,5.909991731825396419e+05
4.365443712714995140e-07,1.182326382511893753e+06
3.227502050487058808e-07,2.151168343748341780e+06
3.358990655451943777e-07,3.320441406695821881e+07
6.415328777630044816e-07,1.414152610679731006e+06
6.884211044374023620e-07,1.312589153093585745e+06
6.298850807444402944e-07,1.558211976400098531e+06
5.872758455518700405e-07,1.732840997939186869e+06
8.390965118233916083e-07,1.228452796109541086e+06
8.873741024023256565e-07,1.201002612490026979e+06
5.599492247348990982e-07,1.920766667847051751e+06
6.364556287423761426e-07,1.725509439634096576e+06
4.548935317722172960e-07,1.135865046979730483e+06
4.365443712714995140e-07,1.182326382511893753e+06
3.467391276362682830e-07,2.311075227919654921e+06
5.285259312455216502e-07,1.747169580771597102e+06
6.494987852142998905e-07,1.447386070873127785e+06
6.224647770473199132e-07,1.519153602209230652e+06
6.055174780175242069e-07,1.607260961301572621e+06
7.836543978669678360e-07,1.389705567114133853e+06
9.948925951109186736e-07,1.152559014401043765e+06
1.256406110013137782e-06,9.971165339371967129e+05
2.333403555391240126e-06,6.711747169234344037e+05
4.548935317722172960e-07,1.135865046979730483e+06
9.458997106852323165e-07,5.625345720188808627e+05
8.108360003534531595e-07,1.414119735395932943e+07
5.467844507855210165e-07,1.621295743007269455e+06
1.590340373885865664e-06,6.198805618612271501e+05
1.668821458200106378e-06,6.106696514282824937e+05
1.325801176937042167e-06,7.743232308551034657e+05
1.312934477434865847e-06,8.710017812356366776e+05
1.458000618308830090e-06,8.110028615980714094e+05
1.977933316592961486e-06,6.734358639215199510e+05
2.539166857962844506e-06,5.829131477448710939e+05
4.307809900699417220e-07,1.755661219270491740e+06
9.566764360277558698e-08,6.960585013206410222e+06
5.231852063243472745e-07,2.483066161608184688e+06
7.445287226268369190e-07,1.535972838626048155e+07
5.437971229317592456e-07,1.696417542108335299e+06
1.371997026948487339e-06,7.165664706501639448e+05
1.458000618308830090e-06,8.110028615980714094e+05
1.240725681601952140e-06,9.666707212795317173e+05
1.165079460903173339e-06,1.083777532057170523e+06
1.941060849610691380e-06,6.869639276392775355e+05
1.258409526376794061e-06,1.091887507079224801e+06
2.550112020524950712e-06,5.495458137580136536e+05
2.795614646799604233e-07,1.681993892214518506e+06
9.566764360277558698e-08,6.960585013206410222e+06
4.279003816185506462e-07,1.865979558587422594e+06
4.211873112607592133e-07,2.184163669236432761e+06
5.184973376903326649e-07,1.847701009255662560e+06
4.949462383601065617e-07,1.802646222409524024e+06
6.121789504088343446e-07,1.520682878455975093e+06
5.234666680950306892e-07,2.142881363084540702e+06
5.178260174706583864e-07,2.522616662220960949e+06
1.155064193402571663e-06,1.151319314795872662e+06
9.656873167808507343e-07,1.532875268002702622e+06
3.833494356642392305e-07,1.222953879849985242e+06
2.932230057972577670e-07,1.710512161402398022e+06
4.211873112607592133e-07,2.184163669236432761e+06
4.949462383601065617e-07,1.802646222409524024e+06
6.218003787085108904e-07,1.533378742691632593e+06
7.594448959172877640e-07,1.262466952164255548e+06
8.744565295878034026e-07,1.156588894680308411e+06
1.046663308418295110e-06,1.074304899057560833e+06
8.892850881297669433e-07,1.292408035636588931e+06
8.163080132546557710e-07,1.538110631565361517e+06
1.614963625999748829e-06,1.029852976377369254e+06
3.995452097832827454e-07,1.249882012737942394e+06
4.166868373334913985e-07,1.297062952631376684e+06
1.125478141929333074e-06,8.132986616097756196e+05
1.051717950607333130e-06,8.738068836905683856e+05
6.878020969914625314e-07,1.387366955530292355e+06
8.127626374136158928e-07,1.149434065364569193e+06
1.172890556927214007e-06,8.353839720924732974e+05
7.312358217119306726e-07,1.368146352042293642e+06
8.981974538651840243e-07,1.076299097821067320e+06
1.177281559770844512e-06,8.273347846717628418e+05
3.869130117035799026e-07,1.239263536751084030e+06
2.977115615407002343e-07,1.626059039569143904e+06
1.051717950607333130e-06,8.738068836905683856e+05
7.118532542485345644e-07,1.285879931547418935e+06
6.695886012843973040e-07,1.456053366777723888e+06
7.918833873191868683e-07,1.231075428483230295e+06
1.177281559770844512e-06,8.273347846717628418e+05
8.837362393637076491e-07,1.136653381081986474e+06
8.447415149072939072e-07,1.481287946651558392e+06
1.711519392891726515e-06,8.683461967440879671e+05
1.767195786945976727e-06,8.907545890940986574e+05
4.381884229066612360e-07,2.219913829739072546e+07
1.247281893215855302e-06,6.830646944004878169e+05
1.429648102627989636e-06,6.267712025111656403e+05
9.044356474930976922e-07,1.061658090908927377e+06
1.338860469535279791e-06,7.687155591925884364e+05
8.210742007339547586e-07,1.235967582390222931e+06
1.356160736565610391e-06,8.381975524080848554e+05
1.353534344828607340e-06,8.758027047877503792e+05
9.268098336516537354e-07,1.360715378869078821e+06
2.057828708706690993e-06,6.826753484123698436e+05
2.437185232605125357e-06,6.074024524565759348e+05
5.132444944102417255e-08,4.470996285285020620e+07
4.920167610616668947e-07,1.108428212953406153e+06
4.754816991383408511e-07,2.414340601293454692e+07
3.711649152808955919e-07,2.507736667705497704e+06
8.210742007339547586e-07,1.235967582390222931e+06
1.422857497767564154e-06,7.626604556111808633e+05
1.099193598211475818e-06,9.952138495816221694e+05
1.228950934400466910e-06,9.180671234199011233e+05
1.353534344828607340e-06,8.758027047877503792e+05
1.120881481330393448e-06,1.079138941039221361e+06
2.093609308096381387e-06,7.073678034008684335e+05
2.411341745576329074e-06,6.504148143273233436e+05
6.443783357088890723e-07,2.870296608226761222e+06
3.221490581269950479e-07,2.571136134599027690e+06
4.147816979606356040e-07,2.098031732481803745e+06
2.969378108618726542e-07,3.350060803446371574e+06
4.455533416721621075e-07,2.239795656643154100e+06
3.574965970949917892e-07,2.929321543040443677e+06
4.421842341409893348e-07,2.363221472083809786e+06
4.444362155636604132e-07,2.334575769830367994e+06
3.769246442481755988e-07,2.849097979199869093e+06
5.095197039277262362e-07,2.362634719998364802e+06
7.580780214639428057e-07,1.670530984540459001e+06
6.603800670554547900e-07,1.917081073013889370e+06
8.018339770623234149e-07,1.660893924493255792e+06
1.133858282502931879e-06,1.176794130139089422e+06
2.490612195437068585e-07,3.229606073969990015e+06
2.449060332573359118e-07,4.671922817411870509e+07
2.155248091929585668e-07,4.047831091115613468e+06
4.457169514507902474e-07,1.962572604311307659e+06
3.209131170142388991e-07,2.878433578413184732e+06
2.813663284179588837e-07,3.228729443627461791e+06
4.581178411855491105e-07,2.074792232346842997e+06
4.444362155636604132e-07,2.334575769830367994e+06
6.321995807010962858e-07,1.909833850090966560e+06
4.914954936700624957e-07,2.580663820480506402e+06
8.018339770623234149e-07,1.660893924493255792e+06
3.958597693115084447e-07,4.438902909521317109e+06
2.658452041770137739e-07,1.485371535823451355e+06
2.176667230433086231e-07,3.875564579530518968e+06
4.715586333066746177e-07,1.847056896213283297e+06
8.476217362714922840e-07,1.173802568410993321e+06
7.115527624430825667e-07,1.466994549157830421e+06
9.309616002819272933e-07,1.190048923716964899e+06
2.634545736921664313e-07,3.924273698636042420e+06
8.634825406296554435e-07,1.273672312632082961e+06
2.132754235738361366e-07,6.236754493221874349e+06
8.657694196510420828e-07,1.512504204060207587e+06
8.853112718319662785e-07,1.476800234435156453e+06
1.575145205391253773e-06,1.053983020693058148e+06
2.968079197267569593e-07,3.264897955379955843e+07
3.993497995370529797e-07,1.824762182710162550e+07
4.268972841147455273e-07,1.569342669008484855e+07
5.505027838486166836e-07,1.538983490453007864e+06
5.698244194571897313e-07,1.552326834215466632e+06
9.470808778951592278e-07,9.621825722396452911e+05
8.579701563460483582e-07,1.429821778758239001e+06
8.853112718319662785e-07,1.476800234435156453e+06
8.657694196510420828e-07,1.512504204060207587e+06
1.192116729011388573e-06,1.179416075406659627e+06
1.575145205391253773e-06,1.053983020693058148e+06
2.968079197267569593e-07,3.264897955379955843e+07
4.348572440832769169e-07,1.278036894796528155e+06
7.962730404568244946e-07,1.025446590274941875e+06
5.698244194571897313e-07,1.552326834215466632e+06
4.373701821523030123e-07,2.349292519169752486e+06
4.592083858558550719e-07,2.329135259814914316e+06
4.905952285856800446e-07,2.160476856062699109e+06
4.703114279562200162e-07,2.255901249011687003e+06
4.376523532638410391e-07,2.709185326552553568e+06
4.238161396331129395e-07,2.924124378876019269e+06
7.698636429490543228e-07,1.922489962764176307e+06
6.717905733299566781e-08,3.456826093628443778e+07
4.828879368967650395e-07,1.016613205605399096e+06
3.883966944908938505e-07,1.430792825530368602e+06
5.568995397066465924e-07,1.622725697396391071e+06
5.350605563826651665e-07,1.768234519755292917e+06
7.059896020791814568e-07,1.357445434293333674e+06
8.168978470011399885e-07,1.235906150859862566e+06
9.655667317844738830e-07,1.101081815809118794e+06
8.016110265855240770e-07,1.321601111069053877e+06
9.327024274072776841e-07,1.144859929763848893e+06
7.337144920861699449e-07,1.533107844742867397e+06
3.620590360787239283e-07,3.583935813287352677e+06
1.777154915024562199e-07,1.211143280757469125e+07
3.995055041625705090e-07,1.439731838787728455e+06
4.426709791380696895e-07,1.946779945998143638e+06
3.537400301795527664e-07,3.103165324640365690e+07
9.327024274072776841e-07,1.144859929763848893e+06
9.655667317844738830e-07,1.101081815809118794e+06
8.016110265855240770e-07,1.321601111069053877e+06
5.522292770250392338e-07,1.939240615195650375e+06
7.337144920861699449e-07,1.533107844742867397e+06
6.993841804041267535e-07,1.758127773115992080e+06
8.211233029592780448e-07,1.706798253265398089e+06
8.306196420052042043e-08,2.789513440863202140e+07
1.808502407394759941e-07,1.185596306206437014e+07
3.516092104014548681e-07,2.596169385735095013e+06
4.010339044860346111e-07,2.293061786370351445e+06
3.718874662041796706e-07,2.709376170063857920e+06
5.488539887738128867e-07,1.865700227991817985e+06
3.806877598665929761e-07,2.830231939650076907e+06
4.297976753727037420e-07,2.678302711061505601e+06
6.384810491543385920e-07,1.895382802798191085e+06
4.819971178028033474e-07,2.566871531086115167e+06
4.730609916732664381e-07,2.763782950434332248e+06
2.466668379641547725e-07,5.705221354027814232e+06
7.723518674652467168e-07,1.926108270456725964e+06
8.420878000661166973e-07,1.861175019159394549e+06
4.866668779038383152e-07,1.193351074620498577e+06
5.572599848716911847e-07,1.224434122265631100e+06
5.938298135628772966e-07,1.315444305852924706e+06
4.692653000384308013e-07,1.722994173323718132e+06
4.142443572328869556e-07,2.134402484498534817e+06
7.203961809610897770e-07,1.281690596507221228e+06
7.378142284840161178e-07,1.512261556638163282e+06
1.278951575050178176e-06,8.547289682488308754e+05
9.959440951111449517e-07,1.180128431055990281e+06
2.392083920326811194e-06,5.856730997734754346e+05
1.601981238131855071e-06,9.245606927073484985e+05
3.563505644162689743e-08,1.400059457470219396e+07
1.946174128664142660e-07,4.792077260787827894e+06
2.568398451831856276e-07,3.830466196055030450e+06
2.597339050176861946e-07,3.800108427859629970e+06
2.416696007653008830e-07,4.118557250383216888e+06
2.025311921789175358e-07,4.742606088590693660e+06
2.357739007453624828e-07,5.307512643090605736e+06
2.453481600129645861e-07,4.219249560677481815e+06
1.538204894472212571e-07,6.710949525645373389e+06
2.718545704121319769e-07,3.921078623849994037e+06
1.608198424602445793e-07,6.915097069217750803e+06
2.931228828431634286e-07,1.862491171356837265e+06
2.457822302251339035e-07,3.862994436903047841e+06
2.071512202790347589e-07,4.446621742226432078e+06
3.035572135205388052e-07,2.931602400059652049e+06
1.894697559060824991e-07,5.131311552268159576e+06
2.416696007653008830e-07,4.118557250383216888e+06
3.740204862721661644e-07,2.921291645852311049e+06
5.282956156168001420e-07,2.006776830713464646e+06
4.441100002290562620e-07,2.489610915533565916e+06
3.990801173264178030e-07,2.842004683584847953e+06
5.387674312646137789e-07,2.142764047845738009e+06
4.510740773338494015e-07,2.692094832838186063e+06
4.780424985336723871e-07,1.217980017540753353e+06
3.926927846522423076e-07,1.517816907945726532e+06
4.823257732658555025e-07,1.234492208478014916e+06
2.634324580995303349e-07,2.360362498807643540e+06
6.968497454481589627e-07,1.110975751074936474e+06
5.818343145605539585e-07,1.918273216427375376e+07
5.282956156168001420e-07,2.006776830713464646e+06
8.136827626764313842e-07,1.318496077762901317e+06
5.123242490189459355e-07,2.157841932045313530e+06
1.270748090387171481e-06,1.104243401263818843e+06
6.711773129837113439e-07,6.784888486403798452e+05
3.488860470898833279e-07,1.623744278106407495e+06
1.149679896696219051e-06,7.987033606518424349e+05
9.715258502635275130e-07,9.631361194764486281e+05
1.715966460277952435e-06,5.482233251027557999e+05
1.757748744777979139e-06,5.564312272827544948e+05
9.015380821157522823e-07,1.089432455734761432e+06
1.617111519086680174e-06,6.298339095887228614e+05
1.572754726421119254e-06,6.510781833540068474e+05
1.260959386106783888e-06,8.035739387555501889e+05
9.047289029815829825e-07,7.074983605340878712e+05
1.196320148662631243e-06,7.393208411718712887e+05
1.664685630989757459e-06,5.458751279496779898e+05
1.320879360454437637e-06,6.795833078693023417e+05
1.715966460277952435e-06,5.482233251027557999e+05
1.197413472159386529e-06,7.936484766637287103e+05
1.671093930454962128e-06,5.629510894140837481e+05
1.687477401612928091e-06,5.584952392806402640e+05
1.260959386106783888e-06,8.035739387555501889e+05
1.617111519086680174e-06,6.298339095887228614e+05
1.572754726421119254e-06,6.510781833540068474e+05
3.068033828975636047e-07,1.468148519711708417e+06
4.322411440195400231e-07,1.079328941530840006e+06
2.984051973574314702e-07,2.724230837783287279e+06
6.788723774730619025e-07,1.265921517631402705e+06
8.031573380692134230e-07,1.156771629761706106e+06
1.450821722224216785e-06,7.435165277638407424e+05
1.111838342255804641e-06,1.007633526826127549e+06
8.864404052657752504e-07,1.349368166035524104e+06
1.098095217229024401e-06,1.201332252685211366e+06
2.315305774403268225e-06,6.396651538073613774e+05
1.783453327592683297e-06,8.307999742341245292e+05
3.186079755793894141e-07,2.303745944830568507e+06
3.390938955149600282e-07,2.300764892506636214e+06
5.640840524913263188e-07,1.513557580826091114e+06
6.471890488538311291e-07,1.384989703328810865e+06
2.988244492165064029e-07,3.136782007606603671e+06
2.812878237788739435e-07,3.503736204291010741e+06
3.561001351534775847e-07,2.840692576594843529e+06
4.597631142433542091e-07,2.191862709981839173e+06
5.808466888139105374e-07,2.200236178158983588e+06
6.972420884901636389e-07,1.628425011046906002e+06
4.117696891014921469e-07,3.230623734877170529e+06
1.196377796092964641e-06,1.310670765834250720e+06
3.549934424574305840e-07,1.996295738720079418e+06
5.640840524913263188e-07,1.513557580826091114e+06
6.471890488538311291e-07,1.384989703328810865e+06
8.445759735210016144e-07,1.076168675880951108e+06
8.481955298054195611e-07,1.115849841729095438e+06
7.235716256548795314e-07,1.355973161483030301e+06
8.628955217970650800e-07,1.132691967438078718e+06
7.768888394874589784e-07,1.253530805275415303e+06
8.760242161061293365e-07,1.115974029997565551e+06
7.833394424251776237e-07,1.347095606101828860e+06
6.965226894101004838e-07,1.684674759914569091e+06
2.903827739003146390e-07,7.223266340564741753e+06
7.824040147892992548e-07,7.309940033623386407e+05
7.895354703160612847e-07,8.741258395854271948e+05
8.198025234669296806e-07,1.205267556334100198e+06
7.235716256548795314e-07,1.355973161483030301e+06
7.768888394874589784e-07,1.253530805275415303e+06
7.833394424251776237e-07,1.347095606101828860e+06
1.009279806612931073e-06,1.043854160242970684e+06
7.811792948636382781e-07,1.411106973333221162e+06
7.099266799535517626e-07,1.558373682476668386e+06
6.710693596419187746e-07,1.733737042039706372e+06
6.965226894101004838e-07,1.684674759914569091e+06
6.889169085665502798e-07,1.697943460829013726e+06
2.071050734021635943e-07,3.876016310549361259e+07
4.548936572716685562e-07,1.589443838017919101e+06
4.517085606139714915e-07,1.924558432618021732e+06
6.223019518531162754e-07,1.656158852548782947e+06
2.875628798159733906e-07,3.869923845779313240e+06
7.185881430703956027e-07,1.548349501993155340e+06
6.886416255485065308e-07,1.600408130731207784e+06
7.265263168214634694e-07,1.601632788169934880e+06
7.545684479007882432e-07,1.536287175666469382e+06
7.255094599866989253e-07,1.683896290846231394e+06
6.099884081712451474e-07,2.118651982825375162e+06
9.234080523710469210e-07,1.516303753021107288e+06
1.229445701555352292e-07,5.998872503994357772e+06
4.598858136922446404e-07,1.923202461901336908e+06
5.535492901991329417e-07,1.613904721393338637e+06
3.847754339986308660e-07,2.408992913494538516e+06
4.376033359671283774e-07,2.147530433098908048e+06
3.355729210292342185e-07,3.039016501642312855e+06
4.283434404480155988e-07,2.324991127560977824e+06
3.844423922211215656e-07,2.899744732095476240e+06
3.569824146039220833e-07,3.134291552023299504e+06
5.448865083086473076e-07,2.170310840042094234e+06
8.168972137136362870e-07,1.628187376583951758e+06
5.966945586650463256e-07,2.356127678556685336e+06
2.881857152192572402e-07,6.433305973949591629e+06
4.747394590695479406e-07,1.249678344230312388e+06
4.317254684715166528e-07,2.009471557504665805e+06
4.598858136922446404e-07,1.923202461901336908e+06
4.972520172244774888e-07,1.795076717516226228e+06
5.535492901991329417e-07,1.613904721393338637e+06
6.181787413874484671e-07,1.653961790415355470e+06
4.890326538742947763e-07,2.272925211589517538e+06
4.609323214748031944e-07,2.413706487475060392e+06
4.838695620247875229e-07,2.297860856134830043e+06
4.971406964958453584e-07,2.218412211761614308e+06
6.035085122524336964e-07,1.854028796192818321e+06
4.214295466936652211e-07,3.284406369450883474e+06
4.887876503494014845e-07,1.140804608618636848e+06
5.120232957814825926e-07,1.037205977826531394e+06
4.747394590695479406e-07,1.249678344230312388e+06
6.155307563017137144e-07,1.523779718060964718e+06
5.907255380200511857e-07,1.659465399913005996e+06
7.372675989014867952e-07,5.072262859162982553e+06
1.075447249370381764e-06,1.133831030269083567e+06
6.525561557581130067e-07,2.038979488120435271e+06
9.731660072392365078e-07,1.507906272306785220e+06
1.525623235139889352e-06,9.718882829301077873e+05
1.960993792514932799e-06,8.040303505557500757e+05
2.091885105647291889e-06,7.958828086339563597e+05
8.273921014847499121e-07,7.535178378507932648e+05
6.981103666501729082e-07,1.024720403216220904e+06
1.152244578564711873e-06,7.257828830819161376e+05
1.559820408876242665e-06,5.404083373220689828e+05
1.523012186331164702e-06,5.560513826861648122e+05
1.374777191280245622e-06,6.551856411977579119e+05
9.551988648654718872e-07,1.013873456912837923e+06
1.258218857463721087e-06,7.644081573466251139e+05
1.266616727408447421e-06,9.352863443881889107e+05
1.165350760248061639e-06,1.018496457524951547e+06
2.200539630480274793e-06,6.728663306585388491e+05
4.201910216042403799e-07,1.049378511079329299e+06
3.054807507546204092e-07,1.775153485078400932e+06
2.509178658711499445e-07,2.503153065456120763e+06
6.267614642975059750e-07,1.320015442780199228e+06
7.483699365071572746e-07,1.191930572593068704e+06
8.976660499258554826e-07,1.179492675342019647e+06
1.105869278826568648e-06,1.077866120418629842e+06
1.114545048937762902e-06,1.056350231471432140e+06
1.732724718874479391e-06,7.748805547953534406e+05
2.177592768749273211e-06,6.805031468188528670e+05
1.834338991047684400e-06,8.069827922111818334e+05
1.713041089785184850e-07,3.222694355806787498e+06
3.132798147066136488e-07,1.801258140598025639e+06
2.509178658711499445e-07,2.503153065456120763e+06
4.375737307391713991e-07,2.004906720943968045e+06
4.295668759660129068e-07,2.112682665133051109e+06
3.824452211521973304e-07,2.449611140632689930e+06
3.283732881246410413e-07,2.938292320419623982e+06
4.186859403835824057e-07,2.437113675046593882e+06
4.335967020077223654e-07,2.341319322405283805e+06
3.907943915743483857e-07,3.077146711938615423e+06
1.901631739873440070e-07,3.182175803829152137e+06
1.680286954012495730e-07,3.685949674602200277e+06
2.106899778643690765e-07,3.237201578055459540e+06
2.758940963733332651e-07,2.620329327421498485e+06
4.251385075095397545e-07,2.147706843775795773e+06
3.283732881246410413e-07,2.938292320419623982e+06
3.824452211521973304e-07,2.449611140632689930e+06
4.157162842280091326e-07,2.409407477203422226e+06
5.052409166627057970e-07,2.010481384384215344e+06
5.896776913495519804e-07,2.048531397252860013e+06
2.106899778643690765e-07,3.237201578055459540e+06
1.890396186322553768e-07,3.716709227206419222e+06
2.758940963733332651e-07,2.620329327421498485e+06
4.321797051522259403e-07,2.221297623221566435e+06
4.759526323133130292e-07,2.066732751733837649e+06
5.810320702658533610e-07,1.829552075327854836e+06
5.681780488955089698e-07,1.868681065228789579e+06
6.153801911116031554e-07,1.803126759856341174e+06
6.158163790971269505e-07,1.807132958361378172e+06
3.673852210390854733e-07,3.244312863980085123e+06
4.213232506657734557e-07,2.940107460591279436e+06
7.325131324225456334e-07,2.020695145056127803e+06
4.997182012038233542e-07,1.899672061230004532e+06
5.362016795487794113e-07,1.743371021639944054e+06
7.433212797830930198e-07,1.341194650669712340e+06
5.876272407461200049e-07,1.724073844603961334e+06
8.555131291982096111e-07,1.233478958411601838e+06
1.053276604418858198e-06,1.008850843357492005e+06
6.158163790971269505e-07,1.807132958361378172e+06
5.603958443058990940e-07,1.989499818421422970e+06
1.014731410745760432e-06,1.096898935258415760e+06
6.153801911116031554e-07,1.803126759856341174e+06
7.586945754765530698e-07,1.486725692482191604e+06
8.613040109650553990e-07,1.276747093636403093e+06
2.860545738668594101e-07,5.264053067462834530e+06
1.252687827273805288e-07,1.709997926656064019e+07
2.457291608303573974e-07,3.157645849526473787e+06
3.507189861098648659e-07,1.441819382494740887e+06
4.801956674773604824e-07,1.971744123237286694e+06
6.589785806771170521e-07,1.678443174262025580e+07
5.133051228967558678e-07,1.980094762108945521e+06
7.912805057468515624e-07,1.358669462152177701e+06
8.258498637740924316e-07,1.341941399970949627e+06
6.141491422110636050e-07,1.951439974784388905e+06
8.333301742836408482e-07,1.645784166911718203e+06
1.148159192716627208e-06,1.285985537569666281e+06
1.454973806245217203e-06,1.015046034919810132e+06
1.310092610877440628e-07,1.735804787166441604e+07
2.139613332560097092e-07,1.148809677766621485e+07
3.187489697683809992e-07,3.511931819545762986e+07
4.801956674773604824e-07,1.971744123237286694e+06
4.323036065760222986e-07,2.207440324839097913e+06
4.914016343524648794e-07,1.988882650853453670e+06
5.669595679938351988e-07,1.788298216817527544e+06
4.763747045359155627e-07,2.157602726700183004e+06
5.202540220666249595e-07,1.966319819563915255e+06
3.181123983522363196e-07,3.210126297645862680e+06
4.974908196815216998e-07,2.141262720647718757e+06
3.420308605446223284e-07,3.221131943705582991e+06
5.185508306693657098e-07,9.432187353246703278e+05
4.083370956134114792e-07,1.306282306014355039e+06
6.223593089334973824e-07,9.183677711820149561e+05
5.341724466579225751e-07,1.179479037990745855e+06
3.275255884705247426e-07,1.970786189226576127e+06
1.032629842438919886e-06,1.052408443407406332e+06
1.269502313456109354e-06,8.657278941944035469e+05
1.445385379064735731e-06,8.226139253044901416e+05
1.412745505473687129e-06,8.690933160396146122e+05
2.587236464528799820e-06,6.421171674874902237e+05
7.482907597205930961e-07,1.259924491205128282e+07
9.350577220000725322e-07,6.849921127559053712e+06
2.120195788378262482e-06,4.035310233289436437e+05
9.349175556554550402e-07,1.101561656852677930e+06
1.306241046225141263e-06,8.008228650538262445e+05
1.521869790631477555e-06,7.445942394777552690e+05
1.640404606094411329e-06,7.244592291509845527e+05
1.650233489722158193e-06,7.199829844224437838e+05
1.555347783136946135e-06,7.527398940325210569e+05
2.334278858658080227e-06,5.162805231220097048e+05
3.236902042392855975e-07,4.134015002838560380e+06
2.967183900511863900e-06,5.282411624121087370e+05
5.957185264048041824e-07,6.919920618883287534e+05
3.259375121296784612e-07,1.809785776776933810e+06
6.285006634809163687e-07,1.393889178869220428e+06
2.015455922412380531e-07,3.771157675137423445e+06
9.730526983097645953e-07,9.813681936771818437e+05
1.394564102065997809e-06,1.241181818535695551e+06
1.555347783136946135e-06,7.527398940325210569e+05
1.915319740065059897e-06,6.422632295196246123e+05
1.152405018442830268e-06,1.141358733994838083e+06
1.456696884753355855e-06,9.029967566092415946e+05
2.971390564872507160e-06,4.981969618282274459e+05
1.710981992678179959e-07,3.551069849101837259e+06
3.038741117605718118e-07,3.746584730429671705e+07
6.447957166023848192e-07,1.484442099011474987e+06
5.062553897094875923e-07,1.829338129573895829e+06
4.490898920365166875e-07,2.462928594495381229e+06
3.648715454046800527e-07,3.064541717942042276e+06
5.546899436808980268e-07,2.108198250577020925e+06
6.884606934727177434e-07,1.700857740329544758e+06
6.313480182438738175e-07,2.084499741311551072e+06
8.472361189670809764e-07,1.565275286789484555e+06
1.013773410777720281e-06,1.473859876264499500e+06
1.169240737306893013e-07,1.460221523538291454e+07
1.079315609271959581e-06,1.454503835512453690e+06
1.268762093403091395e-06,1.235970208166852361e+06
5.618060502689686330e-07,9.722938664694325998e+05
7.312265122103157566e-07,1.125100886390962871e+06
8.529643364608643153e-07,1.008340615600923542e+06
9.140865870858337747e-07,9.903741179282349767e+05
8.802120963958238943e-07,1.075210450706504053e+06
8.579367687190995727e-07,1.200340028823706787e+06
9.588274370101348921e-07,1.051591786982269958e+06
1.307502313066264871e-06,8.070063385985130444e+05
1.207324711796705668e-06,8.891368401682565454e+05
1.318651439385151067e-06,9.880754740679721581e+05
1.513497591461404512e-06,8.962383806840495672e+05
2.334605908195831792e-06,6.712158050442673266e+05
1.345121398034609719e-06,5.865382856789515354e+05
1.279152120296839232e-06,6.402269294969947077e+05
1.624052373327024776e-06,5.829973883746365318e+05
1.304286764047175079e-06,7.717595120264810976e+05
1.699876656776767162e-06,5.748487697160573443e+05
9.588274370101348921e-07,1.051591786982269958e+06
8.579367687190995727e-07,1.200340028823706787e+06
7.784178359842911816e-07,1.359869863139837282e+06
1.307502313066264871e-06,8.070063385985130444e+05
1.207324711796705668e-06,8.891368401682565454e+05
1.277271464341157837e-06,9.286078733569635078e+05
2.334094194478549612e-06,6.343842667693629628e+05
2.681968972715221813e-07,7.912143844792391174e+06
7.067762398291519184e-07,9.493190250865656417e+05
4.586471357080577411e-07,1.550669254796230234e+06
9.391506097416233244e-07,7.896704996955153765e+05
6.097733187722189266e-07,1.252172082882912364e+06
6.129162118124897046e-07,1.331916971921117743e+06
1.256675826797335354e-06,8.483461644237327855e+05
1.083949211213964346e-06,9.204795752680626465e+05
1.124043645795425545e-06,1.022194857074618922e+06
9.926237075231571457e-07,1.139326744293526514e+06
1.877798710929752516e-06,7.087264860373189440e+05
2.332709878951565881e-06,6.014250431384029798e+05
3.832427221042589132e-07,1.503543642151912907e+06
1.887064127312214756e-07,3.991726444444472436e+06
2.508625836145838236e-07,2.837871416333325673e+06
3.550076655798960676e-07,2.136419839230956137e+07
4.126409584928382874e-07,2.063435470245370641e+06
4.648326116852109116e-07,2.057666128492199117e+06
4.714337052505144146e-07,2.211694855738895945e+06
5.519179580637784963e-07,1.986543713196044089e+06
8.608307154002390678e-07,1.471873807255234569e+06
9.434579311213408756e-07,1.581547283940899884e+06
1.084040135129450270e-06,1.535850120690829121e+06
1.592219554601893641e-07,4.085463792158313096e+06
2.060734382120340477e-07,3.838247381542877294e+06
3.880043076120249663e-07,2.065103407771729399e+06
3.035102040519091385e-07,3.726957630215614289e+07
4.259167018000839645e-07,2.016813525870386511e+06
4.794811863935128365e-07,2.150561722517405637e+06
4.685313504116063971e-07,2.408063742566142231e+06
5.149483480368798988e-07,2.333620956484568305e+06
4.112161776023879164e-07,3.014773431962970179e+06
7.421843437238298054e-07,1.707666884867093060e+06
7.792592812257268592e-07,1.800615254008246120e+06
3.556682441613457911e-07,2.197515036501881201e+06
5.817069019826972584e-07,1.335189566112679429e+06
4.346854578854546474e-07,1.900773476818367606e+06
3.303792530274259354e-07,2.623885371604457032e+06
5.581862305841210475e-07,1.562104945519193308e+06
5.592970478352971673e-07,1.622311953403209802e+06
4.399084906500338376e-07,2.016875921378311003e+06
5.920781216932102339e-07,1.646264418039328652e+06
5.332965123351604461e-07,1.867161471487773582e+06
6.674094244651819652e-07,1.602062983079523779e+06
9.406830055180287523e-07,1.415644498806718271e+06
3.073187899515850590e-07,2.674821882142555434e+06
4.060573112817225867e-07,1.987699930453726323e+06
7.075754306743433966e-07,1.242142253067159560e+06
7.460761971794880714e-07,1.210873274235450663e+06
4.399084906500338376e-07,2.016875921378311003e+06
6.402301336590190182e-07,1.488129375259123277e+06
6.996834727109490815e-07,1.349706005730167264e+06
6.883388774363149670e-07,1.417963491207636194e+06
5.920781216932102339e-07,1.646264418039328652e+06
5.332965123351604461e-07,1.867161471487773582e+06
7.134986395335431578e-07,1.370257229493446182e+06
2.339900457732070087e-07,4.198283403246422857e+07
4.220193268307460984e-07,2.025732991988489637e+06
4.266326082132361375e-07,1.717917635991760716e+07
4.521089019380033067e-07,2.007261147962215822e+06
7.022412581389086166e-07,1.399381438416840043e+06
3.165831615952280763e-07,3.235403473434674554e+06
3.433079621813278773e-07,2.923761400267018937e+06
3.653205392606004740e-07,2.864361001610181294e+06
4.837827259535397634e-07,2.600063504386504181e+06
5.358100281145722975e-07,2.424584668888539542e+06
9.915761220322299779e-07,1.497234332517285831e+06
9.518082800784211743e-07,1.553387885066878982e+06
2.882382517907982716e-07,1.983373258627815871e+06
2.464050672119937054e-07,2.451026451892151032e+06
1.857116518773482765e-07,4.022339751311576460e+06
4.718465064643154148e-07,1.925203911136451410e+06
4.469545084403442221e-07,2.305767380564243998e+06
4.712608435804208435e-07,2.162049409602863248e+06
2.816320923386282939e-07,3.837392309846839402e+06
3.338503211902813870e-07,3.152395492245953530e+06
3.829408131631115441e-07,2.927940129265833180e+06
3.374308723135200452e-07,3.701606890035083517e+06
2.309948883876890997e-07,5.998020777853302658e+06
6.368678216172015104e-07,2.324623926110142842e+06
2.882382517907982716e-07,1.983373258627815871e+06
2.534589523915721658e-07,2.491360071311563719e+06
6.609078355101345275e-07,1.443978355400051223e+06
6.931229328684500135e-07,1.358958441482379800e+06
5.301160868791557466e-07,1.769973740895436145e+06
4.090586775890947421e-07,2.438336253289747983e+06
4.469545084403442221e-07,2.305767380564243998e+06
5.047418578423418852e-07,2.079810615138292313e+06
5.128197969334767987e-07,2.154555987242753152e+06
5.174557763821643313e-07,2.413650023507050239e+06
5.476594425939515821e-07,2.263098512704881374e+06
9.564123544065702975e-07,1.638388740828791168e+06
1.429995783225907786e-07,3.676915813289911486e+06
1.673415978445297377e-07,1.163601743372557685e+07
4.550638447159826774e-07,1.737176856880685315e+07
4.779856872282708055e-07,2.004785440903709270e+06
3.188577179116467526e-07,2.856938972469394095e+06
5.529630750105254767e-07,1.761220107491777511e+06
6.027773892277495901e-07,1.866172076309490949e+06
4.772953186829491415e-07,2.519646425848610234e+06
5.640835797233643026e-07,2.103886272921538912e+06
9.464220080428497609e-07,1.480826223914232571e+06
9.735784394562764411e-07,1.609729489024948329e+06
1.274854377276454567e-07,5.454551995508701541e+06
1.173916849130619598e-07,6.212256205152905546e+06
2.216129645857178194e-07,3.942408177244512830e+06
2.139367603900940307e-07,4.069910345531697851e+06
4.779856872282708055e-07,2.004785440903709270e+06
2.446896814470664350e-07,3.848701308265217114e+06
3.130483456349340899e-07,3.041225058825307060e+06
2.308056299503777826e-07,4.608103403565147892e+06
3.179669741803096134e-07,3.244871901460892521e+06
3.419428627060680921e-07,3.090820575444065500e+06
3.055011263895261375e-07,3.760642904855964240e+06
1.346194834686956768e-07,1.123044137570611760e+07
1.815250773492683917e-07,4.062226519043514971e+06
2.581481637928732095e-07,3.366139896180287004e+06
3.278531921076287172e-07,2.714779740275825374e+06
2.107216751878244588e-07,4.761129305367801338e+06
3.179669741803096134e-07,3.244871901460892521e+06
4.177723585326283912e-07,2.491647728701512329e+06
4.092480230279350576e-07,3.690948936356573366e+06
3.419428627060680921e-07,3.090820575444065500e+06
3.055011263895261375e-07,3.760642904855964240e+06
7.597032698367064574e-07,1.950066489350732649e+06
2.488754761689209646e-07,1.376963835015931865e+06
5.743492726541541856e-07,1.206552070093076909e+06
8.684280971056013780e-07,9.787563943856690312e+05
8.396297721323660258e-07,1.077896621534077683e+06
9.409808825981729427e-07,1.008881170897113043e+06
8.086711996389062677e-07,1.312052277109421557e+06
8.759161100897688116e-07,1.347162727154126391e+06
4.880936425348749966e-07,2.504067834890220314e+06
3.908892858784589833e-08,2.898966740268002450e+07
7.060321440770133192e-07,1.965621675351746846e+06
1.402880070854445401e-06,1.184239046681269305e+06
7.215767989403026155e-07,9.084876893197131576e+05
9.114105630639139934e-07,8.047174411801254610e+05
1.399593716878865274e-06,7.075945444157398306e+05
1.004461620794550769e-06,9.767349774457704043e+05
1.069011296214137927e-06,9.541142824752045562e+05
9.912843466257268579e-07,1.033523937348602107e+06
8.362149453470173675e-07,1.211397230283951852e+06
9.382284404874266019e-07,1.178914314896288561e+06
1.085229212093940915e-06,1.099309576461930294e+06
1.150622044151194923e-06,1.076344199147642124e+06
2.248260710413401760e-06,5.924794226740011945e+05
2.038196107656136060e-06,7.262314500641816994e+05
4.812892776612501552e-07,3.879928359581215307e+06
5.220399331532407041e-07,1.256953845014468767e+06
7.502307016832533204e-07,1.510934463495584019e+07
1.278614077918274617e-06,6.895227906717708101e+05
9.156449820116924216e-07,1.060655546700011706e+06
1.399593716878865274e-06,7.075945444157398306e+05
9.619167596549942424e-07,1.156940725911071990e+06
1.902169856674811349e-06,6.058085006427622866e+05
1.209159949916610440e-06,9.748687020665394375e+05
1.085229212093940915e-06,1.099309576461930294e+06
1.605921585381859184e-06,7.863300752493336331e+05
4.336743714970087763e-07,2.971111279773651157e+06
2.248260710413401760e-06,5.924794226740011945e+05
2.046084535437300772e-06,6.850147421658600215e+05
5.212913301478079756e-07,1.300627311604600167e+06
5.970206341301359768e-07,1.265908146322014974e+06
1.057631252150958970e-06,7.865599565657315543e+05
1.301692825673529983e-06,6.534188292391749565e+05
8.536830938119005105e-07,1.010994817989734001e+06
9.837756671612085188e-07,8.845069267588835210e+05
1.166354879859764993e-06,7.780604092019477393e+05
1.795668676270754399e-06,5.639869746687372681e+05
9.686527594079562510e-07,1.172744381515641697e+06
4.986561679729603947e-07,2.287154210080660880e+06
1.683210300510060714e-06,7.877903885683631524e+05
5.825162405017289252e-07,7.996375424714073306e+05
8.536830938119005105e-07,1.010994817989734001e+06
9.837756671612085188e-07,8.845069267588835210e+05
1.140691769514484467e-06,8.350264449456742732e+05
1.374020803812273328e-06,7.410489409856034908e+05
1.225174388583771707e-06,8.270594076063327957e+05
1.544853114884595245e-06,6.590286093581840396e+05
1.536228152744393577e-06,6.641005600179557223e+05
1.450586173302424917e-06,7.064279939971225103e+05
1.327019628620527874e-06,8.415171232465859503e+05
2.001171698101544888e-06,5.759051473238556646e+05
7.476689848410996845e-07,1.014564222229161998e+06
1.115845533716337324e-06,7.430823473463262198e+05
1.061590405295009034e-06,3.396330575153479353e+06
9.094162876579568011e-07,8.841472668805544963e+05
1.330640735758787230e-06,6.270503567469681147e+05
1.519287335594840231e-06,6.354585602490444435e+05
1.469870421748759190e-06,6.682544532837753650e+05
1.544853114884595245e-06,6.590286093581840396e+05
1.273326378406709564e-06,9.272909801993421279e+05
1.104754888488770448e-06,1.083172500656659016e+06
2.186738102022551090e-06,6.769114830348029500e+05
1.968841169573470262e-07,8.928058784791428596e+06
2.069909355879485506e-07,2.527746764076640829e+06
3.525763332150548729e-07,1.414990595683583990e+06
5.085449893489911451e-07,1.485028153568694834e+06
5.257362620221708104e-07,1.435232061090932693e+06
5.839197949008525182e-07,1.671155147625665180e+06
7.448496379675455221e-07,1.440158527362916851e+06
9.782188511047048081e-07,1.264102087716825772e+06
6.634808736926836916e-07,1.998144768328238511e+06
1.186489986430759328e-06,1.122993272829538211e+06
1.686979209428521563e-06,9.860557345500306692e+05
1.494199015353796503e-06,1.118614580360484775e+06
5.392181675246580326e-07,3.480554138515545055e+06
3.525763332150548729e-07,1.414990595683583990e+06
2.253715077902906598e-07,2.437154594213624485e+06
5.043206546952068928e-07,1.607431041098739719e+06
4.394487733803094589e-07,2.067803701623618603e+06
7.379805549997212695e-07,1.273522743417353369e+06
5.771590050936815314e-07,1.670381012568450999e+06
6.589846009231119636e-07,1.536317393051835475e+06
6.859485845492081393e-07,1.581182166674687993e+06
9.277847014517868533e-07,1.191846700047004269e+06
5.790218708563637695e-07,2.380835863995901775e+06
1.178745763415628823e-06,1.188670260758058866e+06
2.421790860508535638e-07,3.252560681716061197e+06
4.350149575082810831e-07,2.146073240311062895e+06
4.201835773905051643e-07,2.365660851626302581e+06
5.251267173698060022e-07,2.014399467140272958e+06
4.167699426671820118e-07,2.488575862429831643e+06
5.616775462336344802e-07,1.796065880530868424e+06
5.614754080461521662e-07,1.908029979744570097e+06
4.639692704040561468e-07,2.313602869025832973e+06
6.874377873559246600e-07,1.720046691294886870e+06
6.052349717534334311e-07,1.950543641610782128e+06
6.215832605584238925e-07,1.914813443473029649e+06
1.062577458904630731e-06,1.320014726885027252e+06
1.176993117535193993e-06,1.257353465776655125e+06
9.561451859015690304e-08,2.206810685862513259e+07
4.745721860180047796e-07,1.089779956154130399e+06
7.469032038803598256e-08,7.900742660526872613e+06
1.142740870241228955e-06,8.000971687711358536e+05
1.576955614623397011e-06,5.914579462913860334e+05
1.046218680196386319e-06,9.263807093777823029e+05
1.264365393184879184e-06,7.999024944017049856e+05
1.725270331338012176e-06,6.558218427674254635e+05
1.395402980524361700e-06,8.939161020545151550e+05
1.559344412833995842e-06,7.927083040216482477e+05
1.487019661529128749e-06,8.821247438978604041e+05
2.605009968432512170e-06,6.016554219936111476e+05
2.874559377512010555e-06,5.453097906478918158e+05
1.938091481838728462e-07,1.813707855423375033e+06
4.057417773002953809e-07,1.716676201189007144e+06
7.708972350109997052e-07,1.007773302698151092e+06
2.041578432055258918e-06,4.617618291035370785e+05
2.014593902100247046e-06,4.698033565733560827e+05
1.077045235648005085e-06,1.023201548426332651e+06
1.637869239666778546e-06,7.178286226499925833e+05
1.187827034575150304e-06,1.095267034342169762e+06
2.590828766237590402e-06,5.716144643727195216e+05
2.122944721514003259e-06,6.968951606769909849e+05
1.364804000952596119e-07,6.336735426383897662e+06
1.961382808091600816e-07,4.319531079911665991e+06
2.970629117754903336e-07,2.768283438503741752e+06
2.907538811281892541e-07,3.092287222526863217e+06
3.312890988110472894e-07,2.637224972963855602e+06
7.413735146281575847e-07,1.328534316029651091e+06
4.485427737545184393e-07,2.674900371951540466e+06
9.641502449903911024e-07,1.194633381478820695e+06
4.761289986319450578e-07,2.612859891510766465e+06
7.409323779599006149e-07,1.729399022835408570e+06
8.413729292006420478e-07,1.576393632226682967e+06
8.602952362455515932e-07,1.821096026134359883e+06
2.970322975916507414e-07,2.277160510009184480e+07
3.340435408921287917e-07,2.087224012487346074e+06
3.030692196318174917e-07,1.532112446668715449e+06
5.854534723752731163e-07,1.563992909878238803e+06
6.224254423450127506e-07,1.637688886731466977e+06
6.309709539913324817e-07,1.795316199187915307e+06
5.753574752249255071e-07,2.043645002719166921e+06
5.668113349858365007e-07,2.106962597517971415e+06
9.168189033301382027e-07,1.614281232280160999e+06
1.073185756634708628e-06,1.461735737542566378e+06
2.519641955574407584e-07,4.070432455674668774e+06
2.234042959072616928e-07,2.760553167900864035e+06
2.299342598672432453e-07,3.368625272852163762e+06
5.703478476351322968e-07,1.539224490853306139e+06
3.515378966295834176e-07,2.400675028422717936e+06
6.108392595025720119e-07,1.529317052810056368e+06
5.004789252605188633e-07,2.000828206233915407e+06
4.526404921020911275e-07,2.666851833207917865e+06
5.476577466334363293e-07,2.256575484862017445e+06
1.137219420683855811e-07,1.366252350970363989e+07
9.227823708133620935e-07,1.697649793163422262e+06
2.235797592318171088e-07,9.463790204377645627e+06
2.888953845924135037e-07,1.282915377401078818e+06
4.560976561251552938e-07,1.029680850303607876e+06
5.703478476351322968e-07,1.539224490853306139e+06
6.108392595025720119e-07,1.529317052810056368e+06
9.990718897325923196e-07,1.150564564900038065e+06
1.529976953193885740e-06,7.748481165738204727e+05
1.539736689804407128e-06,7.690978031516817864e+05
1.140641270327811839e-06,1.140005439097578637e+06
3.670084613233575586e-07,3.934554772976038512e+06
2.001231478339440455e-06,7.392500001215866068e+05
2.697839490648855745e-06,5.810344077879211400e+05
3.062219603373962660e-07,7.460994841797753237e+06
6.625076953577478305e-07,6.986763486179434694e+05
5.589680823133253347e-07,1.134650190184880281e+06
1.297489023433855526e-06,6.858621211109482683e+05
1.943142316920700519e-06,4.658290369290349772e+05
1.859498821262289476e-06,5.036204822221401846e+05
1.168434204223293229e-06,8.200609757051115157e+05
1.874289981050625433e-06,5.051834219037307194e+05
1.731015313349571122e-06,5.471958057897583349e+05
1.352811508410158360e-06,7.178670625236019259e+05
1.467904004789972653e-06,6.618804874940412119e+05
4.228043636519747047e-07,2.231612818695085496e+07
2.740646376869698652e-07,1.727544173084848095e+06
5.501213495016394624e-07,1.534560921000688802e+06
1.210470226832942433e-06,7.592793083693857770e+05
9.489493037068240567e-07,9.616569237645660760e+05
7.668140358706290563e-07,1.247290717790043214e+06
1.312841321714090514e-06,7.737468036240627989e+05
1.479546737880762652e-06,7.650376585311986273e+05
1.828774432733355799e-06,7.764137289525849046e+05
2.440220161022712472e-06,7.243067000407768646e+05
5.125306325588733053e-07,3.672526529350588564e+06
2.740646376869698652e-07,1.727544173084848095e+06
5.257743116018580928e-07,1.661747643891938264e+06
3.239501659336799729e-07,2.300833463652646169e+06
9.616283062428763330e-07,9.091198118855546927e+05
1.372194524993691627e-06,7.926634189010551199e+05
1.133433828896722145e-06,1.009151362931419746e+06
1.374453681872203949e-06,8.617666953963092528e+05
1.187433157981417004e-06,1.046610418705427903e+06
1.096097618082299855e-06,1.185177253450746881e+06
1.571084799263016543e-06,9.013179147782126674e+05
2.166799942286888949e-06,6.828195239104850916e+05
1.978153450164250577e-06,7.487679518579975702e+05
2.457876068564336774e-06,6.024650054679081077e+05
3.878427220076374693e-07,3.756691609680139925e+06
8.884256301440526155e-07,9.962770155217301799e+05
9.774489034015829777e-07,9.250236346262242878e+05
1.092648064426825618e-06,9.178846177710321499e+05
1.429149394377277826e-06,7.181477921020048670e+05
1.442418804502740283e-06,7.829196923445956782e+05
1.305107621758318545e-06,8.728228528354009613e+05
1.967185057428503265e-06,5.860238822248110082e+05
1.155558566692275414e-06,1.068000267955192598e+06
1.998439652632812440e-06,7.018831142486748286e+05
2.456753394746647316e-06,6.027407232053613989e+05
1.024952483114972715e-07,2.181985624762607738e+07
4.786068014280495408e-07,1.175352490256738616e+06
2.444854922286001567e-07,2.742301952416424640e+06
4.849830904937408830e-07,1.914515384394246619e+06
8.282412699876005608e-07,1.158509302395398496e+06
5.865351675916267862e-07,1.901530894348882139e+07
1.018172558683331580e-06,9.612846405811393633e+05
1.080456415135236692e-06,9.106065743081211112e+05
6.092043972826028990e-07,1.584344720639354782e+06
6.739302072116453797e-07,1.781888176851050695e+06
8.424538002657162441e-07,1.462652197229939280e+06
1.310989063043112340e-06,1.070826123049993534e+06
1.376207895016331431e-06,1.075607781923079630e+06
3.152462589721805288e-07,1.925423972311632708e+06
2.371702660595804937e-07,3.052935260754836723e+06
6.554828650003281265e-07,1.384232399064813741e+06
8.890483445707387524e-07,1.035890447273974190e+06
1.045196910380143493e-06,8.917577208579893922e+05
6.561184614486287810e-07,1.492765988765000831e+06
4.765148024513627599e-07,2.073873006341713248e+06
5.937910177324877903e-07,1.699747108440115349e+06
6.124829194869826837e-07,1.817571835764122894e+06
8.653880714050419829e-07,1.362780687805905007e+06
6.590220455160902805e-07,1.923588154397799401e+06
1.445957455215593541e-06,1.023476664526780136e+06
3.152462589721805288e-07,1.925423972311632708e+06
4.067692110427055273e-07,1.651913911361174891e+06
2.371702660595804937e-07,3.052935260754836723e+06
5.887798012769989129e-07,1.575347407541352324e+06
6.554828650003281265e-07,1.384232399064813741e+06
4.765148024513627599e-07,2.073873006341713248e+06
6.127263521620932639e-07,1.656986852271603420e+06
5.634846881166850612e-07,1.821423542196763679e+06
4.983848082886912920e-07,2.135343549464498181e+06
5.336898583844463618e-07,2.322602904454765841e+06
6.342890651271250808e-07,1.997845263049538014e+06
4.086759946899647733e-07,5.158865760654003359e+06
5.139414107258720189e-07,1.889084916746625677e+07
6.312183313908171812e-07,9.589654814824674977e+05
4.067692110427055273e-07,1.651913911361174891e+06
1.046388734363322555e-06,1.078482033670664951e+07
6.708210189686765212e-07,1.271581696619655238e+06
1.550326974627704375e-06,6.661988974646785064e+05
1.314876943014156469e-06,8.240022724490530090e+05
1.135641606118280871e-06,9.978053959190561436e+05
1.433621538088771504e-06,9.474916449065237539e+05
2.408218176101871754e-06,5.824607885715548182e+05
1.868415865681342960e-06,7.922588117658868432e+05
2.255353103230194189e-06,6.952251583145443583e+05
6.030076826880893390e-07,9.681390882737722248e+06
6.872602946311086142e-07,9.051942620116551407e+05
9.548409333955964565e-07,8.556930089755682275e+05
1.742611260984064273e-06,5.205686858721286990e+05
1.194091356979000379e-06,7.517504289618739858e+05
1.714118407035286325e-06,5.310810730469361879e+05
1.274698990999042103e-06,8.376821000160174444e+05
1.314876943014156469e-06,8.240022724490530090e+05
1.136715436476155910e-06,1.054408648508376209e+06
1.689974590605382983e-06,7.145024855049973121e+05
2.270614256593500695e-06,6.519359708283483051e+05
1.259406348233224818e-07,1.569756019281955995e+07
3.716583751703838162e-07,2.100578556428599637e+06
8.882466380292140704e-07,1.259984272232900374e+06
4.778896373145595616e-07,2.081117907731872285e+06
1.167205376315630763e-08,3.532641040006559491e+08
7.049854983133379642e-07,1.517875376413193299e+06
6.003474382393712161e-07,1.705875856082101585e+06
4.660170516175931984e-07,2.710517337573462166e+06
9.148287645651041286e-07,1.388084817264043726e+06
5.060555236627777962e-07,2.594483317655802704e+06
9.537841662205210368e-07,1.549718298233766807e+06
1.542814411901994740e-06,9.607053979510351783e+05
5.576711530734941806e-08,1.027149727428057790e+07
7.375084118651735847e-08,1.254328086414072514e+08
1.947826512291644288e-07,5.804609494572177529e+07
2.246483808691455791e-07,4.044505151165777817e+06
3.404348841738646498e-07,2.931457183330446482e+06
1.354530679137931925e-07,8.613834720231108367e+06
4.959328881025411355e-07,2.423757126253485214e+06
2.739285217214583542e-07,4.325168819052302279e+06
3.615256667627971455e-07,3.364065174698446412e+06
4.920858942147324764e-07,2.562850202401524410e+06
9.466514813166178936e-07,1.654620236136656255e+06
2.020108884328982227e-07,2.528217648515805136e+06
1.913200325064819005e-07,3.502565561271759216e+06
1.167345454540645150e-07,2.439688223954690248e+07
2.178036412239269015e-07,5.116545312594883889e+07
8.357814053142777031e-08,8.212884058595669456e+06
3.168710617129914543e-07,3.116163573703027330e+06
2.878593324538705315e-07,3.922177648437735159e+06
4.413714026275175210e-07,3.056027487165075261e+06
4.890554059540977207e-07,2.864014225950022228e+06
9.555123986043301363e-07,1.650692004561328329e+06
1.062306069034793647e-06,1.568323428551370278e+06
2.052866232623612418e-07,2.538409190444938373e+06
2.036518213333169561e-07,2.896906228098739870e+06
7.009661472407556244e-07,1.330559904821918579e+06
8.319243771972650231e-07,1.269327676256158622e+06
5.974182875252812803e-07,1.938958112775177229e+06
8.179564089269976154e-07,1.436161695373944240e+06
7.426731516890954098e-07,1.624832706529041752e+06
8.510634148014556348e-07,1.462359787942034192e+06
7.983722828092962408e-07,1.562171819500469603e+06
6.269790905755272839e-07,2.111835049321484752e+06
1.305164388938752644e-06,1.201037097779319389e+06
1.496628678143539736e-06,1.046962477961381199e+06
4.732428627028686016e-07,1.150842948702935595e+06
4.231127003394465829e-07,1.405834393889242783e+06
4.562020461708254019e-07,2.459862661023768783e+07
5.489256038393189823e-07,2.012912504537861794e+07
6.555247272723317111e-07,1.259575025753741385e+06
6.411352766924160282e-07,1.329886603331683204e+06
6.775081849749890398e-07,2.667662967956034467e+06
8.548142954566411052e-07,1.309455805214651627e+06
8.439932133557258171e-07,1.406048563351658639e+06
1.284122550185947210e-06,1.092316962257397361e+06
1.497896730299243488e-06,1.045890043186328840e+06
2.606141922907020402e-07,2.287645109629617538e+06
4.231127003394465829e-07,1.405834393889242783e+06
2.589496164677869246e-07,2.540639792632897384e+06
3.439594662484049976e-07,4.081759409115283284e+06
4.565633573757131714e-07,2.259104625734463800e+06
5.798337480904800214e-07,1.757216400512363762e+06
4.152817272023296102e-07,2.553545670259987004e+06
4.768759182749639760e-07,2.330141940716173034e+06
5.621777019998129091e-07,1.984182872363817412e+06
4.646246313768532743e-07,2.379835707724776119e+06
4.167500112966036310e-07,2.815951877699624747e+06
1.587346983706031340e-07,1.413422713558546267e+07
4.510110179082785610e-07,1.249547744593429845e+06
2.606141922907020402e-07,2.287645109629617538e+06
2.516357589837646714e-07,2.496449506112785079e+06
5.143888933534396878e-07,1.673795175405510468e+06
5.975501560868325608e-07,1.590143606451500906e+06
6.408947674575262736e-07,1.579878684235230554e+06
5.581733425778807915e-07,1.911344132902708603e+06
6.016897167892488480e-07,1.833736117189374520e+06
5.484348936178322468e-07,2.019346393580647418e+06
4.859435976902547133e-07,2.318913946151020005e+06
4.606390662256165702e-07,2.867013924468753859e+06
6.133045856102021399e-07,1.030897337236840744e+06
2.486735931202001425e-07,1.064497914993865602e+07
4.725587458486393895e-07,1.794373466732692672e+06
5.975501560868325608e-07,1.590143606451500906e+06
6.535275847351125520e-07,1.463666318455100060e+06
6.408947674575262736e-07,1.579878684235230554e+06
7.341721734840654164e-07,1.445424474812439177e+06
5.581733425778807915e-07,1.911344132902708603e+06
6.016897167892488480e-07,1.833736117189374520e+06
5.208188535311677398e-07,2.295886491765806451e+06
5.562682140991717529e-07,2.346157595755824819e+06
1.012844370133587345e-06,1.460256493931570323e+06
5.670283562003152398e-08,3.075052788907636330e+07
1.702688513030512259e-07,3.030661765360859688e+06
3.469312855746388110e-08,1.680703864153857902e+07
3.857460686745995919e-07,2.038040377856719540e+06
6.207946022003164695e-07,1.894525763912576716e+06
4.830677541007552069e-07,2.612246421788460109e+06
3.866856023795794036e-07,3.147766537555270828e+06
5.852789087068525611e-07,2.337933282338101882e+06
9.945901064044771598e-07,1.489413881250074366e+06
9.980283406174869235e-07,1.569095497072497616e+06
5.338215645674869091e-08,4.091131528553238511e+07
1.584517099768952459e-07,4.087886960654083639e+06
3.624273401542387797e-08,1.733463501375552267e+07
1.701167514629695318e-07,4.905310348805653863e+06
8.223652006067112009e-07,1.318731719419461442e+06
3.163006516396977303e-07,3.579610667722120881e+06
7.434190788804562450e-07,1.537653162124658935e+06
4.655610529412819318e-07,2.527602340244902764e+06
7.571880741681495603e-07,1.955131668579887832e+06
1.363238414687472203e-06,1.219977049850931624e+06
5.394940373417677905e-07,7.649696366710924776e+05
1.587052344646181311e-07,4.207084354894274846e+06
1.174692955899382460e-06,6.864604892358051147e+05
1.038965412754580597e-06,7.903666050225571962e+05
8.806653039233035183e-07,1.012551023057880462e+06
1.030106685186508075e-06,8.734240086774433730e+05
1.424200480449000203e-06,7.481358651919821277e+05
9.159336473776291697e-07,1.311628693892108975e+06
1.127353218395458845e-06,1.234639342269037617e+06
2.017886084214589135e-06,6.970242882516303798e+05
2.508249482221341254e-06,6.270064091133070178e+05
7.990921200471077421e-07,1.153629789727898315e+06
1.038965412754580597e-06,7.903666050225571962e+05
1.346025969820553406e-06,6.163455764825107763e+05
1.214551449501712380e-06,6.869898132343231700e+05
1.298552118841586206e-06,6.869985890846711118e+05
1.596533052147874929e-06,5.608745026409196435e+05
1.554138498832359342e-06,7.265186560406554490e+05
1.370931044026511956e-06,8.699052994978722418e+05
1.558496957852072646e-06,7.510233049749316415e+05
1.182614707610832729e-06,1.008729892580647720e+06
2.412506129534800385e-06,5.820295878542083083e+05
2.654049050555252299e-06,5.580230990008513909e+05
1.010670802977805207e-07,5.708423500230467878e+06
6.765898721958233347e-07,9.411988439229025971e+05
3.471403538830526332e-07,2.206337252611988224e+06
5.315465815978401990e-07,1.562949962040443206e+06
1.898338457370196337e-06,5.153829185455477564e+05
7.114253478802141073e-07,1.511328422696123831e+06
1.481108664876106060e-06,7.582401326282013906e+05
1.182614707610832729e-06,1.008729892580647720e+06
1.073291405285551971e-06,1.091227257454851177e+06
2.412506129534800385e-06,5.820295878542083083e+05
1.633898485382331028e-06,9.074005222438662313e+05
1.010670802977805207e-07,5.708423500230467878e+06
3.338020524929109351e-07,2.367867699206191115e+06
5.647641777548961385e-07,1.585326523242724361e+06
6.295112608493207252e-07,1.553501834256745642e+06
8.879819857050622731e-07,1.089309372338203015e+06
6.380197932567646791e-07,1.642334888256736333e+06
6.575114364479389057e-07,1.657908526526815025e+06
7.578132192291711808e-07,1.564202955802643439e+06
6.345480185518050509e-07,1.954506114088641945e+06
6.302352683312692366e-07,1.987171793665544130e+06
1.188960282016565944e-06,1.179421311598861823e+06
1.270343830186828683e-06,1.234075937660400290e+06
6.421426536170103443e-07,7.956803341277934378e+05
6.574986314396375902e-07,8.506949272075248882e+05
4.578705591243563739e-07,2.472197314679335430e+07
6.818978547540919749e-07,1.483923978983649518e+06
6.123127498313730298e-07,1.683287592992026825e+06
7.314568188537884169e-07,1.469886608132908586e+06
8.402203631524723715e-07,1.318555862887246301e+06
7.778639525535617540e-07,1.506346715063997777e+06
7.176749178400520086e-07,1.736874751776802121e+06
6.302352683312692366e-07,1.987171793665544130e+06
1.167927623495902013e-06,1.030210843682968640e+06
1.286076476842567457e-06,1.149857046029292978e+06
5.112552628951867755e-07,2.182207649271246418e+07
6.913071201737372004e-07,1.233924380563426064e+06
6.346589508456366096e-07,1.553832623714608373e+06
6.874621819968382547e-07,1.383955967778944410e+06
6.984704245984578243e-07,1.456271497157389065e+06
8.180321180461625350e-07,1.257841185935352463e+06
6.741063595756749509e-07,1.583532914836531272e+06
6.604616704530127506e-07,1.605147220971701667e+06
8.797355428260912123e-07,1.254107032240248751e+06
1.056763552958648929e-06,1.288454147337074624e+06
8.724960845218947910e-07,1.579767666491259355e+06
6.982252779212309615e-07,1.958731853124470683e+06
1.705085929537839749e-06,9.190590670311633730e+05
6.118465420343213175e-07,3.073678861628113315e+06
7.309751621099672943e-07,6.702534669897266431e+05
9.032381099828692416e-07,5.593343336055332329e+05
1.742338056327117360e-06,5.213334531676417682e+05
1.725978723693993656e-06,5.478509383459828096e+05
1.403943278662925773e-06,6.762645825790050440e+05
1.491038964549908497e-06,6.264415392258550273e+05
1.175530411866180869e-06,8.716586576141228434e+05
1.243737907087361307e-06,8.147497236783363624e+05
1.348059645389838124e-06,8.694524808698775014e+05
1.106193477828265921e-06,1.183374045050757471e+06
2.150806683424812446e-06,6.884766682610186981e+05
4.885350042511451511e-07,8.015316700520991581e+05
2.843916129667435762e-07,2.637918998558178078e+06
7.587101550697428157e-07,1.061945199848437682e+06
1.300343566212163040e-06,6.829284077113558305e+05
1.491038964549908497e-06,6.264415392258550273e+05
1.412814454523011683e-06,7.263677424375814153e+05
5.247481730783143109e-07,1.994928569985133130e+06
1.413479162281621626e-06,8.379860654002772644e+05
2.039266120702343656e-06,5.912518219025913859e+05
1.297727075860655717e-06,9.613399877082279418e+05
2.474646793302534977e-06,5.978856652110720752e+05
3.055031783494863928e-07,1.936714997841694858e+06
2.729449750626907632e-07,3.177099537259981502e+06
3.063112210477541062e-07,3.268212719816669822e+06
6.417721053450818264e-07,1.519020721716596046e+06
3.303114437506044314e-07,3.086030639691107441e+06
2.919661466423079779e-07,3.555690199287467636e+06
4.054146177618791845e-07,2.619194071068202145e+06
3.839877955433434532e-07,2.789435158299946692e+06
3.942269357688164983e-07,2.895542997852601111e+06
4.009395053899056702e-07,2.978519363154164981e+06
3.876032195150038475e-07,3.372899680569588672e+06
7.393390647439981599e-07,1.915880386778740445e+06
7.256432529986010980e-07,2.038395169582976028e+06
3.055031783494863928e-07,1.936714997841694858e+06
2.453439972442026085e-07,3.119596359253188595e+06
1.956089939458546823e-07,4.287914222874852829e+06
3.302040500055357898e-07,2.790704102113218047e+06
3.588654855539960924e-07,2.626215187548864167e+06
2.408237946099486439e-07,3.909693355906433892e+06
3.303114437506044314e-07,3.086030639691107441e+06
2.919661466423079779e-07,3.555690199287467636e+06
3.680529803803801302e-07,3.054217469269000459e+06
4.417407171231432287e-07,2.738816484025487211e+06
5.161927683838470099e-07,2.577024862919657491e+06
8.452195585511363657e-07,1.746792466498306952e+06
2.225004350772517112e-07,2.423640145968035329e+06
2.452089874144597208e-07,2.611839314639515709e+06
4.217097760324574724e-07,1.582915362015313003e+06
3.781115037493182619e-07,2.293725846026530024e+06
5.421953566273023965e-07,1.847248881395024946e+06
7.128642578073991400e-07,1.426905383262125775e+06
6.968521011474011444e-07,1.467954262614818523e+06
6.069326400258462479e-07,1.824895711096280254e+06
4.388553841320146753e-07,2.605750807657499798e+06
5.070737893737190696e-07,2.548301827704489697e+06
8.340197160741453750e-07,1.878973363452356542e+06
4.213245423032424823e-07,1.839607532206222648e+06
5.505621022902444451e-07,5.648052787523217499e+06
3.686726243047474406e-07,2.189898790756169707e+06
7.723053279474520394e-07,1.153798161393332062e+06
5.444727803553149462e-07,1.694977868035557447e+06
3.627600627467617300e-07,2.589926547738098539e+06
6.093689909242907153e-07,1.530467106594766490e+06
6.380381762918950334e-07,1.517291889996879501e+06
7.173653714315242843e-07,1.404029713652148377e+06
6.249014768332206172e-08,1.700548891162918508e+07
1.313222967814812838e-06,1.126677805781270610e+06
1.702792312290196597e-07,4.076523288760482334e+06
4.044833556823967153e-07,1.982554726334485924e+06
6.233333585945186768e-07,1.433901246328529902e+06
1.443162396242411906e-06,6.561988687365219230e+05
6.847577883943023816e-07,1.534186392423582962e+06
1.456769213677460966e-06,7.405956308961283648e+05
9.163679498375153846e-07,1.165125803057627520e+06
1.053615388267278579e-06,1.086525259821053827e+06
1.147031253022208741e-06,1.094231702410419239e+06
1.300048048085231272e-06,1.108981824718222255e+06
2.084192838898256790e-06,7.541705372579509858e+05
2.285720503575483853e-06,6.864098432643039851e+05
4.478892456167088434e-07,3.914542216546735261e+06
8.026167444154387613e-07,9.953979012326496886e+05
8.466229498579382819e-07,9.365063305873714853e+05
1.443776077905754762e-06,5.725560712022857042e+05
1.570950366100537119e-06,5.345565830920001026e+05
7.611291533106008258e-07,1.121782521142063430e+06
9.364526836752407319e-07,1.057354550320249749e+06
7.716349848820290752e-07,1.305700694790732116e+06
8.792697706229128179e-07,1.272497196761434665e+06
1.215352764205493801e-06,9.833713300880868919e+05
1.258548967533016408e-06,9.898823466329945950e+05
1.529466140827460687e-06,8.707969408871214837e+05
2.348825420200359032e-06,5.961114917236764450e+05
5.090028141355708612e-07,2.252532897505808994e+07
7.827045220265739974e-07,1.050703219177701045e+06
7.857012355893218838e-07,1.047121502632110612e+06
7.211565020905507307e-07,1.358066513606700581e+06
7.244889880112782232e-07,1.327999149931192631e+06
1.456061313687883161e-06,7.475377525030160323e+05
1.050669387232289228e-06,1.011970200519411243e+06
1.187002785593053155e-06,9.699098328755191760e+05
1.370736481549079735e-06,8.453901530303524341e+05
1.393681216311815632e-06,8.680921468244625721e+05
1.530500676863277468e-06,9.187991320417779498e+05
1.476848612966257004e-06,9.720591492998416070e+05
2.533686261509439087e-06,5.840917244709765073e+05
4.625021100543850175e-07,2.149845823386699427e+06
9.396284725746209242e-07,8.119560286403414793e+05
8.056792447256414355e-07,9.846564026391023071e+05
1.229892792610882041e-06,6.728834249769016169e+05
1.756827002114751755e-06,5.009745109886566061e+05
1.741992577260959920e-06,5.249413960175398970e+05
1.412816773126733931e-06,6.986937455153454794e+05
9.344752250958504904e-07,1.059740136677440722e+06
9.783910196082168306e-07,1.170337535372644197e+06
1.468715438950072712e-06,8.224104296613560291e+05
2.153013330292676819e-06,5.895478538931680378e+05
8.423444329776616214e-07,8.042243507912410423e+05
3.608291979661659950e-07,2.202545780355964322e+06
1.107662006543566696e-06,7.071589508204003796e+05
8.686489920422513624e-07,1.293329132083179243e+07
1.026270315860199673e-06,8.945563659189773025e+05
9.725954078929467674e-07,9.210887432101153536e+05
1.169935570012676990e-06,9.125390505484909518e+05
1.179839251865926962e-06,8.189999232990811579e+05
1.096497025403595648e-06,1.112591987670982722e+06
1.699083322884360444e-06,7.443592670528871240e+05
2.192941534727594844e-06,6.401926039825880434e+05
6.042607027879187738e-07,9.057110661846197909e+05
1.284890604150966874e-06,6.848785346616973402e+05
9.725954078929467674e-07,9.210887432101153536e+05
1.345263299194677625e-06,6.994440633433155017e+05
4.168023094368310224e-07,2.447064329328549094e+06
1.070574178409876383e-06,9.154600877816900611e+05
9.553225621697725971e-07,1.040371638928793371e+06
1.043697140666933900e-06,9.423016719671975588e+05
1.009146695130046115e-06,1.113855220708110835e+06
1.082021203706035122e-06,1.077954965629437240e+06
2.274143057725482534e-07,5.772823905974983238e+06
1.688145552452741278e-06,8.318312268805976491e+05
3.351526265591370133e-07,3.920591284571780823e+06
6.042607027879187738e-07,9.057110661846197909e+05
6.415649006553097619e-07,1.598421784608055139e+06
1.112079722826798429e-06,9.346695116648066323e+05
6.596329109978007412e-07,1.546596873814544873e+06
6.367649249982527999e-07,1.676548900889883516e+06
6.533405692086949937e-07,1.697024311368350172e+06
8.361327648005577097e-07,1.491180424719134811e+06
8.263490439956552082e-07,1.577239866492777364e+06
1.866839782838470036e-06,7.119942162653502310e+05
1.493681160328210065e-06,1.048948132681588177e+06
2.540481064470129958e-07,7.703667275451327674e+06
3.511861012114889875e-07,1.746227503400740679e+06
4.338637436004155664e-07,2.050271650368745672e+06
4.467579596515836080e-07,1.932997129650144605e+06
4.041237700364877564e-07,2.168494981544002425e+06
5.531934865942164148e-07,1.661450698095622472e+06
3.999180461216166228e-07,2.448036340866823681e+06
6.415649006553097619e-07,1.598421784608055139e+06
6.596329109978007412e-07,1.546596873814544873e+06
6.367649249982527999e-07,1.676548900889883516e+06
4.515684958523880546e-07,2.451853507445647847e+06
6.533405692086949937e-07,1.697024311368350172e+06
1.462976710560062173e-07,4.352865693422042765e+06
2.204711896273384221e-07,2.336791321225493681e+06
3.698852398303282133e-07,2.122360557208321523e+06
4.118537883521330385e-07,2.275927349611122161e+06
4.048751443246700815e-07,2.373946181885009632e+06
3.655438831395996918e-07,2.607629065197159071e+06
3.197388406785087582e-07,3.548450198000859935e+06
3.530354483740433918e-07,3.334277274487967137e+06
6.781794513265197883e-07,1.769779064151329454e+06
5.986540505984244935e-07,2.344276555792515166e+06
1.462976710560062173e-07,4.352865693422042765e+06
2.047839411353505316e-07,2.315908734815882985e+06
3.423474681581786568e-07,2.580249427531940397e+06
3.683114140363905352e-07,2.534994470558603294e+06
4.944503987006243065e-07,1.983980021807912504e+06
4.881982613058918494e-07,2.102428652705890592e+06
5.138963465415991621e-07,1.983011779759316472e+06
5.117644394845986468e-07,2.168525591513611376e+06
4.583322892986723872e-07,2.854863686331428587e+06
7.955889234276349628e-07,1.857420628789562033e+06
1.371385216857078504e-07,5.800201251687858254e+06
4.341193316953923783e-07,2.106865563153009862e+07
4.877581293766171698e-07,1.615209652420591796e+06
2.895718318407360410e-07,3.214592297035035677e+06
3.826630321206460794e-07,2.715987476945648901e+06
5.625554460338107763e-07,1.920001978340473259e+06
6.679239627142446381e-07,1.574171294357256731e+06
4.439658485088830988e-07,2.483650242071717978e+06
5.745886379846473637e-07,2.139101321201254148e+06
8.916248632438604127e-07,1.659662512122473447e+06
2.895643827080858420e-07,1.707950814234727528e+06
2.824981567347752766e-07,2.051668163968483685e+06
4.885709576702485593e-07,1.639087851698052604e+06
7.466703602522104499e-07,1.094720825555574847e+06
3.764485611976571836e-07,2.952061509778083488e+07
4.189929821369998362e-07,2.295562869950220454e+06
7.022509141657629302e-07,1.362356799490491161e+06
5.206392148168270009e-07,1.933549427601677831e+06
4.673612023415011223e-07,2.815066178958869074e+06
7.020762302000594216e-07,2.011644773843304487e+06
8.135892719204334052e-07,1.822690293192814104e+06
2.619132526347672170e-07,3.787468857283322513e+07
1.670194531238658336e-07,5.984935016807679087e+07
2.824981567347752766e-07,2.051668163968483685e+06
6.094064557492858286e-07,1.389410949890075019e+06
4.272803385437778479e-07,2.318984095983532257e+06
6.097535602141266076e-07,1.601901874225229723e+06
5.988924202386389615e-07,1.636217628822019091e+06
4.584185241821561732e-07,2.413922116964172106e+06
2.509962655900921349e-07,4.643463219649621285e+06
5.932510548928562719e-07,2.376221950362952426e+06
1.670194531238658336e-07,5.984935016807679087e+07
1.703829498090462440e-07,3.922567382309847046e+06
1.610518951582882709e-07,1.700421345030459389e+07
6.762096055637738946e-07,1.532250029953427846e+06
4.632134457698929483e-07,2.249921574320676737e+06
5.600792238146243652e-07,1.804698933284552302e+06
5.706342882877932731e-07,2.007284741514280438e+06
7.287309406718203802e-07,1.523328593515787506e+06
6.705750150936841559e-07,1.757344041259121150e+06
4.593423299187821042e-07,2.525411422702552285e+06
6.052936936501877231e-07,2.206696714473756962e+06
1.081068535498518923e-06,1.537518938103368040e+06
1.710012084424800033e-07,1.301300989061762951e+07
3.182589078714532758e-07,3.003428243015733082e+06
7.491835333673474362e-07,6.658073340021002805e+05
7.127997328041459329e-07,1.290908615800322965e+06
8.078093175546392279e-07,1.160527018018243602e+06
1.354013967816870557e-06,8.385353205159049248e+05
8.655135385476918167e-07,1.325598856509829406e+06
4.758828352312005653e-07,2.320720481395710260e+06
1.455230014027534592e-06,8.107408753179727355e+05
9.726742591462204703e-07,1.272066721737925662e+06
9.372723636040461112e-07,1.661558621751341270e+06
1.662798992364630038e-06,9.427168071933623869e+05
2.416013748137119106e-06,6.490033574452828616e+05
7.901658872395715132e-07,7.261344035910058301e+05
1.079771327796704879e-06,8.539530576421924634e+05
1.231635869906888510e-06,7.581612362044061301e+05
4.540674278298376218e-07,1.925937505556853022e+06
1.151263035549309494e-06,9.244939243347095326e+05
1.483811930044553255e-06,7.287002254115468822e+05
7.407163791497751966e-07,1.491419519400597317e+06
1.455230014027534592e-06,8.107408753179727355e+05
1.286714954664054279e-06,9.249696877916349331e+05
1.182284080539420809e-06,1.015975694233789109e+06
1.657249055019477688e-06,8.048512199706851970e+05
2.433226577460851577e-06,6.084109557009283453e+05
2.459853589761424641e-06,6.021909200648361584e+05
2.940706876109934947e-07,3.967256877158309519e+07
6.558711067598408029e-07,1.263613656678710831e+06
9.680468529655644137e-07,8.973395194503738312e+05
9.152441176538378484e-07,1.240721505905347504e+07
6.607559200794447737e-07,1.273179897141579539e+06
7.414753976909505282e-07,1.276751493867188459e+06
8.423238796974397062e-07,1.158043483771170722e+06
9.027325835458478145e-07,1.122665758870216319e+06
7.099258753302197355e-07,1.506982450123129180e+06
1.691723931525934962e-06,7.474136386862111976e+05
2.340451118664782164e-06,6.343025288449735381e+05
2.222308034586335278e-06,7.091642734776238212e+05
4.766682321067345009e-07,1.677152490382871823e+06
4.093501664065215147e-07,1.965861843583244598e+06
4.417681570326834572e-07,1.918895731143528596e+06
3.801396734552994721e-07,2.375368836207564455e+06
6.444491384506038198e-07,1.388400202090868261e+06
4.848487557882138551e-07,1.936535821644668002e+06
5.734518800818812260e-07,1.778597545453561004e+06
3.597445511558649765e-07,3.014359664510083850e+06
6.353190494143380695e-07,1.777855543267772999e+06
5.364973901244134979e-07,2.337950160805646330e+06
8.350704403474098028e-07,1.520040940406890120e+06
1.075282493861624170e-06,1.376444900948359631e+06
2.729908332758040545e-07,1.881364660888423678e+06
2.548926198292595482e-07,2.459304176239819266e+06
2.074054525424419328e-07,2.934984702359384391e+06
4.093501664065215147e-07,1.965861843583244598e+06
4.417681570326834572e-07,1.918895731143528596e+06
3.673594797677312789e-07,2.703596139550841879e+06
3.912601392696127036e-07,2.534953397662905976e+06
4.299163808392150699e-07,2.280825463474113960e+06
4.418455633794812964e-07,2.713897210515068844e+06
8.328465840368496319e-07,1.683702413639083272e+06
2.409730387361609158e-07,1.843540620002324926e+06
2.729908332758040545e-07,1.881364660888423678e+06
2.074054525424419328e-07,2.934984702359384391e+06
4.538748659871188488e-07,1.977566675575829111e+06
4.579515890650272370e-07,2.376729427557541523e+06
5.974480477014756317e-07,1.825189933950168081e+06
9.685534997631757468e-07,1.335722219320376869e+06
6.462350164331926814e-07,2.031671715165999485e+06
7.002900032750564170e-07,1.958837792216958944e+06
8.423170963278514496e-07,1.631370586092673708e+06
1.219397703355447377e-06,1.361725761565566994e+06
1.533207753228646649e-06,1.083337357158599189e+06
1.900943668727721731e-07,3.735813471689452417e+06
3.108510230540420911e-07,7.542312998940775171e+06
5.164449920124262784e-07,1.780686170327644562e+06
4.526788033466970439e-07,2.132839520520985592e+06
6.347271601062712827e-07,1.488523170222539920e+06
8.298494680526644442e-07,1.239286634570357390e+06
1.114207022527035884e-06,9.155487505595933180e+05
1.092079163997027663e-06,9.340600088672770653e+05
8.908220636135289375e-07,1.187427442631923128e+06
9.152105364554704074e-07,1.339343517447777092e+06
5.951773658583375386e-07,2.235225168655947782e+06
1.344539110149712645e-06,1.167551372103711823e+06
1.253932751973248830e-07,1.509924422918751836e+07
3.926934616177027598e-07,1.254967972594336141e+06
4.357323228340151663e-07,1.922866342490165960e+06
4.043334528281451151e-07,2.097282328607857693e+06
1.809215890644088370e-07,4.628353019424837083e+06
4.697919382393038697e-07,1.969558934849629644e+06
4.889890925991219959e-07,1.922062772656169022e+06
4.653121025696463634e-07,2.369130840371107683e+06
8.211183534524998676e-07,1.508549514123750385e+06
6.379689656458698672e-07,1.982843671444891952e+06
2.833024809162016036e-07,4.420716303795306012e+06
5.912258233895915562e-07,2.152192379824828822e+06
1.365916364140933349e-06,1.147984532053604955e+06
9.793188671705840480e-08,6.118044604480700940e+07
2.511419202898040519e-07,1.962294159529656637e+06
2.442165424640760130e-07,3.889231983856853563e+06
4.738349220052929128e-07,2.072051713980441215e+06
3.570824534710447327e-07,2.877208000636864919e+06
3.648401806248385178e-07,2.812758630294064991e+06
3.398367535600652042e-07,3.055145977485527284e+06
4.241606979259717012e-07,2.573475142593367957e+06
5.844346761144542363e-07,1.895123822646624409e+06
3.687013403942399475e-07,3.501141957044453826e+06
5.997837578093146871e-07,2.471162079269240610e+06
9.793188671705840480e-08,6.118044604480700940e+07
2.451401503128750696e-07,1.937252147593739210e+06
3.111016446381577536e-07,2.354200995598457288e+06
3.397860441446177965e-07,3.299555916384786367e+07
4.158785311509760068e-07,2.562802194176735822e+06
3.924545750235297510e-07,2.896735561394516379e+06
4.883324682041928415e-07,2.415521172621169593e+06
4.546516588330048547e-07,2.707016236980697606e+06
6.165108297218562436e-07,2.051803501527833985e+06
7.851076553731204857e-07,1.885391486671891995e+06
7.326555271430277841e-07,2.140675284243041649e+06
4.626569033659786675e-07,2.157628008384620305e+06
4.836788181046379515e-07,1.892128839218852343e+06
4.616888515848343365e-07,1.943050086932895938e+06
5.632035036245304836e-07,1.652575212771424092e+06
4.454515469546366826e-07,2.116671138898755424e+06
4.562544947844174353e-07,2.050274033273150912e+06
4.652672051874482413e-07,2.092189847641043831e+06
4.661098885034076155e-07,2.114917327954883222e+06
5.725767277507359898e-07,1.707739081162513467e+06
5.317942862018375312e-07,1.892905555881803855e+06
5.163749236799633500e-07,2.266950655484932475e+06
7.169393990156649776e-07,1.961903517960596597e+06
5.962804644048609489e-08,1.420386341855043545e+07
5.828076644721709051e-07,1.488535605883460492e+06
3.188013465951656703e-07,2.956991070342716761e+06
2.824354912407873085e-07,3.988113946408823133e+07
2.860431812509705524e-07,3.362333314538396429e+06
4.123179357874302587e-07,2.537790629803533666e+06
4.024941885127290520e-07,2.909745305537129752e+06
4.828247467560773209e-07,2.404733420151070692e+06
4.374732831482830271e-07,2.780368938494286966e+06
5.444888981678328022e-07,2.204077026791233569e+06
6.306035862587785514e-07,2.107857157420034520e+06
6.547696962390091281e-07,2.147644706424857955e+06
2.480297508326913803e-07,6.611066130984037183e+06
5.822268366510196933e-08,1.456030903158671409e+07
3.354465151101974118e-07,2.440849806559180375e+06
3.447260002011099599e-07,2.531658375508534722e+06
4.610584264631308630e-07,1.773218554877730086e+06
3.270390685738007149e-07,1.085639231859477982e+07
4.089863451704534041e-07,2.096395990823616972e+06
4.192790448982394830e-07,2.228156178861611057e+06
7.816343712749036088e-07,1.347042166631468572e+06
9.291607246185738371e-07,1.165871391001453390e+06
5.350476533005742203e-07,2.092010248756069690e+06
1.499920581597093896e-06,1.046697275231741020e+06
4.065670831789771885e-07,1.617866627734584734e+06
4.959835526318247905e-07,1.234052172110652784e+06
6.220158978865407870e-07,1.210940842925959034e+06
1.005609960714153254e-06,8.284025666022137739e+05
9.863722669940846152e-07,8.409076655089738779e+05
1.180371846570178429e-06,7.085473749131603399e+05
1.146146144846979390e-06,7.817024987456406234e+05
1.109861377460891517e-06,1.022804628896804294e+06
1.110613343567031192e-06,1.069462381719382247e+06
2.002477623659636359e-06,7.390824465154287172e+05
3.779073399599256135e-07,1.475318991447747219e+06
6.621319628373210632e-07,1.033286854296931415e+06
6.432336721376092928e-07,1.097761507291714428e+06
8.679790231360622081e-07,1.119941243386250455e+06
6.187372929118760365e-07,1.588494091679680627e+06
6.102597126846144597e-07,1.616483729201099603e+06
1.109861377460891517e-06,1.022804628896804294e+06
8.908296449919564424e-07,1.326989921746624401e+06
1.223766360464804866e-06,9.633357050077688182e+05
2.857367847021430881e-07,4.263002666506130248e+06
1.586257964507509257e-06,9.335373027214178583e+05
1.982465862044242769e-06,7.909656340968776494e+05
3.779073399599256135e-07,1.475318991447747219e+06
3.032299561782824843e-07,1.943901901734115323e+06
3.085812478117376119e-07,1.937570902408603812e+06
3.666958032346887854e-07,2.680253621604118496e+06
4.240357054713183690e-07,2.362299470181514509e+06
4.465547547933448476e-07,2.368200233276481275e+06
4.876645558333526968e-07,2.199942033825919963e+06
4.166858485936530277e-07,2.684726775564549025e+06
5.250311131228397334e-07,2.254930936047500931e+06
8.445784294728567005e-07,1.579952539795883233e+06
4.301985505974230929e-07,3.222307473909478635e+06
8.730719332166531272e-07,1.794899573293554597e+06
2.346110519512909326e-07,1.304863460526996851e+07
3.753793234715080332e-07,1.619907684369071387e+06
3.184071503722802862e-07,1.953597524218146922e+06
3.994237451791336431e-07,2.175983367612509057e+06
5.249819835652928749e-07,1.906593365024913568e+06
4.465547547933448476e-07,2.368200233276481275e+06
5.157643480672515080e-07,2.080272792688572779e+06
5.248352838867094744e-07,2.031800011098418618e+06
4.166858485936530277e-07,2.684726775564549025e+06
3.879826315054873184e-07,2.976433447478748392e+06
2.757543516917563214e-07,4.436160587988183834e+06
2.469290280414943667e-07,1.241337128449617885e+07
3.848321037625661246e-07,1.644360105149655603e+06
1.615595087217455652e-07,4.965820750402070582e+06
4.355913542773332376e-07,2.217418234031083062e+06
2.547429115506246083e-07,3.716189707690602168e+06
5.418548421860113334e-07,1.784690159219021210e+06
5.249819835652928749e-07,1.906593365024913568e+06
5.359122463625720101e-07,1.899765745640606387e+06
4.587408507785231788e-07,2.281362544376460370e+06
5.248352838867094744e-07,2.031800011098418618e+06
5.157643480672515080e-07,2.080272792688572779e+06
1.874411332606949269e-07,2.521746396781373769e+06
2.196419466042841489e-07,2.286770258779098280e+06
4.613881522503289912e-07,1.713441306272197515e+06
4.173964387902967893e-07,2.128060152941109147e+06
5.418548421860113334e-07,1.784690159219021210e+06
4.785478773136321420e-07,2.089287088125600712e+06
1.720020045917005251e-07,5.145405329095778987e+06
4.059794850285454580e-07,2.535030317745660432e+06
4.228334214997591305e-07,2.511712701630734373e+06
5.177648562790440310e-07,2.060451373556923354e+06
1.874411332606949269e-07,2.521746396781373769e+06
3.022477136945562292e-07,2.355610077745410614e+06
3.613902846228459379e-07,2.261990588316925336e+06
3.881639012030587509e-07,2.348707529954404570e+06
4.176151586755618888e-07,2.322286580068867188e+06
4.698017776450690835e-07,2.184256918977561407e+06
4.059794850285454580e-07,2.535030317745660432e+06
4.672215033096801393e-07,2.207081367547071539e+06
4.228334214997591305e-07,2.511712701630734373e+06
1.394436733618253629e-07,8.554415986894451082e+06
3.163391704364737939e-07,4.870651720521295443e+06
2.964143534342953979e-07,2.477382007729891222e+06
3.658933928279326442e-07,2.153433410835828166e+06
5.265727039351242093e-07,1.790521031131209573e+06
2.221119893311421677e-07,3.883672160795018077e+07
4.672215033096801393e-07,2.207081367547071539e+06
5.582358886977176227e-07,1.800263538661277620e+06
7.587404143531018799e-07,1.346180893001324963e+06
4.698017776450690835e-07,2.184256918977561407e+06
6.486023615415967965e-07,1.630420310424992815e+06
3.207834331039538690e-07,3.529879503272592556e+06
7.308350940334860607e-07,1.531586953952226089e+06
8.040190047569670432e-07,1.507451404681088869e+06
7.958467032156416453e-07,6.282758022086755373e+05
5.472363328710570291e-07,1.273694637462016428e+06
6.424515314140186210e-07,1.056148098270997871e+06
9.247110920527562996e-07,8.468439263072025497e+05
5.203341492270059056e-07,1.738256620928216027e+06
7.174147846330851893e-07,1.238308738266178174e+06
1.276174586849585995e-06,8.162404156781068305e+05
1.581105254304157875e-06,7.549402047680967953e+05
1.265898525534786185e-06,9.753752502106444445e+05
3.013947292830529870e-06,4.907831036359087448e+05
2.177738223862697740e-06,7.201159289218598278e+05
9.247110920527562996e-07,8.468439263072025497e+05
1.476117158471609019e-06,5.983301306614355417e+05
9.233337606298608771e-07,1.012746270045507583e+06
1.636813100991305766e-06,5.492401864348943345e+05
2.041723980366839414e-06,4.479809570341574145e+05
6.923847169123740924e-07,1.345490406368529424e+06
2.155021587378574358e-06,4.369258692746220622e+05
1.161989858283541214e-06,8.303657243446095381e+05
2.244278975552300439e-07,4.169391479437731206e+06
1.602581855074395592e-06,7.370391845416367287e+05
1.301291107902202711e-06,9.656377669523908990e+05
2.681333165994388287e-06,5.521350154037475586e+05
4.262079437132690333e-07,9.302671083540130639e+05
1.502095528094722068e-07,6.141022451600332744e+06
4.328077405808661082e-07,1.580103396129220491e+06
2.939403204284215816e-07,2.873762529683786910e+06
8.480511579745835511e-07,1.198242338807194261e+06
8.295737153014192279e-07,1.032757727510404587e+07
1.688230562564614902e-06,7.355586028413483873e+05
1.432461554712528062e-06,9.137479376505567925e+05
1.508475631863353630e-06,9.278051141513491748e+05
2.245823766842458313e-06,7.452443244836425874e+05
2.591076913227497019e-06,6.823006702932836488e+05
1.477474920465063083e-07,5.316846907762015238e+06
4.169361950482554551e-07,1.899798462811591569e+06
3.803839343459496421e-07,2.288495333670899272e+06
4.291902262241414545e-07,2.119355946132006124e+06
4.023673188533462357e-07,2.467016498638967983e+06
3.673023685007012133e-07,2.716199210245884024e+06
6.262839016948654997e-08,4.075980983046817780e+07
7.586052084583047215e-07,1.303627182317620842e+06
8.374955228866567089e-07,1.165393951536764158e+06
6.083330670172557056e-07,2.024694979324871209e+06
5.430519344261400093e-07,2.382480664134857710e+06
8.766800528625776588e-07,1.688902953448635759e+06
7.173060500248405386e-07,7.772367681224629050e+05
7.722597740658212184e-07,7.403148424193676328e+05
5.003967399650724249e-07,1.649892627249752171e+06
1.271342081986719353e-06,6.466502625318899518e+05
6.951956221866731762e-07,1.331012458869152237e+06
8.374955228866567089e-07,1.165393951536764158e+06
7.586052084583047215e-07,1.303627182317620842e+06
9.167595205698227448e-07,1.231661337575973012e+06
1.285419136827538240e-06,8.844546853106218623e+05
1.176588212914346631e-07,9.253594162988679484e+06
2.206740764949277068e-06,6.345853526095631532e+05
3.238700405577440780e-07,2.332270986664312426e+06
7.722597740658212184e-07,7.403148424193676328e+05
4.674360852832317718e-07,1.454882079797083279e+06
6.604965283989790641e-07,1.698107733329344075e+06
1.285419136827538240e-06,8.844546853106218623e+05
7.209728170772194720e-07,1.526124311928705545e+06
1.057870848639833853e-06,1.105150184362806613e+06
8.268950044760036727e-07,1.505063124834602233e+06
1.199158316045087013e-06,1.091290136647582054e+06
9.174435828667857675e-07,1.414488097524796147e+06
1.607014750028664826e-06,8.742645871841107728e+05
1.571947806459688089e-06,9.413363495832661865e+05
2.184567430812032726e-06,7.604580865292983362e+05
4.206758195662744070e-07,1.185444168943749275e+06
4.038211710328526344e-07,1.892992299242463429e+06
4.266595952105656643e-07,1.960676334902495844e+06
7.011643519473562910e-07,1.532403910628452664e+06
7.992307153327333255e-07,1.372219292490210850e+06
8.536843145789384802e-07,1.318031165174338268e+06
1.298563459852428392e-06,9.005889860852308339e+05
1.057870848639833853e-06,1.105150184362806613e+06
8.918884470270094512e-07,1.472853841048310976e+06
1.511348968959340205e-06,9.278282775043685688e+05
1.851769307338759543e-06,7.573593778038752498e+05
1.609242835600109757e-06,9.216303344146567397e+05
9.689675822169343400e-07,1.593735841835347004e+06
3.657995360512745746e-07,3.198592897662488744e+07
4.611409306114341714e-07,1.444581379784483928e+06
4.432816166432229716e-07,1.819698655004027765e+06
1.037596201284011957e-06,7.909181344978117850e+05
1.058494816650358618e-06,8.234919470967981033e+05
9.761978762982758671e-07,9.954680447064706823e+05
5.950285935174212791e-07,1.733580685770767974e+06
1.102045643032069590e-06,9.828450902870331192e+05
9.715968954155558506e-07,1.171455710015280172e+06
1.177269065846876937e-06,1.033131518752140692e+06
1.856568878748726423e-06,7.975271876383338822e+05
3.473887131715867787e-07,1.646420557172204601e+06
2.840623580552550241e-07,2.283301625198177528e+06
3.506382408514489435e-07,2.326209530470716767e+06
5.892374630339592014e-07,1.533197174233708298e+06
5.452063018269339921e-07,1.812669725759478519e+06
4.265494153240862539e-07,2.223886146079023369e+06
4.415039694061902831e-07,2.131994672290016431e+06
4.826806420018421158e-07,2.029040205433109775e+06
9.172730853003143418e-07,1.159013573600462638e+06
6.308958106323764937e-07,1.932816999361258931e+06
1.266080087226250246e-06,1.112018508015228668e+06
1.468455915695368164e-07,1.580890115196113661e+07
3.473887131715867787e-07,1.646420557172204601e+06
2.840623580552550241e-07,2.283301625198177528e+06
3.346302774477698046e-07,3.380103664406120032e+07
5.805932992849964532e-07,1.682548363273367984e+06
4.120510857192319864e-07,2.403078200083452277e+06
4.431892199883406076e-07,2.325429565501934383e+06
5.367917405846259418e-07,1.918632043145647971e+06
5.324388012625211465e-07,1.932403574589526281e+06
5.233225822968705420e-07,2.014985189881708706e+06
7.116021447440813215e-07,1.694770338167303707e+06
7.922871161435208157e-07,1.600656397009284934e+06
2.171030107549429347e-07,8.000777542446395382e+06
2.081736460442896668e-07,3.273650154543085024e+06
2.443509467819616310e-07,3.135642118809715379e+06
3.208971901368287419e-07,2.483516237574930303e+06
4.431892199883406076e-07,2.325429565501934383e+06
4.642868250623454969e-07,2.435294124909786507e+06
3.820244425049937859e-07,2.957885010399448685e+06
5.219433582415160715e-07,2.147400405834689736e+06
3.392492091562984499e-07,3.364208491058816668e+06
3.589078377753299319e-07,3.291051436836396344e+06
4.652174604944731950e-07,2.548469083190171979e+06
6.376718574535279410e-07,2.198071431890052278e+06
7.133146885634008266e-07,2.077543503537087468e+06
8.222482592908652694e-07,1.800970892563581700e+06
1.044299801263892235e-07,5.094902622968229465e+06
1.755165024994229501e-07,3.383478343065658119e+06
1.854335768274774862e-07,4.289666870729620568e+06
2.265057093351612559e-07,3.792090580220321659e+06
1.865404575551987219e-07,5.282540625219949521e+06
4.027932719091234031e-07,2.375954618491122499e+06
2.741611957039319271e-07,3.725783667969888542e+06
1.941629160589346228e-07,5.201055937927415594e+06
1.784427319797304610e-07,5.943963001361734234e+06
6.050368110342101215e-07,1.993641866561076837e+06
4.031382453435341519e-07,3.489903719235568307e+06
1.354436450410648598e-07,6.325450628689655103e+06
1.755165024994229501e-07,3.383478343065658119e+06
1.133988351493476371e-07,5.133176734596583061e+06
1.941629160589346228e-07,5.201055937927415594e+06
3.693473397078239731e-07,2.783382012569691520e+06
3.719201712401457480e-07,2.759965810558840167e+06
1.784427319797304610e-07,5.943963001361734234e+06
1.986437996182372257e-07,5.345468545269932598e+06
2.946683147215690535e-07,4.686400431421865709e+06
6.225158580313573731e-07,2.258757922441099305e+06
6.299067000595161884e-07,2.500761655627364758e+06
1.420795860060819805e-07,5.482548220208701678e+06
2.821309099175270668e-07,4.099261884086525440e+07
4.469697672871154626e-07,2.098597706885992549e+06
4.678014022570470738e-07,2.116582873534764629e+06
3.693473397078239731e-07,2.783382012569691520e+06
3.719201712401457480e-07,2.759965810558840167e+06
3.702128498570629185e-07,3.060570761833715718e+06
4.433382340960039824e-07,2.695024298016892280e+06
6.246482340214501279e-07,1.846667321365379728e+06
4.038303915126286535e-07,3.068869445538601838e+06
7.276865956883733097e-07,1.827529419582635397e+06
6.838979239250161067e-07,2.165831476813935675e+06
3.908750288266202805e-07,2.281046343170145061e+06
4.184134036727026698e-07,2.117366042782880366e+06
5.334277948496424152e-07,1.864016737274598563e+06
5.029864907925924513e-07,2.036096709297240945e+06
3.594854577625228118e-07,2.888483512810603715e+06
4.044110066574678762e-07,2.637541778618840501e+06
6.080411362311269971e-07,1.735422213731854688e+06
4.115332520150479878e-07,2.748957100867525209e+06
3.967059248519355155e-07,2.844395831213899422e+06
5.071052889414815673e-07,2.187483593258378096e+06
3.785748790697863543e-07,3.174750786703690886e+06
6.509158391613993240e-07,2.155769784405364189e+06
7.493220760135612116e-07,1.869384461379204411e+06
1.982894429730628189e-07,9.967795783650239930e+06
3.992751164815347671e-07,2.797314757250051200e+07
4.338622782240024158e-07,1.666994867852905300e+06
5.739961346673667605e-07,1.286586838855759008e+06
6.663522838227635518e-07,1.322315771603982663e+06
5.359830219699796333e-07,1.772372511426274665e+06
6.152044142759024279e-07,1.600158711462841835e+06
5.763480409659357066e-07,1.692520729901680257e+06
6.379873817112388879e-07,1.538603179886276135e+06
5.029864907925924513e-07,2.036096709297240945e+06
5.071052889414815673e-07,2.187483593258378096e+06
2.177261338762165737e-07,7.095566915345850401e+06
1.421013577170283000e-07,5.264944819424844347e+06
2.366453861491227276e-07,3.309225587265654933e+06
5.739961346673667605e-07,1.286586838855759008e+06
5.442554072737230837e-07,1.447794305158342933e+06
3.749803043324653860e-07,2.196228719418279361e+06
3.915884708961890054e-07,2.267217134506326169e+06
6.152044142759024279e-07,1.600158711462841835e+06
6.379873817112388879e-07,1.538603179886276135e+06
4.120088962245569711e-07,2.784440567567390855e+06
4.269344933549539922e-07,3.205640426859282888e+06
7.855448172875883142e-07,1.882531816854896257e+06
2.502146690630671198e-07,1.506920549343521707e+06
3.250763007762689776e-07,1.641000354146644007e+06
4.904920880401065838e-07,1.988364452343571000e+06
4.541008951554878137e-07,2.361356904370491859e+06
1.158380263258489973e-06,9.689433874614520464e+05
1.126544226461064232e-06,1.060306528930088505e+06
9.549428110552196984e-07,1.253457642136066919e+06
7.498101723714404155e-07,1.556340181491945637e+06
4.458280344676367038e-07,2.715654909886182286e+06
1.077753750851118846e-06,1.305031446321645984e+06
1.871778091710478590e-06,7.911289417874676874e+05
4.799908923944980299e-07,8.927446634959720075e+06
9.430735666484421076e-07,8.008777259178308304e+05
1.281313908716827643e-06,6.876168805785226868e+05
7.656536836703101601e-07,1.166212907538400497e+06
1.371309181729701158e-06,6.589935874447070528e+05
6.952636304204596698e-07,1.329536421902286122e+06
1.308955275228982177e-06,7.944794792337064864e+05
1.263090170762349291e-06,8.871487370294420980e+05
8.601399731152077894e-07,1.467993851247297134e+06
1.116149332997389565e-06,1.120792306452018674e+06
2.259308273658879356e-06,6.207031425631454913e+05
1.920708499227818517e-06,7.309418711699763080e+05
6.096012862857276775e-07,3.656287404063136782e+06
3.234272381019328627e-07,2.140848358759840950e+06
5.778280180130048047e-07,1.345578934376096586e+06
4.740942223025277645e-07,1.602641828954066150e+06
7.656536836703101601e-07,1.166212907538400497e+06
9.542985755496184320e-07,1.064310081324496074e+06
1.308147564936893378e-06,8.274359813324274728e+05
9.681109147542880126e-07,1.186159400734215742e+06
1.209327556613442666e-06,9.723219989310256205e+05
2.260805188950723539e-06,6.203435715683001326e+05
1.941550356249265371e-06,7.628333030392018845e+05
3.765401878049151328e-07,1.513113179554171162e+06
5.795620769823784324e-07,3.320279090073726140e+06
5.332107045605061668e-07,2.108615261912593246e+07
9.264781294950428053e-07,1.103857299872890580e+06
1.086746220553612965e-06,1.021565599818227929e+06
1.610176217270156366e-06,6.981315409100772813e+05
1.206005115904024923e-06,9.208660858203221578e+05
1.470680760298185073e-06,7.646767958567216992e+05
1.169851593301870543e-06,1.131986290149349719e+06
2.359851546893619172e-06,6.279596858615621459e+05
2.532578637814586096e-06,5.848501636384535814e+05
7.455471256641270108e-08,3.006613364622747526e+07
3.893977875479903992e-07,1.578244948278186144e+06
6.321209342288032645e-07,1.021524973400495830e+06
6.359544693490195409e-07,1.588308390380125958e+06
1.148701077172791226e-06,9.253420819062229712e+05
3.886913656065006804e-07,2.711548913856300060e+06
9.264781294950428053e-07,1.103857299872890580e+06
1.538429127977653106e-06,7.667484177580391988e+05
1.328898464205691610e-06,9.003490022634580964e+05
1.328990405158786627e-06,9.344911432050087024e+05
1.350871935651900065e-06,9.399593026840721723e+05
2.404056742336541419e-06,5.828552644714481430e+05
2.541203685746022618e-06,6.169874288348247064e+05
8.086251364074609575e-07,2.008977899481534027e+06
3.545326854910650462e-08,2.270190690139338970e+08
1.918918700415189150e-08,3.670626548262178302e+08
1.195326060781498430e-07,6.811593883739810437e+06
1.586284709441259190e-07,5.827625971174728125e+06
1.268272895356212751e-07,8.087411517644466832e+06
1.108504464050823962e-07,9.324247675129141659e+06
1.397010846223814678e-07,8.029884980745009147e+06
1.450110131297738597e-07,7.799204896373157389e+06
1.658614393511360885e-07,6.686439687833694741e+06
1.757229223788393763e-07,6.758840435904703103e+06
3.209083921774024976e-07,4.903642590315219015e+06
1.441908518307091527e-07,2.746587316224439535e+06
1.918918700415189150e-08,3.670626548262178302e+08
2.407828636345973741e-07,3.370545681914232206e+06
2.849772984661370478e-07,2.871160900350091048e+06
5.333625619947446723e-07,1.690465338323723525e+06
6.612649608892609008e-07,1.586607313270187471e+06
7.705703807591078562e-07,1.457962242701280629e+06
1.071560595883709218e-07,1.107191186738353595e+07
8.718485335844805142e-07,1.271879305256319232e+06
6.647602573006613433e-07,2.069928128800408682e+06
1.194176714720131697e-06,1.480212368201489560e+06
6.927394108637725137e-07,8.294368860261570662e+05
2.761462534173457935e-07,3.200913511347819120e+06
5.127523012022081169e-07,1.829550084510228829e+06
8.657805008515029798e-07,1.130879226675617043e+06
7.997525512893948288e-07,1.281478548873247579e+06
8.825961253286262851e-07,1.154587344154141378e+06
6.795712803222231130e-07,1.472779167251739651e+06
9.007835169573551166e-07,1.172651644540532259e+06
6.938092594399071458e-07,1.596728234324344434e+06
7.887714117708840745e-07,1.424002871011422016e+06
9.561889216957229964e-07,1.155885112272867234e+06
6.907082363083766670e-07,1.684136588461407227e+06
5.651902110751214116e-07,1.147088934421182377e+06
6.927394108637725137e-07,8.294368860261570662e+05
5.285432178289420868e-07,1.442522871661908226e+06
7.161738627357955714e-07,1.150218851965616457e+06
8.276623747929873981e-07,1.183393315959695494e+06
8.005412963419344787e-07,1.230273867478054948e+06
8.212504815887351433e-07,1.304028479846415576e+06
5.013001228817720860e-07,2.151448673046269920e+06
6.938092594399071458e-07,1.596728234324344434e+06
6.907082363083766670e-07,1.684136588461407227e+06
3.061485672824999023e-07,4.529922099012685008e+06
2.171263428304739342e-07,2.643434864426174667e+06
4.859720665683694640e-07,1.628860097074812278e+06
6.041311171638760724e-07,1.387545386712814914e+06
2.400244210074492819e-07,3.720639393441988155e+06
2.586254424474459650e-07,3.396484818803970702e+06
4.124360071752212327e-07,2.634871553539985325e+06
3.135307196554399609e-07,3.858030148581451271e+06
3.933750153398014167e-07,3.041164306461598724e+06
4.937292476958454371e-07,2.764243541812351905e+06
7.490128930799908474e-07,1.992439681281423196e+06
7.487390195352586562e-07,1.975756681067270925e+06
8.725348587901138538e-07,1.798200328177172691e+06
1.615202741174832789e-07,1.164788314233421907e+07
1.088426266964183765e-07,2.130175955348185077e+07
2.171263428304739342e-07,2.643434864426174667e+06
2.628437266154323876e-07,3.211524138134184759e+06
4.760609914933085846e-07,1.956409856658483390e+06
2.350336395068929702e-07,3.945658759159535170e+06
4.556491820363845429e-07,2.285805851785766892e+06
5.531421360599979985e-07,1.828888087351086317e+06
6.327815197129119341e-07,1.680689947622833773e+06
6.174427626049795338e-07,1.730183953517483314e+06
4.344675954120249990e-07,2.597625877335571684e+06
5.053556820348463268e-07,2.181155034323943313e+06
3.792502630150477643e-07,3.035332657797855325e+06
7.315842802003705718e-07,1.820348704059262294e+06
3.871450793585524997e-07,1.425194581799114589e+06
3.248727444150084756e-07,2.673938871591726784e+06
3.383230171682441561e-07,2.654042019893215969e+06
3.634444868206879441e-07,2.700136619033608586e+06
3.322836024317909780e-07,3.121234382271111943e+06
2.696910602445046979e-07,3.960742068347365595e+06
6.174427626049795338e-07,1.730183953517483314e+06
6.327815197129119341e-07,1.680689947622833773e+06
5.160168112278170388e-07,2.154949482921760995e+06
5.053556820348463268e-07,2.181155034323943313e+06
4.344675954120249990e-07,2.597625877335571684e+06
6.664611320631527950e-07,1.813815562935278285e+06
2.536749610909904142e-07,2.239332989273869898e+06
2.555091124972072261e-07,3.398370027756772004e+06
2.577200488652111442e-07,3.315265621247357223e+06
3.058006484408301646e-07,2.936773840645255521e+06
2.916396604003976295e-07,3.428228497322495095e+06
3.614276390387398323e-07,2.844886414767125621e+06
2.129697795402601127e-07,5.113917780281648040e+06
3.673974324609035778e-07,2.905177133979388978e+06
3.294875246896786697e-07,3.248868235508459155e+06
2.644936459895392479e-07,4.254550104904919863e+06
2.654436070474930661e-07,4.238393797461171634e+06
4.478595314201671276e-07,3.311431287362893578e+06
2.692291255537110344e-07,1.834062234364597127e+06
2.501709186484709189e-07,1.981848241754351184e+06
2.536749610909904142e-07,2.239332989273869898e+06
2.862354816341264179e-07,2.629468913457950577e+06
2.947516476766905530e-07,2.879732440530597698e+06
2.815897321085176289e-07,3.015743325819385704e+06
5.139920090812426297e-07,1.938459402767858235e+06
8.814783710104775290e-07,1.122951418604144128e+06
6.369564074716637820e-07,1.572556683151540579e+06
5.717157672140068818e-07,1.989663501069499180e+07
2.992629466599530025e-07,2.727095815111110918e+06
2.763045188319535209e-07,3.193499380875786301e+06
8.814783710104775290e-07,1.122951418604144128e+06
5.139920090812426297e-07,1.938459402767858235e+06
9.737768661754421645e-07,1.041060227983456105e+06
6.369564074716637820e-07,1.572556683151540579e+06
7.052651956349164174e-07,1.680299964373696828e+06
7.741197414297432903e-07,1.612840300536011346e+06
8.287621083884999079e-07,1.495378699184179073e+06
2.021414774953416579e-07,6.352686776578822173e+06
1.252456703199920142e-06,1.061238282611976843e+06
1.467970647501573206e-06,1.007863763523066882e+06
5.857176370151802971e-07,8.691204598104677862e+05
4.126792385070905696e-07,2.339078130558348820e+07
1.154873191870273413e-06,6.912338930781341624e+05
8.901712114352960899e-07,1.017318298526299419e+06
8.388210453698179947e-07,1.086757479620253900e+06
9.737768661754421645e-07,1.041060227983456105e+06
8.569334949287949795e-07,1.149541365758997388e+06
1.058028773080512971e-06,1.059106913986729458e+06
8.599275004965091494e-07,1.316569375812443905e+06
1.102859705552947455e-06,1.184523356295505306e+06
1.955780853613386404e-06,8.494732442423586035e+05
4.172957472965626349e-07,2.661410562301006913e+07
4.126792385070905696e-07,2.339078130558348820e+07
5.869122661085318869e-07,1.528468379496800946e+06
8.569334949287949795e-07,1.149541365758997388e+06
1.282872196939941421e-06,8.386837291472684592e+05
9.155115813541282108e-07,1.274630407802061411e+06
1.109526846806820803e-06,1.120552176712022629e+06
1.102859705552947455e-06,1.184523356295505306e+06
8.765362508068348696e-07,1.514149450164441252e+06
1.334005731457455381e-06,1.053176969515419099e+06
2.015811521070468067e-06,6.962015371019040467e+05
1.980597590109161457e-06,7.910270342079519760e+05
4.380898808365060901e-07,1.464245149411551654e+06
3.266141407033734270e-07,3.488870736051790416e+07
5.834919511689908309e-07,1.088331340020520845e+06
6.017542391615277237e-07,1.455614055888111470e+06
3.665791831094194963e-07,2.345301270639081020e+06
6.096550169655522793e-07,1.487634227048372384e+06
1.015782634713856055e-06,9.977967186935034115e+05
1.169464631711536801e-06,8.922182427005907521e+05
1.213253531244993889e-06,1.050651925482071238e+06
1.287541742799898919e-06,1.002659889401137945e+06
2.003979498092256454e-06,8.294403999508598354e+05
3.813793743373595083e-07,2.092548911506304052e+06
4.075643760443067284e-07,2.058665014610987622e+06
5.307458031838630928e-07,1.673828363279424841e+06
1.168945454204218580e-07,7.803147109021875076e+06
8.142961355801232716e-07,1.236163452656442998e+06
4.620290679225342538e-07,2.215304318978876807e+06
4.758236934796893539e-07,2.085559556943325792e+06
1.036796859625354374e-06,1.010362455127091729e+06
3.609659568547316069e-07,3.042912885214924347e+06
4.831163477293328334e-07,2.349602951266812161e+06
4.652708633450315559e-07,2.664077979630186688e+06
8.542298990801400612e-07,1.641310022311691428e+06
4.784403863527611765e-07,4.406981337334369309e+06
5.707967828747932634e-07,1.446559946853106841e+06
4.516760585441749664e-07,1.146279717675710563e+06
7.780590712870822152e-07,1.352303968099064659e+06
1.442071189743673878e-06,7.541862288702236256e+05
2.604302662007346014e-07,4.699178596756262705e+06
1.183265402927538589e-06,1.053828512742995284e+06
1.187838190115397148e-06,1.045419177441178355e+06
1.178659378887801134e-06,1.107654217714994913e+06
1.595825085184035141e-06,8.035963613185978029e+05
1.294714257183120068e-06,1.010311982186186593e+06
2.550239984577072475e-06,5.496441523238691734e+05
2.185437234018339149e-06,6.766080235282916110e+05
2.121973380363632694e-06,7.390469839522172697e+05
2.390384781332422395e-07,3.112317678184199147e+06
5.093102883376209652e-07,1.258070959282119060e+06
1.342457635167614918e-06,6.000230327883150894e+05
9.034413692493989367e-07,8.893576750087937107e+05
1.603251186113962699e-06,5.383212181784241693e+05
1.040000959145244319e-06,8.344446098657873226e+05
1.484818099700467094e-06,6.913369385974708712e+05
1.442071189743673878e-06,7.541862288702236256e+05
1.943675600738894923e-06,6.214454056943978649e+05
1.294714257183120068e-06,1.010311982186186593e+06
2.550239984577072475e-06,5.496441523238691734e+05
2.766176070800980291e-07,3.538361008542285115e+07
2.794884609908982595e-07,3.483680763598785736e+06
4.315958757103041929e-07,2.004503570707627805e+06
4.556770312353200377e-07,2.027343959674097830e+06
1.825447200331573044e-07,5.729955109593141824e+06
6.574463194626351439e-07,1.674023773828169564e+06
4.815527554749121123e-07,2.277345460524223000e+07
5.020023934407931073e-07,2.217651579485888127e+06
4.172668464217617099e-07,2.832800930193019100e+06
7.251000844754454578e-07,1.933572543709497899e+06
1.210393572328226182e-06,1.230057502431889763e+06
1.335549097516035842e-06,1.176484455397314858e+06
1.515692685693048645e-07,3.785150750864719599e+07
1.235819599290458118e-07,8.212593285819353536e+06
2.079324789778925485e-07,4.027847807853460778e+06
2.906958615146905143e-07,3.183245580446342938e+06
1.678469760219562319e-07,5.643549603178102523e+06
3.976223675738517388e-07,2.463913046760731842e+06
4.745751921141131599e-07,2.166288801351990085e+06
2.547717698241845601e-07,4.774981926508771256e+06
5.011681635023679226e-07,2.519269477947498206e+06
3.129764682468485749e-07,4.462232508303845301e+06
7.019400177409070310e-07,2.112911435916320886e+06
5.372436476666497171e-07,2.925527047938276082e+06
1.497646122692873780e-07,4.598956548809379339e+06
2.018126000439318007e-07,3.361715515482591465e+06
3.306233647215001818e-07,2.409081344355269335e+06
6.000040791729529568e-07,1.416531249491726048e+06
3.646057336192526192e-07,2.394399205469823908e+06
3.277904355063952482e-07,3.499874289822073653e+06
3.803364990468807677e-07,3.112346738011421170e+06
3.843360734648819709e-07,3.436914260041679721e+06
8.127684373891962730e-08,1.566077111858120561e+07
4.441372720409959273e-07,2.948229015516788699e+06
6.609956476334866123e-07,2.238383911678876262e+06
7.870041179848951282e-07,1.990131992483477807e+06
3.571888422943101926e-07,1.403000583262722241e+06
4.144450966010587158e-07,1.334553417744819541e+06
4.265213659055463658e-07,2.084683612138738157e+06
4.786476891783923872e-07,1.888847727292959113e+06
5.222870905231481210e-07,1.904777453755524941e+06
5.618646768259990528e-07,1.813011323296840535e+06
5.079520945865968037e-07,2.018953985400800360e+06
4.344739908284532465e-07,2.339987609825638123e+06
5.353100328321035191e-07,1.979862581013099989e+06
4.192598743377269945e-07,2.661603346227284521e+06
2.182912051626709386e-07,6.687996731755267829e+06
1.593792410496913083e-07,4.443398838982320391e+06
3.020367810558832035e-07,2.698591578836915083e+06
3.516286054938706611e-07,2.595288038793287706e+06
4.906739324880405932e-07,1.819824728120719315e+06
4.344739908284532465e-07,2.339987609825638123e+06
4.350331769433054730e-07,2.327870885827257298e+06
3.402958220733662697e-07,3.115827197238011751e+06
3.459510513263334703e-07,3.192880633495848626e+06
4.192598743377269945e-07,2.661603346227284521e+06
3.860667305267653019e-07,3.024224241578341927e+06
3.836579876021466555e-07,3.050413002856910229e+06
4.033610787650663362e-07,3.236407975689738989e+06
1.593792410496913083e-07,4.443398838982320391e+06
2.435161464240373411e-07,3.328768370651373640e+06
3.095051045777021435e-07,2.696898477005538065e+06
3.121401128316303650e-07,2.716691757099172566e+06
2.927457527312708271e-07,3.810176515391241014e+07
3.909595824929661548e-07,2.449370810780515429e+06
3.055057552598689612e-07,3.388650407060182653e+06
3.039707718261618758e-07,3.365791147790347226e+06
2.683584353378713209e-07,4.429484466339879669e+06
4.770425739585350989e-07,2.524181299008386210e+06
6.237628698325849471e-07,2.248654489135347772e+06
5.912700913659082665e-07,2.499230932373729069e+06
3.115307278715080448e-07,2.080861499201426050e+06
3.413172709256128671e-07,2.320380924697998911e+06
1.871955229746220932e-07,4.506874940772042610e+06
3.370651053481497234e-07,2.400677904400896747e+06
4.052626139354148727e-07,2.268030374000802170e+06
2.628831234697254379e-07,3.786165406874189153e+06
1.798058710139845643e-07,6.157388451023830101e+06
2.797192741123643000e-07,4.172678398442393634e+06
2.179605915508015182e-07,5.292823271090020426e+06
4.195732209892435042e-07,2.880973725996051915e+06
4.327705492116109686e-07,3.096131595750394743e+06
4.940310754977793652e-07,2.838820923543136101e+06
4.036563489849150383e-08,4.291912528732705116e+07
1.871955229746220932e-07,4.506874940772042610e+06
2.195211390337704347e-07,4.288160392782929353e+06
3.861958138572275804e-07,2.437606895286080427e+06
5.402442918081316624e-07,1.747208214682853082e+06
2.849998458964808691e-07,3.470317427200593986e+06
5.520203749370573783e-07,1.774947044522542739e+06
4.390133466376359996e-07,2.332593681561728008e+06
3.626516370171888302e-07,2.771885166615933180e+06
2.140456481716301866e-07,5.578810186034793034e+06
4.142937008905543083e-07,3.067310864947692025e+06
4.749339529867088598e-07,2.682209838216229342e+06
4.038928260194095546e-08,1.168956369690357000e+08
4.286051575675142246e-07,2.035493025565503864e+06
3.861958138572275804e-07,2.437606895286080427e+06
5.402442918081316624e-07,1.747208214682853082e+06
9.114618511328224703e-07,1.037496214977644733e+06
5.291139845546388189e-07,1.786366834708392620e+06
9.318330973809817725e-07,1.049478262174820062e+06
6.176030861853555804e-07,1.627623950621216791e+06
4.598787133457018887e-07,2.314609131708386820e+06
8.391661745653268959e-07,1.475508615617850330e+06
2.428715594011373281e-07,6.319158436214235611e+06
1.321547670909586003e-06,1.119632860622796463e+06
5.411527135724172355e-07,7.762143789984121686e+05
8.929650786831849264e-07,6.074595033785756677e+05
9.598436830159861225e-07,9.756981530195715604e+05
1.426557223005789227e-06,6.651323839518498862e+05
8.814329483296696953e-07,1.120318750617173733e+06
1.099980373262176295e-06,8.952111151739521883e+05
1.140618004843238469e-06,9.306933459492425900e+05
9.577486683514967517e-07,1.114372419531605672e+06
1.811702056088781120e-06,5.817413655526791699e+05
9.695117946845601697e-07,1.147385763258595020e+06
2.781400013684692100e-08,6.820973367903065681e+07
9.534852037367461470e-07,8.753578636820507236e+05
6.571277663545372384e-07,1.259071276906404411e+06
9.855584683655642199e-07,8.507728905466551660e+05
1.182972400012279842e-06,7.553432719173290534e+05
1.099980373262176295e-06,8.952111151739521883e+05
5.831690924511706057e-07,1.875101557898281142e+07
1.140618004843238469e-06,9.306933459492425900e+05
1.289162877960735889e-06,8.741773304818241159e+05
1.297245643526791307e-06,9.067089590431116521e+05
1.078318626073834303e-06,1.109622257147870958e+06
1.089231254213568097e-06,1.147078076511492487e+06
2.151212229066861859e-06,6.883797217322579818e+05
2.122309310722633125e-06,6.975984931234950200e+05
1.510962197229196899e-07,2.297121332663985435e+06
2.857731540998294008e-07,2.420763610550311394e+06
6.168959683438744756e-07,1.512308309689055197e+06
7.838786334286197609e-07,1.291277016213643132e+06
1.289162877960735889e-06,8.741773304818241159e+05
1.078318626073834303e-06,1.109622257147870958e+06
8.814694101152281867e-07,1.473463173972109798e+06
1.545209307443720147e-06,9.072832920528310351e+05
2.151212229066861859e-06,6.883797217322579818e+05
2.670444733109652907e-07,8.520487164863025770e+06
1.399363044422668259e-07,1.065077526278345659e+07
2.420877855049487699e-07,2.670624589461262804e+06
1.492274388768218692e-07,5.465939012902676128e+06
1.428489698601848585e-07,5.019346121675645933e+06
2.033000076351258969e-07,4.968051813709457405e+06
4.900099740636993559e-07,2.044488696988872718e+06
3.676497180112061625e-07,2.687017186651181895e+06
2.736691543028281916e-07,3.978794392131341156e+06
2.775155621496305482e-07,4.165070501112039667e+06
2.860962528831742125e-08,3.800308249263184518e+07
2.607682765317134098e-07,4.926327439024639316e+06
2.907068569626079633e-07,2.042037149569018278e+06
2.420877855049487699e-07,2.670624589461262804e+06
2.199602180457397152e-07,3.836837195733367465e+06
1.639733984996389769e-07,5.850877955273374915e+06
2.785754400670714298e-07,3.338062417849242687e+06
4.045068614482764203e-07,2.322678675404404756e+06
3.807924487580318569e-07,2.486477371053181123e+06
2.802941454928142822e-07,3.696469758305222727e+06
3.078383908107695266e-07,3.669557487935686484e+06
3.567598011786894278e-07,3.280521781674603000e+06
5.569928671069737868e-07,2.662103387775173876e+06
4.721821267403192000e-09,4.892578465413120985e+08
5.357264909045897952e-08,1.329422126031518541e+07
2.199602180457397152e-07,3.836837195733367465e+06
2.431779362717881119e-07,3.670368100699228700e+06
4.158092199779164137e-07,2.165799545365863945e+06
2.785754400670714298e-07,3.338062417849242687e+06
2.682850687800991647e-07,3.521469107588479295e+06
1.950587592605410074e-07,4.968614181920520961e+06
2.291315079959272591e-07,4.437718782374759205e+06
3.718321691606191469e-07,2.999306040531421080e+06
2.931156592303412889e-07,4.043927905684481841e+06
3.016965383210435889e-07,4.208470231213217601e+06
5.520382729820758240e-07,2.688235333159666508e+06
2.142816022686978014e-07,3.058512488633162342e+06
2.370128148138469307e-07,2.971451061862294562e+06
2.034183520566226522e-07,4.390003929656060413e+06
2.431779362717881119e-07,3.670368100699228700e+06
6.734608929480094156e-08,1.205296169705900364e+07
2.682850687800991647e-07,3.521469107588479295e+06
3.143404690947936293e-07,3.127883630291183013e+06
5.402040531844019493e-07,2.069651897723653587e+06
7.565902184707059205e-07,1.548585956812997116e+06
4.796093960374400447e-07,2.641703127280589659e+06
1.177780375887051270e-06,1.332142984351793304e+06
6.053767073872971903e-07,2.887823812893579248e+06
2.740295011920608189e-07,2.658692362612054218e+06
3.808772281946762389e-07,1.915690989892939106e+06
7.195462137701351488e-07,1.216662830528716091e+06
8.589733900322243992e-07,1.041470568559174309e+06
1.342752572581346653e-06,6.847134792087635724e+05
9.497357616985313510e-07,9.400346413958611665e+05
8.635729054220523235e-07,1.008025063230825006e+06
1.455252621929309323e-06,6.447477655124595622e+05
9.930102403119380342e-07,1.265002964189324994e+06
1.198748405902917847e-06,1.032028658837148687e+06
1.973555909080034536e-06,7.941930818899084115e+05
4.860250442996396524e-08,4.307131101754420251e+07
6.105042603988365958e-07,1.207392455724697094e+06
9.880182529490564124e-07,8.336138202290716581e+05
1.752120605921549102e-07,4.929702793242230080e+06
1.342752572581346653e-06,6.847134792087635724e+05
9.230897966878542182e-07,1.016649377240715432e+06
1.719143218590441098e-06,5.321372431423669914e+05
1.905011935169071550e-06,4.943275143088733894e+05
1.455252621929309323e-06,6.447477655124595622e+05
1.175022141601716463e-06,7.834299582379683852e+05
1.315809790149488299e-06,8.517428941145100398e+05
1.859463904599123003e-06,6.817511762988659320e+05
1.671767109767878819e-07,1.106513843754135258e+07
4.786593174506531693e-07,2.408540669283320755e+07
1.195689497431013943e-06,7.381384426827171119e+05
8.924122216225500439e-07,1.092709015882597538e+06
1.329568747651861489e-06,7.864382429137432482e+05
1.019285513280515494e-06,1.099323022937489441e+06
1.394839009036161656e-06,8.183546857980354689e+05
1.319202646777691730e-06,9.057494058740573237e+05
1.022997811002801339e-06,1.205576139815483475e+06
1.258155821718438965e-06,9.875030956711905310e+05
2.409689114323197374e-06,5.519158910441747867e+05
1.613387135847218136e-06,8.258405731943137944e+05
2.561545580316313143e-06,5.776600655907649780e+05
5.512593659133952262e-07,2.057560728595864400e+07
1.229267241857084362e-06,7.029908238397422247e+05
2.049500394694779174e-06,4.412577968455784721e+05
2.130574414185796806e-06,4.254220951695538824e+05
2.009651415737702220e-06,4.716431814270447358e+05
2.193882501963579408e-06,4.457183446648313547e+05
1.329568747651861489e-06,7.864382429137432482e+05
1.332137571400819107e-06,7.718830731737004826e+05
1.565979738684181652e-06,6.767957695635367418e+05
1.201493441642788405e-06,9.309786849470244488e+05
1.956801648178530929e-06,6.197852833396581700e+05
2.401081729665964702e-06,5.841415455247112550e+05
1.348437157904531324e-06,6.208317192506263964e+05
1.274533016837598853e-06,6.485780323421664070e+05
1.672873384752791761e-06,4.975634574267292628e+05
1.485100715430419716e-06,5.804046075661259238e+05
2.130574414185796806e-06,4.254220951695538824e+05
2.009651415737702220e-06,4.716431814270447358e+05
1.595337951311516823e-06,6.191646874551170040e+05
1.616714316060332637e-06,6.258955954342995537e+05
1.593662172841727433e-06,7.106675838010101579e+05
1.652096365518127380e-06,7.134588178018712206e+05
1.883551553350149203e-06,6.452548399605068844e+05
2.818759000968280574e-06,5.252721168053316651e+05
8.771813498985354558e-07,9.618550645361187635e+05
1.099910323547849807e-06,7.544123567042527720e+05
1.114232683503537301e-06,9.779470356833155965e+05
1.092808695337549651e-06,9.570659132682147902e+05
1.050241312808614981e-06,1.007662674494537874e+06
9.788089406436413652e-07,1.116468289356277557e+06
1.237707179930559840e-06,9.022729828323505353e+05
1.124461786846306053e-06,1.051109966867858544e+06
1.315560819214823664e-06,9.036507610665225657e+05
1.268018063944620417e-06,9.843880678703015437e+05
2.226512287855546880e-06,5.972828074397870805e+05
2.026198349079899366e-06,6.918544577012428781e+05
1.929382237447518791e-06,7.279074287495949538e+05
2.392780153025364496e-06,6.181732040136313299e+05
5.940947880618786145e-07,1.233835034032752970e+06
7.785495772953280898e-07,9.729542286925240187e+05
7.329372968723277686e-07,1.028290947603153298e+06
7.583900987745174921e-07,1.088923194817013107e+06
1.099910323547849807e-06,7.544123567042527720e+05
8.553056162685676043e-07,1.053858017977076583e+06
8.367282718645146786e-07,1.333839138115149178e+07
8.825815143024932452e-07,1.423640492370624095e+06
5.652796489323784886e-07,2.463075906521048397e+06
2.239663840080625716e-06,6.279853713692550082e+05
1.824112396218342968e-06,7.723888152965588961e+05
1.884782575433472013e-06,8.349867048633418744e+05
4.557244260963036443e-07,1.136157496690688888e+06
4.012060505371158694e-07,2.408917699487912469e+06
7.583900987745174921e-07,1.088923194817013107e+06
8.687582456806760915e-07,1.050885408376184525e+06
8.553056162685676043e-07,1.053858017977076583e+06
7.272770476439960461e-07,1.285206546569884755e+06
8.541934974394318330e-07,1.108963549202414462e+06
6.110714274724761097e-07,1.621230943553071702e+06
6.541195123731345967e-07,1.513689952278109267e+06
9.437119048046633495e-07,1.345448459261690266e+06
2.307068733704906677e-07,5.871612405717127956e+06
2.676499411639425806e-07,1.920363546756343218e+06
2.319836581219030211e-07,2.455625331526629627e+06
2.607970822084014541e-07,2.468935313888743054e+06
2.258308914455960358e-07,2.869313995364920236e+06
4.058435633272263975e-07,2.638120170588131063e+06
4.496040536868641926e-07,2.438600560722872615e+06
7.138848376338114683e-07,1.590834058788243448e+06
6.060499780139267339e-07,1.941450406854816247e+06
4.890464998657886993e-07,2.687535122785429936e+06
1.256523297561302556e-06,1.114151625713908114e+06
9.697047062600494172e-07,1.616993459589083446e+06
1.601201493880727687e-07,1.092198319723731093e+07
2.319836581219030211e-07,2.455625331526629627e+06
2.258308914455960358e-07,2.869313995364920236e+06
2.751068715393250532e-07,3.585773149304706603e+06
3.199047427568387039e-07,2.907463686978498474e+06
3.132643228693937653e-07,2.994248268485859502e+06
3.165913712079321376e-07,2.952677536440589000e+06
2.188055934737243912e-07,4.911469755457828753e+06
2.855229164856340267e-07,3.622859201764688827e+06
2.995074218964669829e-07,3.993022375670101028e+06
2.842146007555227229e-07,4.414638406299350783e+06
2.475935108253285049e-07,5.160786318480967544e+06
5.467786389852396199e-07,2.864603565282465890e+06
2.889206534278537675e-07,2.163064284290001728e+06
2.196100358480332009e-07,2.951356225442482159e+06
3.747995664694413907e-07,2.536126584379619453e+06
3.165913712079321376e-07,2.952677536440589000e+06
3.729504504257324232e-07,2.553195361707134172e+06
5.047096102957370396e-07,2.037485233163525583e+06
5.619095514988711645e-07,1.793737987507276936e+06
3.229654924549038537e-07,3.128415306746425573e+06
7.018425034064295068e-07,1.599813022002265323e+06
2.722922279677317444e-07,4.114158059727316257e+06
4.320519369368297052e-07,2.787602074788673781e+06
9.820307705445226478e-07,1.432463508311021142e+06
3.435808690984716424e-07,2.912289392503660545e+07
2.889206534278537675e-07,2.163064284290001728e+06
2.433366225974975529e-07,3.323625629341797438e+06
6.965192481721572937e-07,1.426079239627677249e+06
5.047096102957370396e-07,2.037485233163525583e+06
5.619095514988711645e-07,1.793737987507276936e+06
7.569457394510136117e-07,1.349805698202532018e+06
6.109774301760876978e-07,1.742802420251608593e+06
6.040119064931839266e-07,1.844494534507133998e+06
9.885990519027427245e-07,1.197091706940815784e+06
5.885671088353704419e-07,2.029339195704645943e+06
1.709479829952821745e-06,9.170538764210342197e+05
4.481150803192968633e-07,2.524911914154963568e+06
5.954794633270421673e-07,9.652926732405080693e+05
7.211467808617458448e-07,1.231059497451530769e+06
1.204039492290273887e-06,7.844858944912682055e+05
1.255949338459512992e-06,7.470361481029894203e+05
8.827769545991263976e-07,1.120811343606203794e+06
1.206532313420628321e-06,8.578302125872824108e+05
1.962857185926988511e-06,6.452903302135035628e+05
1.811649920095097634e-06,7.409390771826052805e+05
1.948932039213370941e-06,7.204212501283385791e+05
1.056272088212157956e-06,1.075648310073675960e+07
7.536573136875642055e-07,1.140338201540510403e+06
9.690761578101660255e-07,9.466377524129621452e+05
1.207448466769434694e-06,7.873529639605524717e+05
1.458324057334110873e-06,6.441975274335769936e+05
1.480791501805760690e-06,6.688148419189245906e+05
1.271568336710955565e-06,7.888353954441895476e+05
1.205476933538031103e-06,8.287751210243840469e+05
1.924383612660365524e-06,6.307831802303013392e+05
2.222388791761621313e-06,5.701085048438538797e+05
1.997612557188039478e-06,6.320900333493968938e+05
2.422518480789784751e-06,5.500642505896004150e+05
1.017280618199672115e-06,7.696798243387690745e+06
1.112980636205294563e-06,3.318726243212121539e+06
8.421466266713873218e-07,9.676919779340202222e+05
5.150510083230546603e-07,1.552174397746617906e+06
1.424683586052802189e-06,6.259260803834026447e+05
1.113817101812019275e-06,7.688773761238505831e+05
1.346160666043341153e-06,6.585345640378666576e+05
1.336278255552146283e-06,7.140519195671501802e+05
2.202036214553447643e-06,5.234874303372086142e+05
2.102872034604955804e-06,5.727781204998247558e+05
2.441157898162693405e-06,5.186280080036314321e+05
4.462760654397094833e-07,1.012267428224188392e+06
1.029518021953698845e-06,6.737089450732357800e+05
1.480552157629961586e-07,4.416697908967506140e+06
7.871962676949334305e-07,1.007288781979165389e+06
1.074187865262938664e-06,7.959518188240850577e+05
1.340603410101777794e-06,7.250851833891677670e+05
1.438735365544507453e-06,8.244802894875202328e+05
1.213136964870442947e-06,9.934797528173340252e+05
1.410236091029758400e-06,8.751594631687372457e+05
2.578103218723924713e-06,5.434860781822234858e+05
2.434472875481134316e-06,6.085336871473793872e+05
5.007079928813778139e-07,1.401348916124184150e+06
9.985289154414198021e-07,7.813599456499841763e+05
1.077450945169647243e-06,7.387344770666519180e+05
9.849334647489902980e-07,8.070269074994784314e+05
9.191624744915515969e-07,1.014478191761072841e+06
1.032170358000359657e-06,9.936490000284721609e+05
1.605106602948373147e-06,6.659158698547327658e+05
1.156101957474710339e-06,9.559048505289303139e+05
1.438735365544507453e-06,8.244802894875202328e+05
1.418959883341364807e-06,8.764404010035789106e+05
2.568720027147811465e-06,5.760991784564825939e+05
2.407953268750071347e-06,6.156456691945793573e+05
6.248603651720066088e-07,9.197100822028616676e+05
4.695665335943682190e-07,1.627774246512770653e+06
6.326141225900383553e-07,1.561161304884435376e+06
8.820073689106527741e-07,1.100198419914285652e+06
7.984372999118768571e-07,1.228666487861752277e+06
8.491718236035665832e-07,1.231822380288994871e+06
9.143655311565700064e-07,1.139674474890441867e+06
9.441548356251319773e-07,1.135870667844114592e+06
7.291583161158931969e-07,1.493467746938524768e+06
1.359698352263412672e-06,9.301889608855593251e+05
1.627362163674838501e-06,8.623829791899422416e+05
1.557938667672190228e-06,9.001320854779474903e+05
3.772367146579941986e-07,1.611942573184018489e+06
3.548082737581976347e-07,2.462377010466293432e+06
4.193993657316946243e-07,2.120002049799079541e+06
2.434047438737477532e-07,3.727549081874860451e+06
6.635956657615623838e-07,1.430477863009969704e+06
4.824676147691462350e-07,1.958503213316645240e+06
8.346202481601565577e-07,1.258277959222531645e+06
8.002492010153775085e-07,1.350571327316443902e+06
4.681829151672952939e-07,2.376880738336218055e+06
7.537222366749164480e-07,1.604790988907876890e+06
1.623064038651803248e-06,8.648859247270742198e+05
1.346917828592178365e-06,1.041783536023089895e+06
1.403545400000980581e-07,3.774421970762803685e+06
2.639474261458914836e-07,3.090136145149399526e+06
4.331235795429212946e-07,1.979320075922459131e+06
2.930870156967598369e-07,3.133649823239442892e+06
3.305365654389849635e-07,2.792954872062235605e+06
3.340803175566809812e-07,2.837773098471992649e+06
3.268158662377165640e-07,2.935199753589061089e+06
1.318160147154394356e-07,7.726595655815527774e+06
2.460144412772131116e-07,4.419820213465791196e+06
4.871882539784449467e-07,2.381112050595886540e+06
4.764095596813431425e-07,2.794892224768477958e+06
1.993647157517229048e-07,2.450438367712051608e+06
1.356352885316646302e-07,3.722013879444351420e+06
3.305365654389849635e-07,2.792954872062235605e+06
3.268158662377165640e-07,2.935199753589061089e+06
4.091050475820172174e-07,2.305786588621289469e+06
4.299261280933441117e-07,2.256332697490816936e+06
2.680993709661300309e-07,3.728042918983768672e+06
5.261736536002574907e-07,2.392065925353496335e+06
5.560235518825564922e-07,2.474948563246321399e+06
5.407968893792876056e-07,2.844077196426209528e+06
9.954240004711684895e-07,1.667900171025285032e+06
1.114577538157299453e-06,1.493883790362083819e+06
3.420163491837557301e-07,1.410840728926654719e+07
4.404201960284126535e-07,1.621015476764640072e+06
6.714022363362313181e-07,1.479527009445522446e+06
4.299261280933441117e-07,2.256332697490816936e+06
6.017895652170673875e-07,1.723962031847434584e+06
8.486325410442913550e-07,1.200490429085523356e+06
8.211073201530000291e-07,1.243389693505856441e+06
7.131628653115650603e-07,1.489375224940446904e+06
7.207644340199277147e-07,1.526182683455104940e+06
6.628441351491672032e-07,1.964134481940177735e+06
6.552759410801446380e-07,1.988848339417235460e+06
1.168573601043799413e-06,1.340902060500999913e+06
1.965574307191294924e-07,4.696061636064313352e+07
1.640041866623414932e-07,2.809230006293422543e+06
9.652734741302597337e-08,5.556611222331088968e+06
4.237352223436551238e-07,2.156945986301048193e+06
8.486325410442913550e-07,1.200490429085523356e+06
6.017895652170673875e-07,1.723962031847434584e+06
8.211073201530000291e-07,1.243389693505856441e+06
7.932475059973479846e-07,1.344934981259319466e+06
7.207644340199277147e-07,1.526182683455104940e+06
9.652734741302597337e-08,5.556611222331088968e+06
1.514333162592652294e-07,1.065076340749320388e+07
1.783769082771488034e-07,2.803985198706721887e+06
2.294376938260308093e-07,4.016145291007615160e+06
2.856075979778423028e-07,3.352559101699880324e+06
4.801184559323907811e-07,2.190344490365440957e+06
4.347736678559233346e-07,2.601504244787336327e+06
3.605487072606176423e-07,3.331765712313394994e+06
7.125551265146490900e-07,2.200251593427414075e+06
9.534499051573486823e-07,1.649003551488914527e+06
8.841043527987561388e-07,2.006348199484364130e+06
2.961636433426613617e-07,1.714907931692129467e+06
4.492141132411453314e-07,1.702003661633565091e+06
4.880075001077106394e-07,1.814402106803271221e+06
5.061324452581397179e-07,1.870324378201994346e+06
5.034265181107324821e-07,2.002886332972993143e+06
7.565093474940483806e-07,1.381452078721654136e+06
5.969466849588573868e-07,1.800509927513912320e+06
7.585116836039285070e-07,1.624141368209896144e+06
8.117464178382399236e-07,1.518932033059402136e+06
1.245093229828578906e-06,1.069354663849091390e+06
9.995915429144933523e-07,1.331350033698214917e+06
1.404071862993792870e-06,9.989425420317791868e+05
5.996506898531758526e-07,1.196290572801781818e+06
4.932021276666927330e-07,1.635060632378268288e+06
7.301141620736634124e-07,1.532485857262386009e+07
6.838298415247078554e-07,1.091247313195933215e+07
8.227173060496723076e-07,1.167531579911051551e+06
1.219006236768725452e-06,8.105289091807265067e+05
1.284060129328611954e-06,8.529026180152898887e+05
1.263770898498810260e-06,9.516898294966495596e+05
9.033918133138499041e-07,1.451624831192799145e+06
1.843597333667107881e-06,6.870227664169776253e+05
1.398653648042245813e-06,9.507321818645211169e+05
4.602041435981682074e-07,2.987086423471319024e+06
5.157136876492368683e-07,8.872569967273649527e+05
6.069481328374865340e-07,1.342773681638414506e+06
6.817774277957315942e-07,1.668611766570463032e+07
1.245205309618949257e-06,6.857929825048143975e+05
9.413234149466692318e-07,9.007932446488193236e+05
1.367195423958159680e-06,6.163972210023229709e+05
9.956950058039916445e-07,9.060734601668569958e+05
1.260923336614301138e-06,7.513136031893570907e+05
1.305034010296590619e-06,8.790743186616421444e+05
1.791153626867141529e-06,6.741548922823294997e+05
2.252258270135718392e-07,4.318864785243856162e+07
3.465557623657658004e-07,1.466423843419996556e+06
2.066844234656262920e-07,2.736748427768338472e+06
5.879073830633739574e-07,1.324454566245549824e+06
4.219463019990031701e-07,2.202057080336492974e+06
7.958569378398560773e-07,1.305554319998832420e+06
7.709100761381620026e-07,1.602076994079354452e+06
7.158674104206643471e-07,1.952261639007765334e+06
1.347503565375391798e-06,1.099178328336444683e+06
1.827210276544565168e-06,8.598524165244493634e+05
1.656076689364895385e-06,1.009116911403812468e+06
2.851640052666885517e-07,1.897055385843020631e+06
2.066844234656262920e-07,2.736748427768338472e+06
1.488980682684456218e-07,4.039300432644572109e+06
4.535849274898543418e-07,2.229425397381875664e+06
4.043666691095261784e-07,2.548386687689539045e+06
3.086631963244603236e-07,3.506785221261588857e+06
4.810649859772192364e-07,2.203284697447998915e+06
3.389310947807216788e-07,3.277193152369780466e+06
4.440655363158918702e-07,2.514842328522091731e+06
3.731487103476002543e-07,2.999872869621552061e+06
4.048419018323713144e-07,2.854979910875013098e+06
2.932683550379068354e-07,1.910920907696023816e+06
2.411282200514909121e-07,5.014461515785473399e+06
1.939401289408929487e-07,3.336997214130123146e+06
3.231760901358962360e-07,2.607339625363751780e+06
2.499470521560401297e-07,3.747000819562814664e+06
4.043666691095261784e-07,2.548386687689539045e+06
4.535849274898543418e-07,2.229425397381875664e+06
2.431241053464922051e-07,4.159917045320876874e+06
4.810649859772192364e-07,2.203284697447998915e+06
4.440655363158918702e-07,2.514842328522091731e+06
3.356202608186541941e-07,4.272844756672597490e+06
9.615891377400818188e-08,1.524847064494162239e+07
1.988467594443524581e-07,3.405902489528704900e+06
5.716660597984629870e-08,1.994075461046979576e+07
2.499470521560401297e-07,3.747000819562814664e+06
1.968818229618882775e-07,4.758866486299648881e+06
2.431241053464922051e-07,4.159917045320876874e+06
2.537721867079381372e-07,4.315294766556195915e+06
2.136891074542135759e-07,5.358295538756250404e+06
2.477747870236998248e-07,4.603794743701336905e+06
2.006330305484409131e-07,5.947459492644524202e+06
3.924880253244937413e-07,3.771544456931455527e+06
4.450381147880948143e-07,3.733674323492545635e+06
1.498868310852714617e-07,1.733543377576914802e+07
9.076025897495160779e-08,1.798627172906686366e+07
2.013924807407263967e-07,4.454834898592759855e+06
2.555387123654914447e-07,3.736624767011133023e+06
3.512695536569798383e-07,2.844335492899507284e+06
2.570657751308694870e-07,3.987020239616264589e+06
3.482515248893505356e-07,3.316637869378369767e+06
2.751582761494393527e-07,4.425656254336523823e+06
3.502429422773999779e-07,3.740602889690914191e+06
3.906240131321487718e-07,3.253950290680410340e+06
2.992528249970237513e-07,4.458854652956988662e+06
6.353149613611604879e-07,2.462913209761795588e+06
3.577032326247120555e-07,1.646520418155270861e+06
2.740819948465981648e-07,2.691317734683961142e+06
3.108271466134043808e-07,2.410818279913438950e+06
2.024678604325770579e-07,4.574668532142224722e+06
3.124693204989613936e-07,3.095672854453898966e+06
3.163637564284940907e-07,3.124683307444619015e+06
4.160477273481574709e-07,2.397905291245692875e+06
3.751263428543758395e-07,2.690191486966632307e+06
4.441356190812632243e-07,2.307240249145242386e+06
3.472310595593577909e-07,3.049918368612699676e+06
2.710458710489457848e-07,4.761335168818206526e+06
3.518829845449066413e-07,1.362017344484894071e+06
2.095024422958901358e-07,4.068123595675690100e+06
2.887301299980075804e-07,3.067907115635262337e+06
3.124693204989613936e-07,3.095672854453898966e+06
7.509098453943611882e-07,1.391709133301188238e+06
3.751263428543758395e-07,2.690191486966632307e+06
3.045186528850474255e-07,3.548367908481147606e+06
4.325546547419654320e-07,2.679581139657218009e+06
6.218663744635696158e-07,1.884354655229767552e+06
6.118452664609506672e-07,2.152281379571954254e+06
9.703719213777980358e-07,1.446425959008160746e+06
1.308242333378198053e-06,1.071791519481506431e+06
6.690420982411036151e-08,3.308502762412967160e+07
3.104487917069189664e-07,2.282760387657620944e+06
8.163046049907638463e-07,9.021049647189938696e+05
4.615801573887499220e-07,1.749787628932682564e+06
1.008912719805090062e-06,9.624651948311731685e+05
4.834557685247453450e-07,2.193666319876377471e+06
6.419082969625726566e-07,1.572841303444337565e+06
7.275596081450418378e-07,1.560005403489747318e+06
4.500845741457886504e-07,2.632633282140695956e+06
7.150679046267432658e-07,1.664212109453312587e+06
7.276296480483393282e-07,1.681374359961192124e+06
1.228929765952192804e-06,1.044683744253198733e+06
1.315484150866951818e-06,1.124633553498361493e+06
1.820292017128547534e-06,8.618167057548346929e+05
4.749741071476821991e-07,1.385135675676834537e+06
7.534775826460683037e-07,9.947710944851351669e+05
1.091440893960671147e-06,7.166271645296311472e+05
9.206326069355146799e-07,1.146476107159267645e+06
5.145195017202320296e-07,2.138232106734327041e+06
1.164155974804738022e-06,9.442833446267585969e+05
1.500772606947196328e-06,7.565353570628927555e+05
1.446461582113484857e-06,7.773825161909477320e+05
1.405753340289155122e-06,8.494760002458333038e+05
1.120120923240699725e-06,1.046883164927795995e+06
1.843963254447653049e-06,7.608657726375088096e+05
2.332250250652002602e-06,6.350496201298617525e+05
2.685003098582449643e-06,5.511131801060989965e+05
7.378541901264797125e-07,7.784865109215970151e+05
6.659837759279538900e-07,1.033169962115774048e+06
9.314467331443938126e-07,7.903175940714261960e+05
6.477701514938065512e-07,1.127614079437844222e+06
1.068455918168242755e-06,7.589464840004042489e+05
1.419074400349582343e-06,7.261379426611395320e+05
1.164155974804738022e-06,9.442833446267585969e+05
1.446461582113484857e-06,7.773825161909477320e+05
1.343444738068338406e-06,9.317127951167766005e+05
2.332250250652002602e-06,6.350496201298617525e+05
2.675288255360574612e-06,5.533191831700209295e+05
2.418516684751579291e-07,3.983611495467547327e+07
2.180685541360757260e-07,2.406572315519296378e+07
4.676112049033646779e-07,1.630511702453587437e+06
5.104006237050266571e-07,2.011387786463939352e+06
4.975796525851793763e-07,2.275269010889939032e+06
5.636870668578149205e-07,2.053183566032887669e+06
5.185128192341095412e-07,2.169434138970003929e+06
4.147342388421974773e-07,3.130686049587784335e+06
8.498424421532151404e-07,1.656031221119607333e+06
8.809790545009393623e-07,1.681083870839800686e+06
7.870424745327108391e-07,1.891184643171491101e+06
1.298324220154573246e-06,1.214541170000965241e+06
2.418516684751579291e-07,3.983611495467547327e+07
1.749541917893897587e-07,5.620983906020497531e+07
4.676112049033646779e-07,1.630511702453587437e+06
4.395863760240185362e-07,1.829484098011428956e+06
4.428288747619007831e-07,2.021149187117068563e+06
6.044547700635772686e-07,1.573338551464337856e+06
6.037185906461091380e-07,1.628900133505603764e+06
5.998344845178819841e-07,1.697956601692291442e+06
5.724869458786088486e-07,1.869368777632634388e+06
3.394377031499201794e-07,4.552384801963588223e+06
2.931251795857355254e-07,1.868088693471506936e+06
4.395863760240185362e-07,1.829484098011428956e+06
2.928497718341095488e-07,2.763062886264126282e+06
4.099867689277703900e-07,2.061514230599137023e+06
3.638247524795012924e-07,2.805062579012575559e+06
3.428744858462707394e-07,3.010492134012093768e+06
5.998344845178819841e-07,1.697956601692291442e+06
5.724869458786088486e-07,1.869368777632634388e+06
4.057423609911625550e-07,2.817172623217316344e+06
4.881435607308912559e-07,2.445475677973239217e+06
4.533164366169732145e-07,2.895885154345563613e+06
8.734613989413469192e-07,1.793205016563985497e+06
2.338439844369135248e-07,2.268567862329662312e+06
1.585622994543240546e-07,4.253509263700793497e+06
2.195105155236307655e-07,5.084946279503100365e+07
2.366595777557269550e-07,4.342375926742421463e+06
2.572017201147977327e-07,4.110554741613806225e+06
3.248261817377779736e-07,3.453050394975282252e+06
2.772763460657718290e-07,3.987252201248383150e+06
2.990091917207479107e-07,3.974970480740291998e+06
3.489946705767027031e-07,3.313514002187263221e+06
2.702517993946104575e-07,4.299729124215236865e+06
5.164738114589245939e-07,2.467184921547224279e+06
5.084064306644805169e-07,2.907274919332738966e+06
3.468533380830970002e-07,4.502087108898459934e+06
2.338439844369135248e-07,2.268567862329662312e+06
3.609149805917598020e-07,1.508389254254004220e+06
1.585622994543240546e-07,4.253509263700793497e+06
5.203627728319006829e-07,1.452359551785390591e+06
7.889831555999679135e-07,1.315297953609911259e+06
6.831232028266070258e-07,1.665430184407648165e+06
6.390317148117697969e-07,1.875734531078396365e+06
5.729863775245419716e-07,2.155696229879669845e+06
4.717752883198598242e-07,2.665058476639678702e+06
1.708321361034792567e-07,8.141160527666511014e+06
9.573059888198517052e-07,1.545681247250986518e+06
1.219199817972628435e-06,1.285525387116194470e+06
6.068091382360850911e-07,1.835005342673374340e+07
8.099949020434428474e-07,7.893288219806703273e+05
9.414538289467650604e-07,7.975389481566187460e+05
8.416297525808843427e-07,9.304058635542026022e+05
6.961230816857357141e-07,1.404172730108381249e+06
1.143392534920319671e-06,9.556144408945363248e+05
1.431253035641856957e-06,7.584159085936574265e+05
1.282103937590836358e-06,9.302706990684841294e+05
1.188852356289504987e-06,1.042890595504967612e+06
2.480321358824341749e-06,5.969102829656492686e+05
2.118000584418784406e-06,6.986169955679131672e+05
6.087830582191231399e-07,3.220551852920120582e+06
7.000406076490134711e-07,1.596192449324896745e+07
7.919208460748702067e-07,9.749640153109579114e+05
1.437897191677673480e-06,5.933186723689630162e+05
1.513055696199868199e-06,6.216795023354460718e+05
7.931440145927859192e-07,1.160334160364225740e+06
1.380795856102238126e-06,7.410465593956627417e+05
1.041556335839701676e-06,9.816033219662141055e+05
1.431253035641856957e-06,7.584159085936574265e+05
8.874244903341989372e-07,1.351832983895131620e+06
1.282103937590836358e-06,9.302706990684841294e+05
1.928093229509275716e-06,6.579052285000679549e+05
2.480321358824341749e-06,5.969102829656492686e+05
7.436430242880454832e-07,8.513671442343229428e+05
7.614030424116824164e-07,1.088375213921547635e+06
1.198599798884106687e-06,7.268157453957023099e+05
7.165576372332868596e-07,1.200238351343983784e+06
1.170865859484149013e-06,8.097960672583109699e+05
2.764041137128211633e-07,3.635799087294186931e+06
1.234039892598357663e-06,7.924965602982830023e+05
9.861337305137796210e-07,1.109153188206831226e+06
1.051948752659935935e-06,1.101663282187000616e+06
1.910800957502570444e-06,6.020249259270871989e+05
9.381550679541977859e-07,1.393624116374107543e+06
1.782094232159522023e-06,8.302167451866335468e+05
2.911816856047655517e-07,2.371539936397742014e+06
7.701499978826612044e-07,9.875784030496641062e+05
8.360703549566820590e-07,1.334783283440836333e+07
6.582969277646085765e-07,1.414720504201165633e+06
8.448160988216034274e-07,1.095969947796573630e+06
1.062275459042673730e-06,9.266221036195175257e+05
1.101647451140798514e-06,9.244331673231351888e+05
1.088823889860701734e-06,9.502501808474799618e+05
9.504308103601030291e-07,1.124256823806319619e+06
3.476201100999236436e-07,3.368890936132309958e+06
1.806734556134012248e-06,6.640708460638106335e+05
1.652841549432541745e-06,8.968705927039473318e+05
4.375960114271262997e-07,1.481932945987233147e+07
9.052017647224015508e-07,8.686830475166314282e+05
4.941014921447634064e-07,1.610349628765638685e+06
5.522426536721486114e-07,1.458137633810006082e+06
9.532721789211589428e-07,9.988079621158848749e+05
1.062275459042673730e-06,9.266221036195175257e+05
1.101647451140798514e-06,9.244331673231351888e+05
9.857584960667679587e-07,1.034602816492599668e+06
4.699788592959622790e-07,2.319280125340119936e+06
1.041262527689328121e-06,1.059676986006447580e+06
1.868176774918997913e-06,7.089026602987709921e+05
5.550574323517136467e-07,9.878891447132820031e+05
4.867299337196889419e-07,1.312515621760474285e+06
9.840962865816121076e-07,9.274909843484333251e+05
1.148476495360296120e-06,8.777660619111207779e+05
1.485983153139198031e-06,7.064770312769955490e+05
1.525956884645400738e-06,7.759997243851711974e+05
1.652016364965183123e-06,7.164605658971255179e+05
1.302957087890222876e-06,8.971922053182863165e+05
1.420846888075896754e-06,9.258960699190282030e+05
2.022340049889587044e-06,6.585627338608688442e+05
1.360340585268956752e-06,1.010141619321406935e+06
2.861630225217974722e-06,5.169426530424724333e+05
2.642072065973907333e-06,5.601317423454755917e+05
5.716187749662761071e-07,8.529233105008105049e+05
6.779093124450358809e-07,1.710117787933707982e+07
4.290693610411890696e-07,1.826720249126874376e+06
1.866837041075621903e-06,5.039362781284885714e+05
1.875598847734699689e-06,5.221231077473324258e+05
9.880583740219979742e-07,9.802380189068345353e+05
1.458173323274584547e-06,6.960791392132721376e+05
1.598300116934331136e-06,7.438295128101916052e+05
1.565045593153513872e-06,7.950724213597078342e+05
1.904003929791227731e-06,7.020442499243498314e+05
2.848808058726478507e-06,5.500580875272547128e+05
6.265104569288080255e-07,3.328793378339324612e+06
2.206208284124051869e-07,3.687214038566397503e+06
2.557132470506432306e-07,3.434420673131646123e+06
3.603515183954771634e-07,2.577445810436008498e+06
3.850539930056769762e-07,2.519778276934171095e+06
3.897841889560400377e-07,2.491867067062222864e+06
3.907479699025579350e-07,2.454087385477733333e+06
3.181637075512203342e-07,3.132535768226389308e+06
8.802649375610708500e-07,1.313590126776027959e+06
5.000747665373988170e-07,2.312686871779039036e+06
5.481380324825310505e-07,2.363553536159204785e+06
8.053628616276563988e-07,1.673243004000114975e+06
7.185093697501252648e-07,1.854149413677658886e+06
9.805560734335146215e-07,1.511132436490890337e+06
2.144403944636778324e-07,1.047379875779650174e+07
2.320665632184556592e-07,6.374267634895905852e+06
2.910746886403239638e-07,2.535399529877757654e+06
2.376992103194155791e-07,2.387862123064643890e+07
1.821610533538295571e-07,5.315469872364034876e+06
5.186116702613450074e-07,1.848378847187363077e+06
4.461599128174107406e-07,2.613424016086648684e+06
5.154122158356697047e-07,2.414676267765076831e+06
4.838508997587231056e-07,2.617929547118879389e+06
5.468978760704209741e-07,2.628355452806257177e+06
8.932882449446108349e-07,1.859265463107757969e+06
2.320665632184556592e-07,6.374267634895905852e+06
3.621580322521650069e-07,1.628878842611041386e+06
3.288929828568541288e-07,2.032224611379564274e+06
1.040292769268148018e-07,1.322276634518040158e+07
5.006021731808749561e-07,1.633531359696891857e+06
5.186116702613450074e-07,1.848378847187363077e+06
6.401276431912153867e-07,1.532411969943029573e+06
6.258990884577555439e-07,1.640317753986930242e+06
4.864307362276778159e-07,2.195919501696073916e+06
4.863006076942163304e-07,2.190827576359993313e+06
9.004663902103230419e-08,4.631805358412019908e+06
3.288929828568541288e-07,2.032224611379564274e+06
3.040945017665528404e-07,3.074522313652295619e+06
4.075724351909530245e-07,2.427425682923994958e+06
4.489755821092113481e-07,2.261251743824255653e+06
3.701077139102432961e-07,2.850931072351804934e+06
3.387961717786075843e-07,4.046988990913472138e+06
3.420865640326963630e-07,3.555348499239380471e+06
3.288611769148854999e-07,3.713077835612836294e+06
3.785290806762310166e-07,3.635068249543718062e+06
6.904392391890108753e-07,2.403632231922435109e+06
3.760476900084199779e-08,1.170060011092171073e+08
7.232888472116922608e-08,8.998655810490192845e+06
1.551344441727659624e-07,5.163447898334868252e+06
1.235625748591946687e-07,9.202577398377631605e+07
2.033495782429353579e-07,4.356860461909237318e+06
2.388430889241650032e-07,4.849053158562248573e+06
3.206955695130419535e-07,3.902965283029839396e+06
2.658202242549028651e-07,4.550929067585162818e+06
2.971447369736699846e-07,4.515007087149013765e+06
2.800730435962378403e-07,5.161754103121236898e+06
4.895221269735534527e-07,3.198132407969546504e+06
5.084069496771703046e-08,9.864209923856573179e+06
1.855220553151379988e-07,2.816247048459897749e+06
2.706340770754719075e-07,3.390734548074491788e+06
4.975803378876387978e-07,1.974361843262226786e+06
1.943300038159165613e-07,5.180171078840268776e+06
5.531344041544723578e-07,1.902329137644821778e+06
3.384288463233188185e-07,3.189509040449554566e+06
5.055150486332700211e-07,1.284458353740406968e+07
3.931384099579228852e-07,2.799401958936790470e+06
5.804626372340395257e-07,2.262171666300115176e+06
1.094552580074032380e-06,1.349264601721237414e+06
3.708334305916414435e-07,1.316722871600365033e+06
3.667460738985782578e-07,1.524307014098915271e+06
1.421324908433485351e-07,5.085776572057155892e+06
5.683841153224512647e-07,1.767662502162437886e+06
4.800439150774517561e-07,2.139169945475777611e+06
7.432252632872178486e-07,1.380611985160440672e+06
8.041598924112791250e-07,1.323844671697335318e+06
6.187708567837221673e-07,1.774607849358681589e+06
7.748929894235600583e-07,1.436911866104158573e+06
5.098144318259868421e-07,2.223969883616455365e+06
8.073269840159697823e-07,1.369301272333820583e+06
1.379993826211078724e-07,3.723618606130423490e+06
2.807340350009986773e-07,1.938144543657867471e+06
1.092788885838211243e-07,5.637080316618390381e+06
1.940523278529339259e-07,5.014866960495815612e+06
2.526361851116658317e-07,3.821919260640676599e+06
8.311875800638346559e-07,1.222180878944762517e+06
5.336684122585110114e-07,2.023544446642286377e+06
3.089480516506065837e-07,3.674686516940617934e+06
5.977236644894734318e-07,1.933512160392921884e+06
3.766563597288729231e-07,3.207761880500601605e+06
9.660884999555762475e-07,1.839308674458947498e+06
1.399914681989523721e-07,5.973306199191570282e+07
1.379993826211078724e-07,3.723618606130423490e+06
2.679948804252947929e-07,3.343724384789172560e+06
2.418911579788871439e-07,4.245144032184926793e+06
1.940523278529339259e-07,5.014866960495815612e+06
2.526361851116658317e-07,3.821919260640676599e+06
5.443226573972649602e-07,2.011379309256323799e+07
6.600994207096024358e-07,1.802511796140728751e+06
4.441751143271128566e-07,2.547357705468182452e+06
1.101174683267383844e-06,1.508522730072392616e+06
7.980881199716994029e-09,2.283392940205925405e+08
3.361459623472942740e-07,1.442264942609180929e+06
8.960483417091603594e-08,6.177360988850737922e+06
4.204862615776454122e-07,2.177662417617393658e+06
3.286506761175424298e-07,2.780913309051825199e+06
3.948187188905960562e-07,2.211073098565893248e+06
8.250083321773322617e-07,1.195959338769212132e+06
6.582105078881323642e-07,1.461528596735439030e+06
7.574269289223665756e-07,1.359177991094979225e+06
8.747214055307582577e-07,1.209659063310090220e+06
8.073813498998099727e-07,1.373521320241820766e+06
1.270150689079501916e-07,4.564739352147293277e+06
2.617159301910714654e-07,3.391249958688039333e+06
3.286506761175424298e-07,2.780913309051825199e+06
2.330524685095309141e-07,3.906448793632123619e+06
3.861010097964544961e-07,2.281768400679319631e+06
2.279549112035281472e-07,4.139647662610643078e+06
4.450910464580230141e-07,2.165937836609032005e+06
3.097901135589150174e-07,3.589502310518366750e+06
7.339933840054839197e-07,1.536574505998824490e+06
5.164085375860376283e-07,2.520931771309309639e+06
1.176965319315548781e-06,1.188052586161110085e+06
8.352128077846763311e-07,1.878151192530991742e+06
2.436569427132300881e-07,1.738800588397023967e+06
2.338273030958054422e-07,1.452887272329714336e+07
1.246679648933396199e-07,4.325647166240751743e+06
2.509570682571356682e-07,3.667089201627819333e+06
6.703395963499315677e-07,1.405430429189037532e+06
4.345277726070802445e-07,2.194471743310005404e+06
9.605970521894154786e-07,1.187243580939179519e+06
9.461138166339945972e-07,1.526148371441371506e+06
9.634665499881404432e-07,1.527040994376136456e+06
1.755573299107140978e-06,8.423824114397683879e+05
6.056723890898216836e-07,6.826858875969598070e+06
1.682792664353373276e-07,6.109878723955389857e+07
4.501903073305856155e-07,1.488233526011053706e+06
6.920834200897428287e-07,1.101037396628357004e+06
1.369114451963608353e-06,6.446534192847759696e+05
1.575663460052945085e-06,6.022454283723129192e+05
1.638955268778106958e-06,5.760586612756234827e+05
9.102469780424932451e-07,1.314124196397267049e+06
1.065174316962082879e-06,1.214191291714154882e+06
1.737332074145070869e-06,9.022601422468965175e+05
2.468444201956297748e-07,3.416490708085117489e+07
5.531655862324752320e-07,1.496041308871949790e+06
6.380198616260286215e-07,1.426276020436357707e+06
7.732557386644577764e-07,1.290419612954973709e+06
7.295720732036820853e-07,1.543113515752222855e+06
7.030051647931435202e-07,1.685279445010646712e+06
5.975563880065372799e-07,1.996775618081231834e+06
7.201073062332307626e-07,1.642209803797326051e+06
6.586124373472462839e-07,1.891256293672324158e+06
1.202302758652618728e-06,1.166878628836769145e+06
1.328932081063951948e-06,1.055639836271330481e+06
1.238592274246690106e-06,1.194602269883155124e+06
2.026902073895759315e-09,8.714800700833595991e+08
2.145717592256016105e-07,2.541776782251543831e+06
2.814099602378196841e-07,3.187539172199805733e+06
6.770007708138117604e-07,1.329800271316855913e+06
5.302273714637226887e-07,1.737451177023004275e+06
7.535754921700511892e-07,1.292202154720984166e+06
5.385354877419936530e-07,1.751704999290360603e+06
5.594433581331543640e-07,1.825743968306032475e+06
7.085480786645230671e-07,1.534044471142151859e+06
7.612115827483955301e-07,1.411645047947737621e+06
5.975563880065372799e-07,1.996775618081231834e+06
1.317834153896499479e-06,1.124238951051893178e+06
1.188535709959929283e-06,1.247100109880581731e+06
2.145717592256016105e-07,2.541776782251543831e+06
7.318107713754915359e-07,1.064887612741134595e+06
6.318806230737719649e-07,1.442070127705757506e+06
2.382729098196645911e-07,4.183885130684817676e+06
5.856565739875873453e-07,1.624935160250165965e+06
5.113359281554810209e-07,1.879391895459144376e+06
6.316463528779409909e-07,1.543893427786310902e+06
6.408580550784026083e-07,1.530034128968018573e+06
5.780868253716514624e-07,1.688452194227848435e+06
6.423596397719324685e-07,1.721689204804099165e+06
5.981108715728234841e-07,1.954799760927251307e+06
2.476769544839599177e-07,3.344897791437854990e+06
4.608899715896927908e-07,1.863829818529312965e+06
6.696691481759738677e-07,1.325129051478580106e+06
5.856565739875873453e-07,1.624935160250165965e+06
5.922762583901916418e-07,1.672370751361592440e+06
6.316463528779409909e-07,1.543893427786310902e+06
6.964278163256526313e-07,1.471393152017114684e+06
7.349499349544594084e-07,1.378146267536766827e+06
6.321548885723769049e-07,1.680783858497366542e+06
6.423596397719324685e-07,1.721689204804099165e+06
6.289482586621380007e-07,1.849865053184622433e+06
5.981108715728234841e-07,1.954799760927251307e+06
2.548058982518193344e-07,3.145384222148715984e+06
5.961507994044856959e-07,6.281329123490831815e+06
4.608899715896927908e-07,1.863829818529312965e+06
6.696691481759738677e-07,1.325129051478580106e+06
4.828498886498831467e-07,1.846829803016662598e+06
7.602634912245841859e-07,1.185892493824857520e+06
7.962895186421465735e-07,1.154219074348821770e+06
8.772926589998347227e-07,1.066215237125573214e+06
5.622866662933453143e-07,1.979925520411533536e+06
6.572515383412493578e-07,2.102610096815797500e+06
9.141922113401682023e-07,1.557241107841320336e+06
1.290980452653088272e-06,1.214145094120313413e+06
5.296190810333880819e-07,1.552798232194972923e+06
9.053566360794095257e-07,1.345204852014819859e+06
7.653063086801366620e-07,1.162878250292878598e+06
8.772926589998347227e-07,1.066215237125573214e+06
9.052454591109532442e-07,1.084890660743658664e+06
9.195386051623536729e-07,1.067217513324599015e+06
1.072017911038951584e-06,9.517721013221073663e+05
8.186558599303762909e-07,1.249332393410159042e+06
8.612518147461703040e-07,1.229712369637195719e+06
8.197017661562595943e-07,1.299454367104258155e+06
8.333607349273865242e-07,1.280658905193627812e+06
5.267559937981126750e-07,2.320162989826678764e+06
8.630911117023095214e-07,1.113382348840326304e+06
1.156795681809857504e-06,8.111041612832988612e+05
1.159226411755662275e-06,8.756568424106010934e+05
1.072017911038951584e-06,9.517721013221073663e+05
8.477437013338477375e-07,1.199060652072487865e+06
9.286120436028488610e-07,1.150197303752194159e+06
7.894737760930776717e-07,1.356294655393143650e+06
8.612518147461703040e-07,1.229712369637195719e+06
8.333607349273865242e-07,1.280658905193627812e+06
1.026066037962914836e-06,1.036820576454892987e+06
6.998922635625912955e-07,1.700580306665528566e+06
1.370219123641889659e-06,8.407962169751218753e+05
1.413789735393811505e-06,9.940025285383464070e+05
1.276207643146176754e-07,1.812032717821316421e+07
5.688858045845883977e-07,2.001800836815904453e+07
6.026038224257338505e-07,1.386295413566118805e+06
8.707035871815589413e-07,9.877941915713435737e+05
9.653853403295414249e-07,9.039114543046638137e+05
6.701703831993233544e-07,1.404836974506318336e+06
9.968248022159947818e-07,9.798214995870994171e+05
9.061291456249539816e-07,1.091876619520820212e+06
1.087923678052700820e-06,9.399545967544091400e+05
1.420596749114466935e-06,8.092294861087327590e+05
1.393336794107292630e-07,8.014749913908313029e+06
1.337587288894989581e-06,9.053987839204085758e+05
1.397491456865467868e-06,9.051810255697369576e+05
1.470199477269461699e-07,4.799388449860827066e+06
4.098982769365556782e-07,2.086178168214217294e+06
6.026038224257338505e-07,1.386295413566118805e+06
5.583038723780749360e-07,1.579145879393459298e+06
6.701703831993233544e-07,1.404836974506318336e+06
6.782991205435452937e-07,1.621167349587051664e+06
6.635433635695490246e-07,1.634972983372489689e+06
7.725223413309494905e-07,1.467304683615063550e+06
6.600992210519530517e-07,1.813917730586829362e+06
6.803501847783230175e-07,1.748252325199342333e+06
1.348062595454968083e-06,1.098159031213466311e+06
1.226969283644716932e-06,1.277002209174855379e+06
5.079177571805935399e-07,3.218654178021379281e+06
2.864910139959985556e-07,2.567089230009709019e+06
5.840240598031714286e-07,1.292801674655974843e+06
8.505824661131209150e-07,9.603163832283648662e+05
9.495146894969836640e-07,9.061044051804669434e+05
8.539939264164734874e-07,1.067820901035474613e+06
8.390802577719348996e-07,1.134226787385681877e+06
8.985065289744354063e-07,1.592016071279319469e+06
1.106133507649225749e-06,1.065092463076913496e+06
1.069872587539310005e-06,1.151356955106219742e+06
8.804477331959014703e-07,1.419519163607830647e+06
1.887661819891373465e-06,7.846128500858955085e+05
1.702090574816983058e-06,9.213607747188549256e+05
5.529097493966702229e-07,9.914346600734577514e+05
1.048786336667077839e-06,6.397440910371692153e+05
8.270694176574194437e-07,1.356207169370255060e+07
1.152080516590140132e-06,7.783285458238020074e+05
9.614492550889679674e-07,9.598926150290005608e+05
1.154207203404358152e-06,8.235477632602252997e+05
1.197103121097410415e-06,8.299091178340325132e+05
1.289273627527061412e-06,7.536366545219661202e+05
1.209108808187192557e-06,8.855730056415578583e+05
1.872169359585243828e-06,6.757558044042806141e+05
1.858351902753194910e-06,7.167035305367142428e+05
1.563108741189282917e-07,6.348998937142934650e+07
4.527389247378611246e-07,5.054907815403112210e+06
3.365389486403046205e-07,2.191636747537609190e+06
2.291739408657470867e-07,3.153801576031448320e+06
5.299695869692478444e-07,1.595566388367224485e+06
9.861730547105249683e-07,1.134399019849117380e+06
9.916181971639353976e-07,1.203042718979016878e+06
7.329921824537878712e-07,1.635621756518650800e+06
1.435522967140108615e-06,9.379322506342570996e+05
1.900845791233698782e-06,8.253945801024897955e+05
1.149745830024570225e-07,4.840441736429269426e+06
1.254227899420189835e-07,5.398298481886445545e+06
2.765530409699535689e-08,3.804123168048062176e+07
1.104680123956795009e-07,9.401716529556984082e+06
1.681676884481672307e-07,6.217458074348974973e+06
1.650792025232306053e-07,7.011779300580191426e+06
1.704809395905635934e-07,6.544655332426522858e+06
1.701756382849866555e-08,6.835436474236972630e+07
2.442736768535792911e-07,5.227183484705670737e+06
2.376951789245265580e-07,6.177723076536519453e+06
3.281037530036987696e-07,4.286861708394149318e+06
2.863812160336786302e-07,5.176810339520362206e+06
5.104114690139128446e-07,3.478864525118587539e+06
1.142590560680103356e-07,5.017655983212567866e+06
2.306737203377599016e-07,6.909712438165352680e+06
1.779961547855090836e-07,4.908422389853113331e+06
2.902792497639141383e-07,3.281746832077901810e+06
3.215642341466372141e-07,3.026233286816228181e+06
3.742577260211090410e-07,2.690444084493202623e+06
3.850833332992838171e-07,2.780244613254742231e+06
3.102590786694878179e-07,3.817890693147868849e+06
3.900975251254608270e-07,3.019788728040106129e+06
3.619838206593074732e-07,3.358032603889205027e+06
4.411785695164946791e-07,3.035704287546100561e+06
6.642124498798181844e-07,2.361006982713013422e+06
3.025488114919728236e-07,2.035382060916297603e+06
3.801870390474571624e-07,1.771430954686659388e+06
6.371341316632475946e-07,1.335455191235803533e+06
4.575549981218716193e-07,1.809822834976215381e+06
4.351478858414078871e-07,1.972710898843544535e+06
4.973559973901968834e-07,1.746877822148551466e+06
8.075097477621742134e-07,1.249066461428849958e+06
1.081699379853409122e-06,9.940632213949590223e+05
8.663635936053681417e-07,1.370856044687911635e+06
8.432773824573098561e-07,1.404011198085784679e+06
1.533850813162489743e-06,1.021843451465607504e+06
7.450328410983197504e-07,7.798623021055212012e+05
6.687529085425695121e-07,8.604085598429418169e+05
6.131176616062789851e-07,1.441842676956825657e+06
8.289068608520553437e-07,1.163277519316971768e+06
1.165744117801624107e-06,8.414725529671958648e+05
1.166751468452208782e-06,9.150658447619177168e+05
8.466657091753726619e-07,1.265581044471593341e+06
8.848003527389904950e-07,1.250961146327670431e+06
1.637939487897865307e-07,7.160105616099857725e+06
9.443197594781858866e-07,1.303240909307965776e+06
7.705645137407691686e-07,1.705854491665185429e+06
1.541303120969596980e-06,9.600281569167533889e+05
6.687529085425695121e-07,8.604085598429418169e+05
1.243534571651025900e-06,7.837143022219309350e+05
8.433988743474993828e-07,1.164108163867728785e+06
8.599062894344014428e-07,1.142626035694843391e+06
8.710556347561039707e-07,1.174471779600618640e+06
7.988989303441310866e-07,1.286022250778918387e+06
7.845246506542127987e-07,1.300589175610945327e+06
8.466657091753726619e-07,1.265581044471593341e+06
6.454689000655756519e-07,1.644594112184314290e+06
6.565149737484968443e-07,1.611801461687160889e+06
8.116178813108025939e-07,1.309587775952289812e+06
8.848003527389904950e-07,1.250961146327670431e+06
5.095645537719013534e-07,1.012340210155241773e+06
8.599062894344014428e-07,1.142626035694843391e+06
8.277607104282658171e-07,1.186899018830190878e+06
8.151291110971623803e-07,1.260025931958364556e+06
7.777683979190036601e-07,1.313500934463898418e+06
7.845246506542127987e-07,1.300589175610945327e+06
8.710556347561039707e-07,1.174471779600618640e+06
5.520897906406396004e-07,1.952602731201492948e+06
6.122783510452898735e-07,1.729938647559407633e+06
6.940449313426386774e-07,1.536265167743033031e+06
7.049925849797016183e-07,1.511630796780047007e+06
2.865517051271209305e-07,5.639055503458262421e+06
1.166484684855391149e-07,1.971286935393219814e+07
1.561124275571412703e-07,5.631768441649715602e+07
3.165421046581122108e-07,1.711522068677995354e+06
6.122783510452898735e-07,1.729938647559407633e+06
4.199588696499844798e-07,2.488916464824694209e+06
4.085441273553014357e-07,2.653717595180644188e+06
4.717651960757599891e-07,2.259526912600695621e+06
5.520897906406396004e-07,1.952602731201492948e+06
3.646020149483948084e-07,3.059265320064460859e+06
4.824553400950310918e-07,2.306051225307093002e+06
5.085054470854549767e-07,2.630115701444021426e+06
5.530303198863618669e-07,2.485712443202061113e+06
9.820489346636964048e-07,1.690110617080315948e+06
1.561124275571412703e-07,5.631768441649715602e+07
3.332801263135579496e-07,2.573494937973411288e+06
7.621386961365734238e-07,1.242161439398298506e+06
5.583989169517467693e-07,1.643106923798386706e+06
2.414340237834090143e-07,4.534991463252097368e+07
7.465294541237754223e-07,1.317006517782589886e+06
8.037816687295797893e-07,1.218053976287088124e+06
7.441524172586682806e-07,1.317374627606257331e+06
4.085441273553014357e-07,2.653717595180644188e+06
4.932752633265413153e-07,2.221319649277466349e+06
5.372255582739388003e-07,2.230489152733288240e+06
2.795172208355877105e-07,3.242956109067681059e+07
8.223355503056861915e-08,8.212402607762288302e+06
4.447995564677080784e-07,2.071827419540785020e+06
7.465294541237754223e-07,1.317006517782589886e+06
7.441524172586682806e-07,1.317374627606257331e+06
6.850208763677758065e-07,1.503988755935139488e+06
5.214947671755057302e-07,2.011264202339960495e+06
4.932752633265413153e-07,2.221319649277466349e+06
6.913075555516516334e-07,1.702113356292216107e+06
5.459682253580334992e-07,2.412580457154490054e+06
1.099363459226343634e-06,1.426093562527196016e+06
3.813998659711954842e-07,5.527224803574482910e+06
6.007222610014610173e-07,9.023043187396108406e+05
8.001606036774755892e-08,8.360184553342252970e+06
1.867722588954252723e-07,3.296233567619684618e+06
1.050740656940310381e-06,8.540706565440256381e+05
1.188275527007616914e-06,8.590976065327469260e+05
1.147864421424310414e-06,9.074422479722453281e+05
3.947823923155409356e-07,2.659499173991881311e+06
9.534461119148444253e-07,1.310743412623847369e+06
9.630476097398573853e-07,1.363105825575566385e+06
9.296641316311797077e-07,1.478563563418315724e+06
1.981561702207887293e-06,7.075488975278591970e+05
1.726372900484172137e-06,9.071749048527606064e+05
4.278883876334037477e-07,2.629313795741403475e+07
7.261992515380519120e-07,1.086642468892246252e+06
1.369829987530638015e-06,6.190545921944495058e+05
1.377610417998699215e-06,6.593953495088871568e+05
5.831880850534054915e-07,1.704837041011733003e+06
4.217440164366908796e-07,2.319801700150911696e+06
9.969143635828069972e-07,9.783954199823749950e+05
5.665476294115925554e-07,1.731076163361749379e+06
1.145330248802803956e-06,9.776875465076764813e+05
8.904203959605072566e-07,1.356948416927955579e+06
1.567575870702991989e-06,7.690691793566645356e+05
1.339709188738185127e-06,1.051113819862313801e+06
3.241336742038546960e-07,1.624015780194332590e+06
4.435329603286409409e-07,1.347380690219776472e+06
1.364626103319593693e-07,5.460700093648459762e+06
2.518700751096466140e-07,3.211217387875130866e+06
4.593605732872094627e-07,1.971338000324032502e+06
6.026587114479179120e-07,1.500528726330360631e+06
6.389948242412591327e-07,1.595050476095277583e+06
5.909996444458990186e-07,1.740649231758999405e+06
2.053549658503533762e-07,5.516490188155826181e+06
3.119775450242324016e-07,4.784649912750630639e+06
8.689305883255806729e-07,1.708635560413971310e+06
1.273324759967089837e-07,6.853107421309127472e+06
1.468260218234731137e-07,5.297635138033492491e+06
3.116607141369220509e-07,2.628799939315308817e+06
3.429191605140587103e-07,2.528699691800516564e+06
2.460358225008458004e-07,3.566592685734763276e+06
4.437905583865238892e-07,2.362157650030046236e+06
2.172507947205715749e-07,4.996824997601797804e+06
3.402359223280609014e-07,3.210347288488924503e+06
2.958768726404606782e-07,3.828292434875063598e+06
2.911412270353932741e-07,3.890099495675011538e+06
2.650112766879100112e-07,4.295739418574103154e+06
5.277070072342705203e-07,2.804607946010376792e+06
1.645070458203118997e-07,3.255600291601596773e+07
3.116607141369220509e-07,2.628799939315308817e+06
3.429191605140587103e-07,2.528699691800516564e+06
3.659656594599649532e-07,2.397168897333441302e+06
3.973541993989848970e-07,2.369373090831439476e+06
5.757140783148424454e-07,1.665848806925206445e+06
6.475810702252039281e-07,1.632637402901477413e+06
6.454264675170515412e-07,1.754638512126285117e+06
6.176942231177979709e-07,1.841079446890349267e+06
6.488712107474135162e-07,1.825457201292688260e+06
1.155812276341837585e-06,1.280651771460757591e+06
6.810316701358130781e-07,1.133814563422762044e+07
9.594911092456866945e-07,8.928797074768835446e+05
8.055086806264437507e-07,1.092065476104438538e+06
8.207698456891488949e-07,1.102241915228992933e+06
5.757140783148424454e-07,1.665848806925206445e+06
9.138678691343060362e-07,1.021988896166287013e+06
8.436567456496940402e-07,1.166939204517546576e+06
6.490797696130634372e-07,1.673209490202336106e+06
6.475810702252039281e-07,1.632637402901477413e+06
1.944868239146457438e-07,5.081207149508053437e+06
6.217088616830811150e-07,1.908120561267892830e+06
1.174783687438100868e-06,1.193460766626570839e+06
5.484712220475565850e-07,8.893475430533228209e+05
7.184582383648007884e-07,1.562214447535032593e+07
9.594911092456866945e-07,8.928797074768835446e+05
8.431438641942328130e-07,1.057593106856620638e+06
9.138678691343060362e-07,1.021988896166287013e+06
3.779400414353962145e-07,2.526636931128148455e+06
8.436567456496940402e-07,1.166939204517546576e+06
5.790868271372811282e-07,1.776088606010324089e+06
6.364724994095578407e-07,1.587005210479517933e+06
6.542956649874424987e-07,1.727949667693573516e+06
1.175271435187822600e-06,1.192710584105197340e+06
1.869427940390189986e-07,5.095847058785244077e+07
1.270267812454055515e-07,4.442463613302584738e+06
2.258206947547266808e-07,3.718848250257921405e+06
3.544900231041736413e-07,2.617069899177813902e+06
3.779400414353962145e-07,2.526636931128148455e+06
5.033483129326815658e-07,2.049585888953803573e+06
5.257728828565870566e-07,2.027691740255060140e+06
5.151451765876079591e-07,2.516810823052398395e+06
5.900865090414068359e-07,2.332735514221715275e+06
4.262883097665939815e-07,3.238780500331666786e+06
8.527370951379277697e-07,1.838045429155908292e+06
1.070733363783593968e-06,1.461358066612160765e+06
1.869427940390189986e-07,5.095847058785244077e+07
1.270267812454055515e-07,4.442463613302584738e+06
2.258206947547266808e-07,3.718848250257921405e+06
3.309262165939612053e-07,2.602139665798514616e+06
5.110629225182785328e-07,1.814722193185953656e+06
6.149569443755336727e-07,1.578527655255734921e+06
6.435783184543227274e-07,1.580810822823278140e+06
5.906161976014161560e-07,2.100877753668752965e+06
5.112764782814164184e-07,2.450233631611272693e+06
7.787371582125302654e-07,1.553066200393876527e+06
1.008227854614497171e-06,1.554070387482649880e+06
2.245693222402551590e-07,2.434780553825124633e+06
1.496544393805684114e-07,4.833854399218697101e+06
4.718958979925113086e-07,1.859117138412534026e+06
6.775311780832640710e-07,1.404750395558436634e+06
4.052778391997919735e-07,2.332554948065706994e+06
7.278552821704465794e-07,1.344854070119349286e+06
6.157366745825637825e-07,1.603002890547410818e+06
6.149569443755336727e-07,1.578527655255734921e+06
6.638548781257542355e-07,1.466059993933654157e+06
4.457106123028038846e-07,2.263158592705451418e+06
2.946196189740468259e-07,4.307919335312549956e+06
2.855987694378406456e-07,2.201483536583085731e+07
2.245693222402551590e-07,2.434780553825124633e+06
1.496544393805684114e-07,4.833854399218697101e+06
3.794664264072010323e-07,3.582692047625867650e+06
4.178053201935604461e-07,2.170215643484463450e+06
3.517889143002462668e-07,3.120614122524746228e+06
4.710486793624611726e-07,2.432362405897561461e+06
5.279659017417213831e-07,2.518537020643336698e+06
6.369474515807593133e-07,2.051930521192239132e+06
5.859281291717321669e-07,2.318959912733796053e+06
9.231836712266062621e-07,1.603546430949823931e+06
1.089377352621454211e-06,1.524654668483986752e+06
2.359386954925682519e-07,4.319488192833610624e+07
4.370383862131389762e-07,1.885666221074274043e+06
2.664091720815345730e-07,3.253467467317939270e+06
3.773218412285019087e-07,2.183723469629724044e+06
4.325223597421809543e-07,2.195884838044438045e+06
3.005459331567425388e-07,3.364322442427541129e+06
5.034967450082748503e-07,1.961372103277189191e+06
6.724925923919255735e-07,1.723251519861303037e+06
6.369474515807593133e-07,2.051930521192239132e+06
5.279659017417213831e-07,2.518537020643336698e+06
8.608533185513054240e-07,1.728029129085834371e+06
1.089377352621454211e-06,1.524654668483986752e+06
3.029785489501039968e-07,1.844255205729455687e+06
3.003259666147351354e-07,8.123789747178781778e+06
2.307499190821887936e-07,3.500791523220448755e+06
3.868075070090460639e-07,1.971149587222892558e+06
4.245899891068897135e-07,2.015953420369390165e+06
4.461850627229968650e-07,2.041600486854593502e+06
7.181558789412587943e-07,1.381616474984651897e+06
1.105770111251227180e-06,1.059000867079672636e+06
8.162666748307826680e-07,1.541192881693382747e+06
8.976442664969849877e-07,1.635279094758251216e+06
1.714781958813605495e-06,8.638899011100776261e+05
4.850628227891658235e-07,1.041455450554804993e+06
4.758552068353445291e-07,1.153373381723887054e+06
6.686886461046176211e-07,1.660806845062745269e+06
1.061115765336192464e-06,1.005268106071156100e+06
1.289812032033376850e-06,8.368046154144890606e+05
9.177004171793726162e-07,1.243594930061019957e+06
1.079556903234831469e-06,1.104458115903939819e+06
1.002407124902420998e-06,1.293692358938280726e+06
2.563381570898717468e-07,5.315263221035295166e+06
1.528663437779654552e-06,9.203287435083356686e+05
1.735247040204600266e-06,8.529001893931169761e+05
2.082762246461845394e-06,7.532572456023104023e+05
4.148537564960487042e-07,1.790230561538796173e+06
8.375401776873254949e-07,9.406641838991196128e+05
5.972915341041042431e-07,1.332656021498585818e+06
9.248526807974018000e-07,8.947416949126702966e+05
1.388430880746564161e-06,6.914817726619084133e+05
6.394911530325436059e-07,1.615941196864244994e+06
1.250411023227382385e-06,8.313090056083261734e+05
7.069191160697469719e-07,1.504007799886255292e+06
1.020511770643285034e-06,1.095574145735154627e+06
1.879433643090098810e-06,6.113315221517217578e+05
2.106288759942196723e-06,6.310321182285553077e+05
1.551786268720188561e-06,9.056560224733167561e+05
6.456682327116254955e-07,9.393257940346263349e+05
8.375401776873254949e-07,9.406641838991196128e+05
1.256821401725914860e-06,6.148713864929197589e+05
1.510054761083787504e-06,5.269532552437792765e+05
9.248526807974018000e-07,8.947416949126702966e+05
1.585571462584530170e-06,5.492652481644545915e+05
1.388430880746564161e-06,6.914817726619084133e+05
1.620063354186476004e-06,5.981827657924997620e+05
1.758729533387722211e-06,6.360169853765664157e+05
1.244014544956566483e-06,1.111791756148338085e+06
2.569188267047235433e-06,6.111472906103619607e+05
6.892492395016693450e-07,8.192102993349307217e+05
7.318298756484275232e-07,9.967672333113396307e+05
8.201053183129471346e-07,8.937283801470275503e+05
1.098311324124878628e-06,8.922547961863926612e+05
6.251771307991088906e-07,1.638798827877167379e+06
1.173589638928610028e-06,8.928544561894738581e+05
1.336182868504311471e-06,8.057696502865856746e+05
1.685331668354457752e-06,6.967726141892742598e+05
1.408965879737347663e-06,8.850191749691346195e+05
1.509581141979922257e-06,8.424147132197639439e+05
2.219338807753411593e-06,6.676661629631054820e+05
2.587028981760379738e-06,6.426904352065153653e+05
2.204959904211684004e-07,1.069282007821450755e+07
2.776749850714047733e-07,2.031233377096358920e+06
4.539131649665196058e-07,1.793272603763271123e+06
6.260031154947163601e-07,1.378415150354604004e+06
6.145132034742884095e-07,1.458512336063349620e+06
8.370366283284518286e-07,1.093609004033481237e+06
9.072409661092266189e-07,1.034901372823162354e+06
6.381829584337064894e-07,1.619398432349791052e+06
6.976613088194663080e-07,1.696184757963087875e+06
4.918909886846951952e-07,2.477654925961044151e+06
1.108126778086738261e-06,1.143377145690510748e+06
1.230193716838579307e-06,1.139586534235050669e+06
1.307911271717818410e-06,1.081949688541880809e+06
2.231880931831797882e-07,3.791555933342218399e+06
2.844076949016208224e-07,2.036606494326273212e+06
4.267029874007040353e-07,2.365138719338785857e+06
6.725285634827271234e-07,1.621023984763030661e+06
5.257361896926732505e-07,2.006943633202731609e+06
6.830862791109055832e-07,1.669972928457696456e+06
4.173775154244784726e-07,2.735112992262324318e+06
2.088239231095800995e-07,6.172132445986821316e+06
6.868752276316630323e-07,1.723216124619497219e+06
6.987778969690459840e-07,1.859101884402555414e+06
1.228296971713806607e-06,1.204867520285520935e+06
1.224582192912488565e-06,1.280295889370735968e+06
2.231880931831797882e-07,3.791555933342218399e+06
4.629754685994228285e-07,4.602978815505870618e+06
5.937703748897426075e-07,1.466270547761060996e+06
4.984295529829136681e-07,1.919340110534670064e+06
4.448571480268964247e-07,2.171944417360284831e+06
5.195657912549094483e-07,1.899949294244586723e+06
4.460541416155522765e-07,2.507209929021736141e+06
5.085341929320120846e-07,2.177946892758832313e+06
3.860462421514008584e-07,3.047128161403233185e+06
6.054745661969176118e-07,1.976363199254582869e+06
7.008294201180987565e-07,1.902984824129055953e+06
5.448764823191456988e-07,1.523531170860520564e+06
5.782870654791594638e-07,1.435348653981194133e+06
4.924938120118081114e-07,1.770505688689795556e+06
5.606107667620600459e-07,1.688807070814503124e+06
5.797206928549242516e-07,1.758536565860534087e+06
5.323969046933601754e-07,1.905739977424550802e+06
7.935001679688016380e-07,1.293360984820872545e+06
5.551795857766653169e-07,1.911766140090444824e+06
6.395864851654775010e-07,1.657963486799269449e+06
5.040102817073331648e-07,2.112345166257072240e+06
6.297222022921140793e-07,1.691679406134609366e+06
5.264251166543509524e-07,2.115900283609886188e+06
6.761851546222344454e-07,7.467988942114204401e+05
5.782508735243497342e-07,8.883590932498238981e+05
8.710413088491230306e-07,6.129020208088473883e+05
6.146584020908298837e-07,1.098722950344809098e+06
1.739899436076078304e-06,5.606808251203575637e+05
1.595223224043802147e-06,6.184145335706943879e+05
1.296954194564509022e-06,8.129933164852814516e+05
1.145026972195641586e-06,9.404424413732531248e+05
1.299286815230424008e-06,9.082312997027119854e+05
2.257569781708061269e-06,6.559986859112820821e+05
3.701772947573730550e-07,2.177582498723995872e+06
6.655621929920045380e-07,1.136725156136653153e+06
1.595223224043802147e-06,6.184145335706943879e+05
1.739899436076078304e-06,5.606808251203575637e+05
8.697882584402978795e-07,1.266030218171301531e+06
1.145026972195641586e-06,9.404424413732531248e+05
1.296954194564509022e-06,8.129933164852814516e+05
1.420986481130629012e-06,7.555216139934315579e+05
1.134954423254673888e-06,1.005516858458852163e+06
1.089472072434579809e-06,1.078386239120238461e+06
8.406951467006573145e-07,1.442144488155205036e+06
1.784403019884604427e-06,7.860697161145638674e+05
2.237597553199832744e-06,6.623929033195272787e+05
2.516070055675395000e-07,2.343796029684478417e+06
4.995251155933902959e-07,1.919080639202258084e+06
6.274260115016338057e-07,1.571763853498881450e+06
1.252569984574876649e-06,8.323380003060821909e+05
5.952357600059748117e-07,1.687993733716263669e+06
4.374437609631088194e-07,2.412691975349967368e+06
4.793777098497060206e-07,2.369591800510332920e+06
8.442417160821209285e-07,1.428551915406052489e+06
1.923745792427357225e-07,6.623714177490700968e+06
8.832670126043170933e-07,1.504657920475572115e+06
9.285023705727677062e-07,1.476825169658497674e+06
6.245394736835955579e-07,2.250152212495968211e+06
1.562090172687498708e-06,1.009583889576715184e+06
1.709115234190023653e-06,9.738492357372945407e+05
1.805698105129585014e-07,6.214823067387551814e+07
2.491976202490170229e-07,2.303432854498116300e+06
3.480524699826480103e-07,2.313605460455957800e+06
3.681893864706660461e-07,3.094460411055644229e+07
5.005574715334300246e-07,1.861428808641308686e+06
4.267079590045321510e-07,2.404286047815286089e+06
3.624849752793573902e-07,3.308933831804662943e+06
6.284798175570514806e-07,1.919918560432938859e+06
8.693587919364632208e-07,1.454864778790516546e+06
7.563691071823518262e-07,1.863590623887395253e+06
8.065293644350166719e-07,1.744361740542926127e+06
1.330604078791923753e-07,5.588803332516613416e+06
3.656174286439243478e-07,2.404841130621103570e+06
4.979903215437369989e-07,1.822986087414260721e+06
5.248784050959416850e-07,1.752391587379278149e+06
3.251771454935099003e-07,2.947500913710808381e+06
2.972387321587992881e-07,3.463638321112564765e+06
5.262178196637037692e-07,1.846144247045764932e+06
5.657475475960378572e-07,1.794510190151074436e+06
5.227016391605584883e-07,1.958524420190036995e+06
4.112362922400432785e-07,2.609740552239677403e+06
3.841762198994871422e-07,2.980560591040506028e+06
6.419754609959769982e-07,2.187252947597828228e+06
2.410688644167435809e-07,1.900684917379491404e+07
5.711785404611459333e-08,1.099661534195444174e+07
4.441493903218470833e-07,1.468639852915066527e+06
8.472939529258125183e-07,1.281962488901043544e+06
1.046368936639333292e-06,1.000915422471077065e+06
1.387416922136187039e-06,8.531608394446150633e+05
1.386307363718336767e-06,8.998978687253545504e+05
2.095572022423412123e-06,6.102590669818751048e+05
1.304774795236821657e-06,9.995550335454612505e+05
2.668101026845563383e-06,5.881786357929729857e+05
2.353234590824606145e-06,6.660720718668269692e+05
9.872258979755967451e-07,4.999783046329193166e+05
3.081094407573340153e-07,7.041646008480732329e+06
1.619445134151481403e-06,5.670922888155833352e+05
1.741726598029736058e-06,5.196997163498080918e+05
1.507905488697312673e-06,6.580621895728221862e+05
8.257287566196567035e-07,1.206241073869162938e+06
9.486325201241139652e-07,1.063293879024601076e+06
9.081769236963272359e-07,1.217705398159151338e+07
1.261066083112108180e-06,1.043715150968825561e+06
2.240279101252968363e-06,5.943191464010424679e+05
2.374254694845244069e-06,6.273731341486917809e+05
2.609205420945934326e-06,6.023265097456219373e+05
7.775047366967898378e-07,7.391048272388237529e+05
5.358011401638006338e-07,1.061729370626886841e+06
5.794787850513383870e-07,1.194548251249019755e+06
7.323274691866988441e-07,2.547161431867779698e+06
2.935359929224679409e-07,2.842254611940862611e+06
8.257287566196567035e-07,1.206241073869162938e+06
9.486325201241139652e-07,1.063293879024601076e+06
8.938430549182108492e-07,1.137220389736226527e+06
1.321639109514766769e-06,8.621229636127534322e+05
1.384453347301144040e-06,8.553272310064965859e+05
2.398517694440211506e-06,6.534283664228636771e+05
4.381818105295987987e-07,5.086335466544994153e+06
9.288920008379438641e-07,5.677123783375289058e+05
7.775047366967898378e-07,7.391048272388237529e+05
5.794787850513383870e-07,1.194548251249019755e+06
7.239078133532120337e-07,1.550107735746834055e+07
6.045262426376760495e-07,1.424078032759041060e+06
1.218319602080147110e-06,7.785277045820296044e+05
9.720017664648667384e-07,1.229387541126521537e+06
9.943552563259040408e-07,1.255506019749821397e+06
1.739296916045418595e-06,7.285461190609597834e+05
1.363307287221378415e-06,1.038181910353138810e+06
1.628059923163430474e-06,8.623294093592787394e+05
1.863680195824445850e-06,7.934995045065045124e+05
3.417426181720974102e-07,1.208289712502304930e+06
4.379489000894879134e-08,9.403357477613329887e+07
6.778085596273304081e-07,1.310249291225781897e+06
1.219946164016228010e-06,7.806618246434613829e+05
8.371940585127079288e-07,1.106755184235512977e+06
1.023941905246472953e-06,1.059043884956314461e+06
1.044716774499533232e-06,1.081088859462418826e+06
1.609333508860518762e-06,7.169283311443650164e+05
8.540860823156158270e-07,1.403309774017250398e+06
9.675149540077762756e-07,1.280226097691854462e+06
1.689614533454305465e-06,8.753852477393279551e+05
1.812129147727871655e-06,8.173977117002721643e+05
2.040262203215904917e-07,2.443189335140314884e+06
2.720456207083861981e-07,1.813162732383979717e+06
2.678565325542060182e-07,1.935238583319636993e+06
5.107042468461174211e-08,2.454004063002562523e+07
2.758508900015252128e-07,3.097218404721908737e+06
3.833301768865131350e-07,2.502095100266989321e+06
5.543127662629363580e-07,1.970111931662538322e+06
6.934177514447407031e-07,1.763525866933793761e+06
1.040966845130890281e-06,1.507509588795693126e+06
3.451526062466552735e-07,5.836841993091484532e+06
2.276818176368817021e-07,2.501743973234754521e+06
1.785024852227999250e-07,3.214135137701564468e+06
1.641081024451057575e-07,3.964708867649227846e+06
2.453058343977005966e-07,4.259145275968542323e+06
2.420199650450559305e-07,5.148304079040806741e+06
2.272268133824422946e-07,4.774241100775385275e+06
2.633671054917265435e-07,4.244008682023536414e+06
1.872578894692861531e-07,6.010771123908222653e+06
2.755552682967233715e-07,3.991232858297837432e+06
2.251926047032890636e-07,4.873911504887070507e+06
2.345903667357287838e-07,5.036690285815708339e+06
5.417945864260439627e-08,3.553852283509385586e+07
1.785024852227999250e-07,3.214135137701564468e+06
2.720916518276292258e-07,2.099323495639445726e+06
1.641081024451057575e-07,3.964708867649227846e+06
2.501289437488501896e-07,2.926611747377480846e+06
4.018678751731284048e-07,2.652676165965514258e+06
4.023000518353487321e-07,2.651079533710308373e+06
1.900427261327252604e-07,6.170112559246141464e+06
3.583716562928952290e-07,3.455438841254666448e+06
3.246784641089049911e-07,3.823938702493774705e+06
2.902745895408015672e-07,4.245586905693771318e+06
4.767614319049677692e-07,2.939760736653396860e+06
5.960219312419404853e-07,2.630798138446240220e+06
9.666693494447891311e-08,8.543804121836133301e+07
1.680713384111459596e-07,3.136007050077499356e+06
2.132119751447440397e-07,3.186024695660563651e+06
4.018678751731284048e-07,2.652676165965514258e+06
2.269661097976679670e-07,4.877703468002690002e+06
3.246784641089049911e-07,3.823938702493774705e+06
4.540404390723090443e-07,2.673205186801761854e+06
3.583716562928952290e-07,3.455438841254666448e+06
2.746975418791898302e-07,4.727958161885490641e+06
4.817628380988216055e-07,3.069100338482703548e+06
5.960219312419404853e-07,2.630798138446240220e+06
6.658222697744901483e-08,8.322391146168852225e+06
1.772090628361506869e-07,3.330959158179394435e+06
1.121312665031333740e-07,7.636101124180863611e+06
1.834689328808924059e-07,4.595954238729192875e+06
1.979352834744194475e-07,4.540129103938774206e+06
2.847509470441667326e-07,3.322235849669634830e+06
2.448695145523544521e-07,3.841745489890661556e+06
1.865327925021696039e-07,5.110035229122770950e+06
2.919438496024620752e-07,3.348517372094487771e+06
2.505626984792929924e-07,4.037243826403709594e+06
1.099903781221659893e-07,4.788726172961294651e+06
1.656070242645558812e-07,3.364988351739429869e+06
1.701745024437508932e-07,3.366664642472650856e+06
2.448695145523544521e-07,3.841745489890661556e+06
2.505626984792929924e-07,4.037243826403709594e+06
1.616283118962268867e-07,6.195321578946739435e+06
1.462375420891831678e-07,7.233391382690059952e+06
2.380183591372460582e-07,5.199620595530038700e+06
1.120516691593442021e-07,1.113997894561332092e+07
2.204673027261249978e-07,5.648935805870718323e+06
4.052927432315700685e-07,3.866552370209830813e+06
6.102297988258958363e-08,3.642990005442288518e+07
1.551710499263140393e-07,3.419784741859618109e+06
1.099903781221659893e-07,4.788726172961294651e+06
1.471260582464086494e-07,3.479615944757837337e+06
1.656070242645558812e-07,3.364988351739429869e+06
1.924766382034830631e-07,4.701159403732913546e+06
1.931667574067050307e-07,4.675567700453842059e+06
1.768107625071435247e-07,6.625858269764686003e+06
2.706608296101896238e-07,4.470136240099640563e+06
2.724498046770169820e-07,5.392353060417322442e+06
3.403114539844749332e-07,4.382762567157956772e+06
1.683952064523084731e-07,6.537576643108980358e+07
2.138177997551246858e-07,3.497924785317957401e+06
2.221422466493109171e-07,4.112723613664600067e+06
5.637250417889243598e-07,1.591671073910470586e+06
3.118485205680016676e-07,2.906718582195532043e+06
5.671122205299910630e-07,1.744356693472326268e+06
6.051722659317137122e-07,1.688279775717296172e+06
4.804324081541389476e-07,2.206755965997503605e+06
4.774617888054858383e-07,2.227093971208173782e+06
3.699929933381033099e-07,3.036501555765845813e+06
4.132860119750547238e-07,2.668253660032725893e+06
8.914598242682443363e-07,1.004647522079798975e+06
4.644525826642755327e-07,1.884272402621297631e+06
5.160537823033685292e-07,1.766221741401246050e+06
5.637250417889243598e-07,1.591671073910470586e+06
4.465949225688245966e-07,2.111241068862792104e+06
5.316614820173741943e-07,1.801076360215737019e+06
4.956170191673150266e-07,2.040803845481817145e+06
5.929899190546736892e-07,1.730363801806943491e+06
6.051722659317137122e-07,1.688279775717296172e+06
6.001697869158880154e-07,1.778280322697376832e+06
4.393539149050020660e-07,2.433181020185019355e+06
6.286845149684253202e-07,1.844229779873196268e+06
5.710515424038070791e-07,1.549292388770078076e+06
5.160537823033685292e-07,1.766221741401246050e+06
5.775848770293678737e-07,1.603947750732894288e+06
4.465949225688245966e-07,2.111241068862792104e+06
5.316614820173741943e-07,1.801076360215737019e+06
8.152498185866760091e-07,1.256814072268682998e+06
6.001697869158880154e-07,1.778280322697376832e+06
8.509423648678896720e-07,1.250463538894986734e+06
1.321947501488123531e-07,8.965834673972442746e+06
7.321722001308149321e-07,1.544908027786332415e+06
6.286845149684253202e-07,1.844229779873196268e+06
6.730529759765111980e-07,1.850558239182630088e+06
1.246034597053924706e-06,1.258055878201129148e+06
1.321155083639573043e-07,5.120687507114568725e+06
4.817191392203564171e-07,1.696600074126404710e+06
5.648884601778069825e-07,1.491714000271410914e+06
6.808575733276479685e-07,1.280121681045333156e+06
6.021624257565505541e-07,1.418292346603506478e+06
4.946340853280125274e-07,1.885825556359708076e+06
8.561782917549595945e-07,1.104896721805284731e+06
9.374032962670208979e-07,9.984458229564767098e+05
1.045988989828612942e-06,1.007927047357983538e+06
7.133167143312103987e-07,1.655854533971900120e+06
1.167316875206067174e-06,1.040334800266383449e+06
5.648884601778069825e-07,1.491714000271410914e+06
6.808575733276479685e-07,1.280121681045333156e+06
4.743144523888186357e-07,2.039541149756227387e+06
9.479896771279272803e-07,9.841318894729766762e+05
1.229825189948923030e-06,8.235034389239804586e+05
1.879430497206437961e-06,5.750753903506147908e+05
1.157738543869614314e-06,1.002224148350078380e+06
1.311107722626765458e-07,8.505884473072662950e+06
1.366627788157504478e-06,9.027596423714221455e+05
1.493134734354186771e-06,8.818837399664989207e+05
1.448292720483221100e-06,9.457841555964824511e+05
2.384844629496802633e-06,5.880705650253173662e+05
3.092717350507841242e-06,4.788152326636020443e+05
2.662146364930301306e-06,5.555070306294028414e+05
2.893355940783304576e-07,2.282134763238314539e+06
1.256898582840609185e-06,6.669587498731568921e+05
1.772894098060335194e-06,5.176943837190163322e+05
1.176654550512069936e-06,9.571382328554254025e+06
7.714810797481472704e-07,1.263647762960613007e+06
1.956656461501156122e-06,4.985649648538123001e+05
1.961203171299572816e-06,5.264747656587345991e+05
1.006711887975748136e-06,1.040350209489923553e+06
5.392190518009002827e-07,2.116786504625733942e+06
2.338065438932385803e-06,5.410517647469132207e+05
3.027818375454967546e-06,4.396351848001803155e+05
2.893355940783304576e-07,2.282134763238314539e+06
8.197080646720913061e-07,2.562000383467543405e+06
4.615086317308586380e-07,2.450456161274574324e+07
8.038380631543220359e-07,1.162489775193375535e+06
1.117296053037533785e-06,8.367289539618385024e+05
6.183184580061221543e-07,1.608184785706968978e+06
9.450843493014958086e-07,1.076075226553183049e+06
9.772692651640041564e-07,1.124686181422703899e+06
1.436969404715231171e-06,7.947959915629155003e+05
9.870803575562525119e-07,1.283144786450747866e+06
1.234284902532653763e-06,1.082025140576641541e+06
5.103369306909287289e-07,9.913349187508296454e+05
3.516310761918928971e-07,2.201809768185962457e+06
4.602244603274868197e-07,1.725149137182001956e+06
8.906329714880669016e-07,1.031484945999136777e+06
7.398027033810966982e-07,1.293926664206863381e+06
1.001597536078007953e-06,9.303360551295955665e+05
1.044325402431245575e-06,9.804620970605857437e+05
1.052308051571235792e-06,9.710461541850784561e+05
8.140285816645038902e-07,1.299882884256142424e+06
5.310810124923609094e-07,2.230869312194338534e+06
1.016264818134566830e-06,1.308376396948454669e+06
9.766174399257303222e-08,6.717256200033706613e+06
2.361718187555027857e-07,3.260938185119785834e+06
3.465054742951652969e-07,2.586984538189147133e+06
4.390050017595982191e-07,2.177371088287146762e+06
2.897770277407018905e-07,3.300133253107743338e+06
4.075132248759596745e-07,2.374863262000026181e+06
1.806486889558843820e-07,5.507113652318784036e+06
4.785503326749131991e-07,2.126009866575222462e+06
6.522841636830966308e-07,1.674876812965380028e+06
3.659491574584947824e-07,3.167079705614998005e+06
5.601453949780875432e-07,2.262564573577126022e+06
1.097568432506412760e-06,1.275523483384099323e+06
6.222777132403463398e-08,7.191654242167678662e+06
6.403469477068285891e-08,9.429381212585449219e+06
1.589497129817268475e-07,5.016545249491621740e+06
4.781860531336546637e-08,1.783715677594972029e+07
1.739171981079841393e-07,6.659998766246142797e+06
2.900195737032805888e-07,3.729295650668954011e+06
1.534496684028939223e-07,7.639286467911245301e+06
2.436548068127500875e-07,4.999739771322635002e+06
3.550951747925250671e-07,3.615453639708525967e+06
3.048783048011319172e-07,4.609958365108508617e+06
5.492658962038917721e-07,2.693971475684638135e+06
1.376805197447130904e-07,1.459012716668160632e+07
5.562070030664865375e-08,4.265721904235438257e+07
1.515006094079231916e-07,3.907806584533434827e+06
9.401485970537931606e-08,5.160161922777433693e+07
6.342722513305391897e-08,9.221297807961169630e+06
3.534784475375432457e-07,2.359508961120141670e+06
4.394413055919694548e-07,2.054123048272050917e+06
4.072379793761950325e-07,2.507444252134679817e+06
3.903838330421012035e-07,2.729630416376467329e+06
3.883280839038063545e-07,3.212531146969434340e+06
3.349399224315628517e-07,4.154541017389990389e+06
6.896643190908919224e-07,2.269489555591404904e+06
2.365932965867454084e-07,3.158463677246383391e+06
3.978993563447351330e-07,2.149865998857998755e+06
4.682742090198891462e-07,2.886037088193241507e+06
2.512806072856503098e-07,3.568141088532173075e+06
4.394413055919694548e-07,2.054123048272050917e+06
4.819216512971394461e-07,2.038705233485568780e+06
3.038336011920310261e-07,3.476782286829739809e+06
4.672592479484747096e-07,2.208429542614771985e+06
3.887854656222570743e-07,2.840340259359945077e+06
3.584806906640450111e-07,3.281632878947890364e+06
5.256885011054963716e-07,2.406139666991239879e+06
8.116279333934385342e-07,1.641015429803384701e+06
2.724785474245054760e-07,2.231639203357706312e+06
3.336437723470915361e-07,2.144519074737442657e+06
3.984078952923486235e-07,2.197361298694950994e+06
4.663420768002552274e-07,2.439159733048488572e+07
8.577697571191860616e-07,1.053324714539432665e+06
7.534186091888893160e-07,1.225555856874310412e+06
5.371952966981057108e-07,1.877404185423608171e+06
7.603787077837176628e-07,1.420459932389122201e+06
5.738489190398335404e-07,1.858131162274695234e+06
8.353682251923804675e-07,1.511439407914679265e+06
1.212591918155085754e-06,1.096376870563376928e+06
1.256763070156414644e-07,9.026255791000442207e+07
1.146754984280267184e-07,6.925835005918004550e+06
4.061949072316043499e-07,2.017959410202061059e+06
2.360092058113315492e-07,3.285393799389746971e+06
2.093125276511617342e-07,3.831422933392863255e+06
5.631017109899246681e-07,1.640286613758223597e+06
8.497783368697797810e-07,1.115040823667653138e+06
7.163492487421846191e-07,1.575286681733864825e+06
1.031755352333697361e-06,1.071730433909025975e+06
5.319694790712595924e-07,2.374575004754723050e+06
1.166821368616026523e-06,1.269170455150726717e+06
1.064493133722974101e-07,3.353380608203340694e+07
1.094746982785461054e-07,7.683484728229123168e+06
1.461678898118127714e-07,5.819680922068228945e+06
1.902908269748359755e-07,4.429282454818583094e+06
2.305807000021386148e-07,3.892069416520606726e+06
1.358392719118912460e-07,7.533356632802998647e+06
3.506904763653490851e-07,3.072730450393907726e+06
3.871040880647484937e-07,2.987387121517906431e+06
4.090676876737404057e-07,3.053178648747671396e+06
4.136047113729464765e-07,3.170233273870306090e+06
1.210360374238540969e-07,1.477165974769761786e+07
7.503604550073080545e-07,2.213074188649354503e+06
1.025009612411483775e-07,3.451870972251641750e+07
1.399571473793924009e-07,4.840949922231944278e+06
2.168081395107674246e-07,4.385733964780252427e+06
2.509949407972297651e-07,4.013527763955914881e+06
3.506904763653490851e-07,3.072730450393907726e+06
3.871040880647484937e-07,2.987387121517906431e+06
2.828134968299461274e-07,4.286014484871248715e+06
3.840817421794080914e-07,3.424879287895250134e+06
3.992808179284779295e-07,3.240772873087582644e+06
4.660388713921034001e-07,2.780682167510223575e+06
6.320744358690808597e-07,2.482261155591066927e+06
7.469667410940043066e-07,2.223932714216545224e+06
6.296428255685487595e-08,1.008354628011528589e+07
1.481804495283697375e-07,3.360420038551894482e+06
1.265777599971894519e-07,4.092364658258006442e+06
1.600679401149259548e-07,3.773460641343937255e+06
2.676042725661164548e-07,3.770662160151234828e+06
1.752249780783275804e-07,6.411440581798603386e+07
1.928205942693095061e-07,5.627194782234239392e+06
3.235838745344420692e-07,4.327030959885193035e+06
3.494445520985489808e-07,4.619892415495183319e+06
5.172447937395234631e-07,3.062156460000548046e+06
6.234964771207310701e-07,2.833616903111582156e+06
6.296428255685487595e-08,1.008354628011528589e+07
1.481804495283697375e-07,3.360420038551894482e+06
1.435108072109132504e-07,5.106506540169711225e+06
2.784819677622647796e-07,2.934622110062723979e+06
1.946940394745187547e-07,4.476048350591415539e+06
4.254372567919840398e-07,2.183539430252433289e+06
2.785061259448732955e-07,3.466221826375138946e+06
3.271173755678120176e-07,3.077726112433392555e+06
3.518417669296215777e-07,3.334212504053225275e+06
2.708494009552177562e-07,4.487495327203788795e+06
1.771467754898492871e-07,3.124754616775579751e+06
1.002497361221808461e-07,6.683060677741860040e+06
2.588749428984399807e-07,2.749281647130107041e+06
4.473660241339274944e-07,1.914969251738432096e+06
2.479180132070341796e-07,3.829827201271430124e+06
3.359230978308385948e-07,2.866950643322615884e+06
3.073456536330460244e-07,3.235248463603364304e+06
3.949900259167033692e-07,2.577668947162661701e+06
3.902379483857585507e-07,2.727284558054625057e+06
6.298038985514191832e-08,1.857840439459846914e+07
7.937232288321952589e-07,1.514615024508242030e+06
3.065004043005912222e-07,3.004790939583318774e+06
1.082489068665237926e-07,1.521603940675198473e+07
3.264789695009855922e-07,1.816342802171462215e+06
2.460620976435739437e-07,2.608063549065694213e+06
6.693355222815093805e-07,1.442480467951828614e+06
7.479695308788111709e-07,1.620149541536813602e+06
9.415191913371837585e-07,1.316276848985407501e+06
9.872214543644074991e-07,1.311127514458891936e+06
7.199036522948587272e-07,1.933528070024671732e+06
1.587845545475986360e-06,9.318114346251953393e+05
1.575002795379121395e-06,9.952797860927172005e+05
6.113866446617703507e-07,1.097414906603919342e+06
3.359095738402794290e-07,2.174315540907137562e+06
9.414382383266662026e-07,8.596379697335349629e+05
1.004982459464057287e-06,9.239033042516622227e+05
7.772292694295770215e-07,1.291090593810497550e+06
6.775059010788318643e-07,1.427731344153029146e+06
1.201872304397869370e-06,8.416351754744487116e+05
7.477278455116796372e-07,1.528105773495106958e+06
8.225012614149812219e-07,1.526195467563866172e+06
8.878271050981527586e-07,1.471837881062803557e+06
1.429101798496324001e-06,9.810400770345446654e+05
1.597263276377276861e-06,9.804497715274691582e+05
1.429083147961027875e-07,1.644184568540943041e+07
2.585461668061573717e-07,1.860229722948543029e+06
3.737090123277744788e-07,1.801144271412249189e+06
4.735925484179320111e-07,1.500790836541332537e+06
6.776392520501995778e-07,1.309827806898171082e+06
7.085620067703706529e-07,1.255523393262010533e+06
7.772292694295770215e-07,1.291090593810497550e+06
6.011301476502672340e-07,1.831304204948149621e+06
7.870315060619051755e-07,1.385727094769344665e+06
7.245461354873077640e-07,1.563089380801458610e+06
1.250133364207139801e-06,1.120685876458602259e+06
1.418332823869498794e-06,1.044165408219570643e+06
2.136171301447889216e-07,1.918133180934089236e+06
1.472308405107439053e-07,6.704298499603493512e+07
3.269005066526794159e-07,2.506587436017274391e+06
3.983325955276641879e-07,2.545078013526453171e+06
3.790651905891118260e-07,2.581238387087356299e+06
5.314128257953754212e-07,2.011317650011528982e+06
5.708265572608698303e-07,1.939744106545778224e+06
5.855937431269954546e-07,2.038659131288963137e+06
5.536550316248707340e-07,2.306201515645205509e+06
4.377314011829405243e-07,3.191190763613951858e+06
1.044760812224817235e-06,1.602632482000900432e+06
3.179195411104106453e-07,1.815029576178205200e+06
9.774983998608582990e-08,7.545838312708221376e+06
4.206048239603081653e-07,2.531564010726056993e+06
5.314128257953754212e-07,2.011317650011528982e+06
5.771514025184518801e-07,1.887423015574967489e+06
5.708265572608698303e-07,1.939744106545778224e+06
5.796184940401675608e-07,2.001321295898992801e+06
6.460812112935018640e-07,1.828024798312562983e+06
6.172202392643780782e-07,1.999137724365246017e+06
5.162413330365810638e-07,2.561740660485768225e+06
6.721710453421744127e-07,1.890534327053935500e+06
1.072618066915908165e-06,1.307219683993382147e+06
1.069280901572278266e-06,1.466153127143114340e+06
2.243864153546406165e-08,7.487294019680634141e+07
4.737327254118124165e-07,1.345896396203364944e+06
5.467003685620474979e-07,1.240024634923964040e+06
5.264463641498757019e-07,1.412860414667192381e+06
4.116182194080683668e-07,1.862903685846169246e+06
5.272505577685180970e-07,1.503410569707210874e+06
8.554003784482544858e-07,9.295232602398209274e+05
4.732408474265645976e-07,1.733336099545812001e+06
5.771514025184518801e-07,1.887423015574967489e+06
6.475295977771296964e-07,1.813022438209086889e+06
1.064002104558206260e-06,1.391904277467521373e+06
2.082043481084492756e-07,2.759369202791708987e+06
2.699520120919541595e-07,3.010597037683687638e+06
2.893689559335036002e-07,2.956117026040504221e+06
2.797558528677792719e-07,3.914699567438639700e+07
4.536429261127668237e-07,2.112443342675069347e+06
3.109893253532186623e-07,3.005683285931142047e+06
3.870165516039425545e-07,2.720934091399491299e+06
3.840251302163132568e-07,2.713421474868322723e+06
3.475898767510789154e-07,3.150041111997131258e+06
2.380471135460661272e-07,5.803083022527125664e+06
7.624472133877905858e-07,1.746955455366218463e+06
6.821850894437485130e-07,2.055501219353870722e+06
3.117761113751549465e-07,1.744100351859493880e+06
2.082043481084492756e-07,2.759369202791708987e+06
2.699520120919541595e-07,3.010597037683687638e+06
4.728925074997307874e-07,1.938464236801268533e+06
5.864108088297393279e-07,1.676182626779240556e+06
3.177867835213149695e-07,3.035357914784354158e+06
5.958886436398663422e-07,1.643715129599395674e+06
4.859232105518418563e-07,2.109645881719825789e+06
5.244047628621079367e-07,1.927234966104118153e+06
5.287709449301423105e-07,1.912856823690649820e+06
1.788267060580290983e-07,9.696850711224071681e+06
1.022179274958901937e-07,5.889847346921264194e+06
2.318755140162393837e-07,3.508427462268522009e+06
1.862651610710136101e-07,4.358719379446438514e+06
1.737076328278073884e-07,4.724236998055679724e+06
3.420744637926816837e-07,2.472339601244026795e+06
4.728925074997307874e-07,1.938464236801268533e+06
5.244047628621079367e-07,1.927234966104118153e+06
5.054069504156049455e-07,2.340347787597258575e+06
4.739398545472919893e-07,2.466235630980219226e+06
4.453055074134771899e-07,2.934299789220650215e+06
6.806213472811786536e-07,2.064425141248294851e+06
8.289593026644175030e-07,2.005088637468239991e+06
7.952150182984476152e-08,1.158750011377232522e+07
2.454232910926653616e-07,3.372119970361427404e+06
1.737076328278073884e-07,4.724236998055679724e+06
1.862651610710136101e-07,4.358719379446438514e+06
2.073954969326343992e-07,4.348266951258157380e+06
3.254715266249676352e-07,2.962052676191435196e+06
5.025632450694143901e-07,2.291708365014808252e+06
6.604770036910670532e-07,1.779720675540646305e+06
4.227289836782381712e-07,2.706126972334865946e+06
1.029155155327647259e-06,1.524791857440648368e+06
3.485422561362602322e-07,5.366634103328380734e+06
2.463799482548078227e-07,3.070080234138654079e+06
6.095541662622945783e-07,1.253619361403872725e+06
2.448637911192340993e-07,3.600041734519394115e+06
7.874806487634643352e-07,1.185596230874139117e+06
3.331900446782041751e-07,2.771594067833933048e+06
4.038085878402203112e-08,2.216615628612845764e+07
4.936655255521377044e-07,2.093020353813826572e+06
6.942908895233495245e-07,1.640463521323928609e+06
7.339580806704819120e-07,1.547111851813904243e+06
6.400475047139451874e-07,1.764680437426134013e+06
1.093546222940816596e-06,1.282436865640831646e+06
1.299348598694042380e-06,1.139142978780039353e+06
7.473669447962926893e-07,1.087064268028660445e+06
6.895001384903307478e-07,1.175521177985049319e+06
8.906953261006839352e-07,9.647993652697106590e+05
7.920307783926073369e-07,1.097998594103416661e+06
1.447898304385663766e-07,6.092445863684833981e+06
8.234700943489120067e-07,1.161232206074001268e+06
1.337547209415940766e-06,7.400983096707538934e+05
1.019630695090809991e-06,1.033725385470559588e+06
1.174169829817766530e-06,9.582953878262502840e+05
1.219403415827357563e-06,9.428441238078402821e+05
2.102482708476330401e-06,6.023802231379958102e+05
1.962644065833967179e-06,7.545576744625746505e+05
6.181473871025870295e-07,8.914062522436998552e+05
1.287792651226481470e-06,6.429462714511745144e+05
1.513472677537296592e-06,5.566345029981891857e+05
1.477279899634840032e-06,5.720017959440823179e+05
1.438138818343342727e-06,6.051039226822758792e+05
8.310438756287244822e-07,1.170337082210420864e+06
7.020430131171595618e-07,1.376762961137150414e+06
7.732782677154561330e-07,1.374126929261921206e+06
1.014654361210474704e-06,1.091593340701226145e+06
1.048910850971343714e-06,1.119060653627540916e+06
1.661445566810449807e-06,8.447013034247388132e+05
5.653466595017592037e-07,1.121595555382726481e+06
5.687052461811377063e-07,1.090555621136633679e+06
6.950579683326750676e-07,9.948916506497609662e+05
8.748605745775892301e-07,1.025185080796476267e+07
9.276651409733388943e-07,9.772594783715751255e+05
7.240040421882511892e-07,1.199510656376084546e+06
7.006102876871053517e-07,1.245232309414179297e+06
6.816947302755493640e-07,1.427809514756883262e+06
6.377634393362003956e-07,1.546545181331411935e+06
1.668945859924696802e-06,7.563213387034963816e+05
8.170374746741324508e-09,6.030158305604147911e+08
1.311892468237384990e-07,3.691609304955435451e+06
3.066905796429834361e-07,1.695458024908911204e+06
5.262695585336087851e-07,1.953624618893981678e+06
4.611914438339260215e-07,2.229746515502543189e+06
4.895946259770912835e-07,2.166921031221952755e+06
5.699931335850131717e-07,2.062280333900026046e+06
5.120090174992826422e-07,2.431097899717047811e+06
5.263417039144982980e-07,2.478375543022064492e+06
9.782440405070420692e-07,1.515245852337390883e+06
9.307706704612057979e-07,1.683596045206138631e+06
1.057584280758673785e-08,5.793771315928249359e+08
1.264717568277324388e-07,9.463290223072165623e+06
9.523458632112951242e-08,1.063434145889946632e+07
7.825315651154467981e-08,1.346136052050560340e+07
1.322926530583996038e-07,7.231470636170281097e+06
1.507910804883895516e-07,6.678276052220422775e+06
1.127988755478442604e-07,9.929645493354452774e+06
1.566615982625373337e-07,6.962268321649263613e+06
1.549088024177635027e-07,7.551530240310029127e+06
1.996001103390704016e-07,6.070968930419752374e+06
1.811864201410163018e-07,7.726620378243683837e+06
2.692698264556019022e-07,5.301221775436013937e+06
3.998319741251319803e-07,4.157303251533586532e+06
1.399033286015224104e-07,1.531154576812530123e+07
2.248448417125643013e-08,2.709479170524644107e+07
1.453899483942577886e-07,4.160166452414322644e+06
1.770669460164794984e-07,6.432051781602952629e+07
4.037032670040464229e-07,2.125877992145841476e+06
2.365819157395594248e-07,4.379871868096703663e+06
2.830791473681924575e-07,3.716514961208943278e+06
3.702636740516495492e-07,3.014388977841689251e+06
3.039017516651846751e-07,3.903068336269598454e+06
3.063313550950770223e-07,4.048667950345243327e+06
3.206410381293335645e-07,4.048709309316863772e+06
5.160101567191136177e-07,3.045580067969654221e+06
5.442638494455204479e-07,2.879674305362707004e+06
1.621180238436717090e-07,4.895656677309311926e+06
4.112559369035941211e-07,2.002305363080179784e+06
4.595691721304295669e-07,1.757694395245824708e+06
3.024796646947506556e-07,2.880092220540512353e+06
3.906588472253072487e-07,2.406482656108554918e+06
3.516754959180127198e-07,2.732631700875099283e+06
3.958521102449237245e-07,2.568816890041622799e+06
3.975854793407771970e-07,2.553266179564788938e+06
3.377734151498019984e-07,3.048496051052915398e+06
3.735676531165502370e-07,3.130165235095779877e+06
5.229499214247768972e-07,2.256279004949492402e+06
8.406473972876711635e-07,1.865969890292251948e+06
3.126018019577962711e-07,1.206750980555147398e+06
4.693854902461485104e-07,1.492795350364080165e+06
5.083233563866567623e-07,1.782444353459774284e+06
6.786858277014779596e-07,1.232452466032330645e+06
6.314796195565647908e-07,1.479450325361955678e+06
5.242415965747904241e-07,2.007747117894084426e+06
1.108205581858221464e-06,9.623693126782750478e+05
1.333324401499269496e-06,9.729551018961643567e+05
1.188377626175433939e-06,1.236131482200286351e+06
2.238747412352762000e-06,7.000378327165455557e+05
2.587811635922202871e-06,6.856365429665115662e+05
2.747112521930074707e-06,6.443846891947449185e+05
6.885642983903516859e-07,1.006690935490487725e+06
5.953834098744518336e-07,1.321597289107841905e+06
1.384851225187664874e-06,6.277628045476037078e+05
9.437047747211780586e-07,8.995402752731250366e+05
1.690806872243804583e-06,5.744244433000778081e+05
4.780474761773148847e-07,2.284316188147291075e+06
1.540967172066468024e-06,7.276049650469388580e+05
1.640195425418912013e-06,6.917750249963821843e+05
1.088964438356589049e-06,1.161079831215140643e+06
1.577624756872416151e-06,8.272641096882493002e+05
2.398964123228628814e-06,6.178760238252527779e+05
2.921573514543062856e-06,5.064888651080878335e+05
5.286837145621722923e-08,2.649993048521265760e+07
7.201396293809286820e-07,9.022358900160663761e+05
7.619073782319874640e-08,3.911600475887513906e+07
6.868382239333177458e-07,1.205729999841719866e+06
5.865503274470535502e-07,1.605208280328471912e+06
7.291073301573328209e-07,1.388306698865567800e+06
7.921446690329046300e-07,1.290285445971359033e+06
8.122403349270500519e-07,1.308682525900342269e+06
8.113990019492737967e-07,1.363972753851554357e+06
1.232955445650242356e-06,1.118316473050495377e+06
1.483348778957895973e-06,9.279286688674109755e+05
8.688846220696765794e-07,1.701520765123268822e+06
2.120055362614380000e-06,7.884531002225053962e+05
2.327258589916685061e-06,7.601190004516899353e+05
4.913543164519699533e-07,1.230844291403537616e+06
5.865503274470535502e-07,1.605208280328471912e+06
6.398004969851357377e-07,1.523246215887491126e+06
6.051837467408120044e-07,1.626820390525036259e+06
7.921446690329046300e-07,1.290285445971359033e+06
7.291073301573328209e-07,1.388306698865567800e+06
8.203016952636135287e-08,1.154757915739808045e+07
8.122403349270500519e-07,1.308682525900342269e+06
5.862404577073030081e-07,1.901177044058839092e+06
6.105523796145898203e-07,1.817087261680433527e+06
6.155264847400028278e-07,1.783246926824432798e+06
5.313407514462303137e-07,2.317285033622184303e+06
1.272684222701609144e-07,1.770490257215029374e+07
1.142860248568705495e-07,6.905761695212854445e+07
1.844207082524828732e-07,2.888605699902727734e+06
3.915395885063025739e-07,2.808124741144184023e+07
3.929248245490087224e-07,2.554813282488153316e+06
4.833169723875622977e-07,2.005398133643228328e+06
5.093490123794672210e-07,2.045250795371107059e+06
6.105523796145898203e-07,1.817087261680433527e+06
5.862404577073030081e-07,1.901177044058839092e+06
5.225257859524867666e-07,2.366296484984160867e+06
4.612960635811807979e-07,2.833954453373995610e+06
8.709664750259718775e-07,1.799899608513380401e+06
2.585600497983636777e-07,3.502844824882981181e+07
1.159457752961799088e-07,7.179493869751065969e+07
2.590387079875248927e-07,2.675170325737998262e+07
6.862467584172773212e-07,1.317646900395258097e+06
8.911837297986008649e-07,1.275422475504316622e+06
9.874240159846612325e-07,1.190659149613749469e+06
6.088815067831694626e-07,1.872174028107110411e+06
9.294662757690728930e-07,1.577321596684320830e+06
1.620461162849645540e-06,9.679266319389466662e+05
2.066980793687630202e-06,8.074495777976171812e+05
4.529040133397329882e-07,1.337434642801969545e+06
6.793474037585055183e-07,1.134971739169846755e+06
1.614875138463132850e-06,5.415324305233402411e+05
9.203858503579521320e-07,9.264635970978840487e+05
1.553262879820529010e-06,5.885685292257330148e+05
1.067522489667159673e-06,1.025374027604827774e+06
8.453846798607397365e-07,1.410217628791061696e+06
9.874240159846612325e-07,1.190659149613749469e+06
1.222620274356681352e-06,9.637229547768362099e+05
1.631496529582545824e-06,9.077350946690839482e+05
2.043162320787527067e-06,7.246851218280500034e+05
4.393492389983595278e-07,1.334038489664658438e+06
5.315921600200410753e-07,2.077621262048121542e+07
5.078393897479947651e-07,1.603295578733826289e+06
9.098959038912996592e-07,8.676576839003245113e+05
1.614875138463132850e-06,5.415324305233402411e+05
8.323113360376628919e-07,1.012183733731390908e+06
6.037472545170420744e-07,1.831223765026147291e+07
1.155156745793044417e-06,9.924543746351934969e+05
1.101269517670229863e-06,1.183310641123158624e+06
1.640773671272065417e-06,9.106820165406990563e+05
1.851277851005736085e-06,8.697262158726431662e+05
3.404869922321901481e-07,2.101450667874234263e+06
4.079245242547499917e-07,1.857240295775408298e+07
5.254559451477021669e-07,2.169011843195429817e+07
5.774965849668460481e-07,1.346169647236033110e+06
6.756669235330444212e-07,1.593937681306480663e+06
8.382855936328055290e-07,1.275872904158915626e+06
7.418793646534419184e-07,1.425702089122694451e+06
9.035414279598074874e-07,1.187928437189757125e+06
7.599991283188452665e-07,1.460139341672617709e+06
1.044217518597810561e-06,1.278818898193379864e+06
1.341834852813633184e-06,9.925789827441746602e+05
1.195064351073137870e-06,1.116866756183550227e+06
4.810736788845958478e-08,4.725259077537200600e+07
4.442556764117827582e-07,1.561624840175769292e+06
5.175401865977841857e-07,1.498508756444446929e+07
2.905267876830105092e-07,2.755825543743937276e+06
9.117723217447976255e-07,1.009995379121927428e+06
1.027517730197153962e-06,8.782664443838034058e+05
3.845743996875674322e-07,2.588212277263509575e+06
4.423112451815179012e-07,2.400761256818647031e+06
6.329307125322017384e-07,1.738009546026458265e+06
6.255666229982817290e-07,1.724114769582600798e+06
7.292538067427433764e-07,1.699678464753666194e+06
8.737559174585588312e-07,1.517700375034901546e+06
1.259038006262052244e-06,1.175742085436937399e+06
2.801205960075210051e-07,3.066208210896699224e+06
4.031065548800081594e-07,2.470812009658097290e+06
4.821295938810828207e-07,2.003243973612640984e+06
3.810017984964040238e-07,2.693556655312022660e+06
6.497845171721007494e-07,1.578720976178922225e+06
4.067791793168171957e-07,2.495807170043537393e+06
6.641246574098366791e-07,1.545760650536276866e+06
3.672794866971592872e-07,2.810469329998805653e+06
5.028201694626701245e-07,2.103154160920201335e+06
4.187524569907162872e-07,2.650205581590705551e+06
4.335066134716099102e-07,2.437414989134027623e+06
5.007731258937581007e-07,2.592681699546343181e+06
8.690020977049866298e-07,1.701684623657780467e+06
3.337351802196280280e-07,2.507276686374962796e+06
3.595355359186145947e-07,2.381073060189240146e+06
7.396808186707421697e-07,1.165380579935295274e+06
4.603950703538377204e-07,2.150578607637945563e+06
4.821295938810828207e-07,2.003243973612640984e+06
4.031065548800081594e-07,2.470812009658097290e+06
3.672794866971592872e-07,2.810469329998805653e+06
4.467704702935488307e-07,2.254637974978948012e+06
4.067791793168171957e-07,2.495807170043537393e+06
5.072574851125115317e-07,1.994274824385106564e+06
3.895536336009805046e-07,2.647700639944628347e+06
5.179000641348378705e-07,2.670317846678382251e+06
4.510407843148222736e-07,2.525622674285509810e+07
3.337351802196280280e-07,2.507276686374962796e+06
3.595355359186145947e-07,2.381073060189240146e+06
6.605468285232473010e-07,1.439019349920652807e+06
4.603950703538377204e-07,2.150578607637945563e+06
4.038716904216364497e-07,2.444361936455518473e+06
5.072574851125115317e-07,1.994274824385106564e+06
7.341841316975268977e-07,1.384121409214455169e+06
6.762707957969229334e-07,1.591448289837753167e+06
6.766588504987841749e-07,1.653854256079500308e+06
9.584404239517022882e-07,1.262848945787114557e+06
1.033888034548227216e-06,1.287243954887784785e+06
9.060455669413824645e-08,2.547719750364762172e+07
4.030415148006953489e-07,1.321060223443499999e+06
7.366647613751498790e-07,1.101214599083086941e+06
6.805676351487472533e-07,1.243270882944347570e+06
8.204087061119605404e-07,9.934897089904083405e+05
7.292490896623955666e-07,1.247152450629174476e+06
7.735612746297998225e-07,1.210705642709460575e+06
6.455405081281171068e-07,1.447746933838869212e+06
5.887024503162333625e-07,1.612129973203020403e+06
5.662712022398533870e-07,2.002339791244912893e+06
5.393747373491428744e-07,2.118234380619857460e+06
1.035303664775617498e-06,1.353350783245038008e+06
4.322450492567132493e-07,1.335494468345764326e+06
3.903971553359446008e-07,1.660648590320793446e+06
5.887024503162333625e-07,1.612129973203020403e+06
6.455405081281171068e-07,1.447746933838869212e+06
6.735630590811607216e-07,1.528738597982891602e+06
7.278329255513235239e-07,1.521977632290847600e+06
5.393747373491428744e-07,2.118234380619857460e+06
7.481565639413309780e-07,1.572826106467453530e+06
5.081024561190825280e-07,2.397959375481682830e+06
2.176111384514414028e-07,5.913575016225086525e+06
6.982704284454986025e-07,1.840703079929954605e+06
1.027296782096675120e-06,1.440835402948892675e+06
1.171624783467181384e-06,1.264737216757602058e+06
4.214321660157033073e-07,1.751059291477728635e+06
7.511696921691292558e-07,1.156472668623875128e+06
4.709578917576585861e-07,2.417301565474723652e+07
3.080549629835093400e-07,2.989904772748156916e+06
8.701246746790619461e-07,1.120350711724598194e+06
6.735630590811607216e-07,1.528738597982891602e+06
8.571579659841163462e-07,1.187071842552343151e+06
1.195821536902495431e-06,8.957281682901917957e+05
7.278329255513235239e-07,1.521977632290847600e+06
8.650812353612110540e-07,1.404981945870339172e+06
9.002585576363322270e-07,1.451192315131557873e+06
1.440716121551589507e-06,1.035726717965498567e+06
1.702489109771469764e-06,9.219317541305768536e+05
3.136414081944602030e-07,3.289093369027310051e+06
5.933268746552379759e-07,1.944335734631342813e+07
6.344613880043061407e-07,1.351024446385520045e+06
7.671746337944811484e-07,1.157865827312018257e+06
1.183355788180225209e-06,8.280659470831910148e+05
6.518171694623615869e-07,1.542908042496567126e+06
9.557079762580004549e-07,1.106326041170196142e+06
1.097802754661499414e-06,1.073205653862128267e+06
9.490756139677969692e-07,1.256323753725694027e+06
1.655610686523499489e-06,8.058490502093757968e+05
1.779128509405084416e-06,8.815118110245659482e+05
3.346257697956639764e-07,1.632814883255795809e+06
2.585638252097681450e-07,2.369017384201863781e+06
2.574102138685835882e-07,3.279612356717740186e+06
6.538802026232594100e-07,1.262873608219050337e+06
3.857988120700155900e-07,2.113752016072759405e+06
7.497110817705933705e-07,1.235177765431100968e+06
4.904756520044686140e-07,2.181086890897904988e+06
3.161355260157902232e-07,3.503177225226175506e+06
8.969358077911391689e-07,1.396118089960377198e+06
7.327378705812236700e-07,1.820197965908763232e+06
1.729756143600099322e-06,9.624168820843042340e+05
2.384719949003623245e-07,8.821584456239810213e+06
2.139697938885321815e-07,2.595822009983141441e+06
4.604576927489343300e-07,1.709059053792756051e+06
2.667184186835640859e-07,3.063066493364247959e+06
2.628066800483045247e-07,3.376304309730215929e+06
5.704834031241992961e-07,1.514450943571706535e+06
3.798806825174197869e-07,2.235389362544673961e+06
4.241569958978417018e-07,2.601956730212692544e+07
6.770678025958830542e-07,1.594140187744266121e+06
2.459515762903924890e-07,5.175518635280561633e+06
6.762910462657068360e-07,1.965757088353251573e+06
1.019285397515162046e-06,1.376615749142639805e+06
1.831219577699602214e-07,5.253507200679224730e+07
1.960541002483072141e-07,2.312430204801866785e+06
3.306984422024342863e-07,2.297284657635689713e+06
5.346348350568224439e-07,1.739249783335930901e+06
4.565662106360379212e-07,2.006109404998444021e+06
5.571273228887091254e-07,1.640706418784965761e+06
7.580827028860181982e-07,1.447920807797718327e+06
5.212792584514211551e-07,2.532010864496580791e+06
8.274670632320367060e-07,1.914436795490978053e+06
1.041470574284048990e-06,1.595624150374306366e+06
1.151230833886226350e-07,4.134869464813499246e+06
3.989141541909629929e-07,1.190991478413307574e+06
5.543379828354648707e-07,1.611372258044914110e+06
1.076330838940500306e-06,8.085063970044812886e+05
1.113555567091614329e-06,8.374969673838977469e+05
6.436789666351143154e-07,1.505191405834634323e+06
9.263376401442466246e-07,1.067352877266791882e+06
9.834004339600525141e-07,1.034192787406105781e+06
1.001487757256521195e-06,1.317950693092529895e+06
2.047540571871464113e-06,8.130228493502849014e+05
1.838817237442088340e-06,9.658205082226416562e+05
9.386500895286992346e-07,4.587744989755782881e+05
1.628269091385706980e-06,4.679133911081214319e+05
1.076330838940500306e-06,8.085063970044812886e+05
1.838389512603138402e-06,4.937737931614280096e+05
1.837619355687540458e-06,5.135582405030748341e+05
1.414365167314194507e-06,6.731953215177467791e+05
1.562478513398935530e-06,5.990461349020152120e+05
1.838320359794691067e-06,5.149662971145352931e+05
1.113555567091614329e-06,8.374969673838977469e+05
1.828746266636779962e-06,5.353867522227389272e+05
4.840826189388930335e-07,9.720358116421410814e+05
3.927133587934030884e-07,2.237266468679789919e+06
1.311843589972284049e-06,6.996842226738316240e+05
8.168160307819621587e-07,1.170022203262120252e+06
1.482526429496792491e-06,6.290066574783687247e+05
9.381881418764907863e-07,1.032853687514126883e+06
1.499200220350661193e-06,7.914831488097287947e+05
1.461481363578022221e-06,8.107363493696280057e+05
1.495966216385316564e-06,8.266710777086522430e+05
1.410830759345065541e-06,8.840410948384950170e+05
2.628854013026215124e-06,5.960298307893587044e+05
2.550863617197710253e-06,6.145490120493654395e+05
7.732340761386730693e-07,2.256784121921690647e+06
3.471942787293877285e-07,1.623538550070437370e+06
4.278358552046553333e-07,1.277138387454064330e+06
3.669739492043473748e-07,1.511331097754203947e+06
3.947528463166751904e-07,2.412506333060572855e+06
4.132948949295327738e-07,2.369201388855273835e+06
4.772901037675121813e-07,2.028718879436263349e+06
4.350784005112963195e-07,2.361879700475570746e+06
1.064422910595820994e-06,1.070012459460102953e+06
6.881225526709227172e-07,1.658288941879409598e+06
7.022311632007142960e-07,1.944574696255108342e+06
1.237084808025000741e-06,1.266747622343278024e+06
6.926057459934713678e-08,1.729683359257709384e+08
3.900553983851928605e-07,4.892550810488514602e+06
3.032410329784755124e-07,3.087379352361052763e+06
3.947528463166751904e-07,2.412506333060572855e+06
2.984518183200843866e-07,3.393801925648006611e+06
4.132948949295327738e-07,2.369201388855273835e+06
3.739502308888235650e-07,2.566574673681649845e+06
4.957221280168458819e-07,2.050665696614420507e+06
3.397506234887734718e-07,3.151270723435941152e+06
4.038754033451223976e-07,2.744936954439052381e+06
3.946865121949955035e-07,2.951387988638564944e+06
2.434452420413472498e-07,6.708509176677439362e+06
9.112261858734801671e-08,3.076479599366591498e+07
2.810491222314735475e-07,3.386196022439969704e+06
4.398252540235083184e-07,2.001240476700194180e+06
3.739502308888235650e-07,2.566574673681649845e+06
5.213068220618551767e-07,1.949667487773294793e+06
5.121973994332872455e-07,1.996111866648374591e+06
4.951605289277090282e-07,2.236395927462051157e+06
4.944033005574620153e-07,2.244297916319577489e+06
4.618706733799474798e-07,2.420412084055886138e+06
4.845997285082040495e-07,2.402891117057720665e+06
4.352800270125001510e-07,2.682239361692508217e+06
4.391223863684076666e-07,2.650383556228996720e+06
2.260721626562818353e-07,2.189575152591312770e+06
2.564634890678844087e-07,1.956071008162346436e+06
3.426466928949462977e-07,2.255731217110927682e+06
5.227220559413740490e-07,1.406125893048082478e+06
3.827993505297006144e-07,2.316642202681674436e+07
3.347260142853501271e-07,2.772517471349202562e+06
5.510770216017027468e-07,1.669556615213319892e+06
4.217248201169713936e-07,2.279084445782450493e+06
4.327304054409605591e-07,2.857476993121994194e+06
7.262413588102269565e-07,1.926619388594610384e+06
2.460339764013840953e-07,3.660391652910788078e+06
3.259414352380113181e-07,2.963116679603237659e+06
1.128809062835932150e-07,9.203830703248115256e+06
2.954877826620514422e-07,3.327086422982195392e+06
3.084453004035751308e-07,3.262943110058893915e+06
3.020878447859318962e-07,3.253948379342585802e+06
2.330832182674694136e-07,4.427047956131211482e+06
1.874662979168565843e-07,5.540122653253214434e+06
2.389258702184980082e-07,4.374541231335975230e+06
2.480547778880221604e-07,4.484028165588033386e+06
2.915549849852703793e-07,4.271913500184020028e+06
2.908855951170641238e-07,4.474070806846725754e+06
5.225462609488618349e-07,2.832784849426080938e+06
2.933594958155838801e-07,1.445751893313616514e+06
1.275447862870671548e-07,4.717282316103164107e+06
8.107739759263092687e-07,1.044201883721755468e+06
3.735152533121765978e-07,2.518414521109432448e+06
3.734984875692169073e-07,2.614772297309357207e+06
5.143249809346622925e-07,2.147649152572093066e+06
9.337105391495407659e-07,1.157915046623467468e+06
7.825761809330886594e-07,1.584039595184684964e+06
2.555258478824033313e-07,5.077739853694208898e+06
7.899408304972157893e-07,1.743854119460771093e+06
1.435611410424730015e-06,1.031588248296429054e+06
1.477344420496684886e-06,1.125249328843130032e+06
4.624748248621022065e-07,6.092971098233846948e+06
8.833218856896975896e-07,9.549201314991350519e+05
7.920480142340520355e-07,1.039128598796876613e+06
1.006030552524455544e-06,8.720440906130615622e+05
6.168540881927039932e-07,1.511268888564996654e+06
8.590436880966083751e-07,1.056323310464568203e+06
1.031618694740133627e-06,8.746594057410090463e+05
1.043974638134016057e-06,9.080920824605278904e+05
1.089290894586971699e-06,8.973237351203390863e+05
7.448683489759603764e-07,1.352604410105646122e+06
1.323950071947585115e-07,1.197109500127915666e+07
3.463065129797345636e-07,1.234353798712508520e+06
4.104950901211745280e-07,1.457756341307176976e+06
3.966899843121197648e-07,1.383291654569023522e+06
8.833218856896975896e-07,9.549201314991350519e+05
6.191371452561838349e-07,1.495169787254984956e+06
8.590436880966083751e-07,1.056323310464568203e+06
7.454421403557641782e-07,1.251189852275381330e+06
8.420100358890499389e-07,1.286350555233963067e+06
1.094956387221472198e-06,1.049894796601501061e+06
4.027131865703719762e-07,1.490097656225840328e+06
4.060192071359516078e-07,1.391112500301064923e+06
3.462530947151922364e-07,1.981758133375096601e+06
1.379876654213780664e-06,7.163285041453009471e+05
1.293894103954791323e-06,7.860792872555765789e+05
1.509219877183086689e-06,6.736107804930087877e+05
1.008061820482362102e-06,1.044841295940116397e+06
1.472768297571672054e-06,7.502576245348420925e+05
1.219210532223508060e-06,9.698322502541620051e+05
1.111169380025847572e-06,1.122182678205336444e+06
2.097531298648805280e-06,7.472520004345915513e+05
5.478284780351187674e-07,9.526276518164934823e+05
1.266840749499475633e-06,7.338844569821505575e+05
1.448973644181414890e-06,6.529816684770510765e+05
1.491737414845943906e-06,6.300815190698151710e+05
1.332899722471017474e-06,7.298496744414755376e+05
1.053338883486218146e-06,9.348314924632551847e+05
1.242406294770925471e-06,7.905191508100638166e+05
1.509219877183086689e-06,6.736107804930087877e+05
7.709939809729064722e-07,1.340948475126469042e+06
9.143043558377988024e-07,1.101763325203430373e+06
1.079968994967629269e-06,9.842636572574604070e+05
4.538003566055774919e-07,1.885612628656048328e+06
1.416779285652872732e-06,6.149166861714831321e+05
1.339070322490940656e-06,6.825240286566984141e+05
9.501991506638980834e-07,1.164526422396176727e+06
4.670018610170774155e-07,1.888475536155673908e+06
1.053338883486218146e-06,9.348314924632551847e+05
7.709939809729064722e-07,1.340948475126469042e+06
9.143043558377988024e-07,1.101763325203430373e+06
5.998664598483560693e-07,1.782045065789259970e+06
6.969788355100406186e-07,1.589145029457350727e+06
8.831615587894962908e-07,1.332830258479319280e+06
1.480554340163195535e-06,9.473530161500987597e+05
2.302502984221511189e-07,9.864720919823115692e+06
1.982356981402419667e-07,4.122552409277800471e+06
4.620197710507647165e-07,1.785645545767850941e+06
6.875767212883421222e-07,1.365926563255816000e+06
8.087532938690726056e-07,1.257255142870198470e+06
6.969788355100406186e-07,1.589145029457350727e+06
9.264042451331603328e-07,1.226830995683576912e+06
1.077951600565817871e-06,1.103270344364416553e+06
1.043998167554020639e-06,1.140350551783068106e+06
8.831615587894962908e-07,1.332830258479319280e+06
1.072920150798314117e-06,1.093594026064993348e+06
1.480554340163195535e-06,9.473530161500987597e+05
1.993205571582866472e-06,7.031118027600290952e+05
1.728336659434127183e-06,8.569660701769330772e+05
2.029409731264852580e-07,4.375072784753312357e+06
6.661255088028493337e-07,1.510674103289362276e+06
1.169158367288698078e-06,7.550376615882012993e+05
6.875767212883421222e-07,1.365926563255816000e+06
1.052266715142662087e-06,9.340067828080358449e+05
8.627850557937089614e-07,1.125082455761372345e+06
8.087532938690726056e-07,1.257255142870198470e+06
8.677593195945436496e-07,1.195070345982806291e+06
1.039708590640507049e-06,9.820438369848032016e+05
1.486079993781336653e-06,7.093277016762690619e+05
9.767300363907674370e-07,1.132682932632621611e+06
2.003911393405443146e-07,1.985591709428070579e+06
3.029746373583816566e-07,1.728928707387396134e+06
3.844118234597475482e-07,2.541413121034647338e+06
5.485471572295679339e-07,1.816656699048349168e+06
9.060672324372699899e-07,1.187350517402807018e+06
9.767300363907674370e-07,1.132682932632621611e+06
7.109212835520980450e-07,1.735029597880421905e+06
8.481328405368800715e-07,1.466111651489942567e+06
8.179449568843144231e-07,1.600214394160674419e+06
5.731499506779066176e-07,2.298761075410528574e+06
1.150734209294321453e-06,1.362618260833367705e+06
1.479630670143645846e-06,1.122393315329859732e+06
1.317006193400424787e-07,5.487847043864817359e+06
1.915722167208233498e-07,4.134632951882725582e+06
1.935801835188788499e-07,4.229905098705297336e+06
3.844118234597475482e-07,2.541413121034647338e+06
2.962882184018771203e-07,3.220344532159664202e+06
3.345792300317572587e-07,2.915267185375343077e+06
2.844507394885330452e-07,3.571772700018706731e+06
2.590454847330396337e-07,4.153365053910887334e+06
1.448288966470162805e-07,7.512458295593696646e+06
1.957632761243232867e-07,5.987610995230204426e+06
3.261610696843273582e-07,3.868146341139015276e+06
6.424649120550515046e-07,1.957570835915710311e+06
1.200304066411764527e-07,3.622024908547682688e+06
8.764517479278638729e-08,8.916241617655115202e+06
2.017950118862271221e-07,4.032315127540321089e+06
1.835937382213504865e-07,4.231567092122683302e+06
2.469631795799361687e-07,3.524489018116777763e+06
3.071618440028363670e-07,2.963010480912981555e+06
2.962882184018771203e-07,3.220344532159664202e+06
4.874067199793578153e-07,2.501109673948703334e+06
7.780916552036789415e-07,1.699105935087963939e+06
7.165934478838759126e-07,1.798346323512879200e+06
1.059512124726720935e-06,1.570459822585351765e+06
2.253723050557274715e-07,3.702505003345813602e+07
9.213841941037375306e-07,9.126451750262392452e+05
1.365947540841092913e-06,6.691521814023472834e+05
1.116391534432635643e-06,8.582675708895585267e+05
7.631815045773633706e-07,1.440079098939948715e+07
1.772423615851676563e-06,5.961108530750678619e+05
1.057323980798252722e-06,1.073870326229822356e+06
1.767020654970784189e-06,7.532492656291784951e+05
1.783972805820779072e-06,8.348160111969046993e+05
1.989980895708352743e-06,7.898653157360707410e+05
3.399628851408388330e-07,3.290146026777478680e+07
6.856375032752259245e-07,1.100068961953136837e+06
1.061642055770208448e-06,8.300024393620587653e+05
1.132328058273776373e-06,8.296226553906496847e+05
1.408200181124642002e-06,6.978993192696821643e+05
1.172520003356331969e-06,9.248820643509102520e+05
1.068681035354947205e-06,1.067987095860904315e+06
1.827071759209085414e-06,6.274367607750871684e+05
1.003889762958324773e-06,1.185331314867438283e+06
9.545434030024093116e-07,1.302010985063647386e+06
1.997020214616775465e-06,7.434914359125929186e+05
2.037684218595867476e-06,7.265734363074913854e+05
8.682947635950757919e-08,1.755830225561888516e+07
2.486691893006016024e-07,1.840002741607086733e+06
1.352856191056960854e-07,3.523030640208667610e+06
2.961149978574033741e-07,2.977556353878102265e+06
3.770069003617488096e-07,2.816453968912992626e+06
5.799655051189992065e-07,7.940725537893624976e+06
5.426140926803260441e-07,2.241381082077706233e+06
7.389433144254879716e-07,1.705430700771853328e+06
7.694410638026490341e-07,2.041810409901844570e+06
1.399174518544802465e-06,1.193067872285507154e+06
1.461497213937243074e-06,1.211423881431455025e+06
1.039901914750888801e-07,1.127459641477905773e+07
1.352856191056960854e-07,3.523030640208667610e+06
3.779086396837233672e-07,2.499074802418672014e+06
1.238610536495654601e-07,2.053755273430043086e+07
2.638790371903734129e-07,3.496124704238315113e+06
3.687981030444266873e-07,2.660074278819381725e+06
3.424787763349068619e-07,3.000114579700676259e+06
3.609206059116808869e-07,2.950014135592351668e+06
2.470985488785565054e-07,4.157909723410768900e+06
1.703272276740133818e-07,7.049688347236641683e+06
1.198273355434136457e-07,3.542466421613369603e+06
2.217299953271623426e-07,2.592640620895412285e+06
3.804992365582991956e-07,2.234352729638086632e+06
3.480603403823826185e-07,2.549534299931990448e+06
3.687981030444266873e-07,2.660074278819381725e+06
5.199017221790624372e-07,1.920056417545919539e+06
3.424787763349068619e-07,3.000114579700676259e+06
3.609206059116808869e-07,2.950014135592351668e+06
6.797055457897321501e-07,1.866618386188302655e+06
1.296747836829285383e-06,1.148898002118869452e+06
1.170005079377231122e-06,1.473083138122499920e+06
1.280899464421615152e-07,4.180169323861721903e+06
5.993412448705349665e-07,1.084071959357148502e+06
4.444030137311614406e-07,1.696961585408513201e+06
5.313076567308121173e-07,2.113395594315577298e+07
8.502762161455886046e-07,1.091968760142972926e+06
1.008387784153079077e-06,9.608579096060974989e+05
1.096038981392277074e-06,1.030166723209517309e+06
1.028996495808546212e-06,1.134378302182539366e+06
1.185270701197045513e-06,1.113909257623225916e+06
9.186073683769007826e-07,1.429062440310652368e+06
1.806594587577432044e-06,8.680803512573614717e+05
2.978475570583897554e-07,2.975403394930982590e+07
7.328289732710924300e-07,1.237256924758201232e+06
6.893232495461474299e-07,1.397057500532115111e+06
1.119073815740788754e-06,8.488761761605868815e+05
1.045475151618932852e-06,9.514715325746519957e+05
1.202491212112798338e-06,8.110867327318933094e+05
1.177751380307027418e-06,8.621712664137661923e+05
8.375065179950780587e-07,1.203064179153088015e+06
1.063542174792917658e-06,1.167733899153872626e+06
9.704696040532579644e-07,1.352669280601803213e+06
3.246863877511033433e-07,3.917809522364707664e+06
1.896579579729863212e-06,7.797734355856793700e+05
2.557597607125893217e-07,2.378881944083481561e+06
4.355595778422668696e-07,1.241992221240193117e+06
6.893232495461474299e-07,1.397057500532115111e+06
8.017553093122963667e-07,1.272652362771657296e+06
8.375065179950780587e-07,1.203064179153088015e+06
7.652105645956953908e-07,1.347188159274916397e+06
8.430919783666350773e-07,1.402551908457886428e+06
9.011149236166477856e-07,1.322438234578768956e+06
9.072290569976104393e-07,1.526753765088649001e+06
8.796708345571315761e-07,1.560702585806346266e+06
1.657390137221039932e-06,8.923549198929226259e+05
1.859088773983432306e-06,8.436476237960525323e+05
4.355595778422668696e-07,1.241992221240193117e+06
2.007266244591148404e-07,1.078060454895750806e+07
5.332611427673028066e-07,3.234659672844084911e+06
7.652105645956953908e-07,1.347188159274916397e+06
8.017553093122963667e-07,1.272652362771657296e+06
8.183516767504624139e-07,1.399931890068481676e+06
7.147145487428928464e-07,1.649753145704349503e+06
7.998525481496109899e-07,1.554185168735016137e+06
8.580667366542924250e-07,1.520008190556866582e+06
7.966951062796212084e-07,1.635443259878563462e+06
1.249035706417416097e-06,1.064180274573565694e+06
1.542254772033736140e-06,1.015767509955162648e+06
1.426277129987010170e-06,1.098558223504001508e+06
3.577046376760178614e-07,1.607494129940710496e+06
6.805787296660612003e-07,9.649795385120416759e+05
4.533082328393063321e-07,1.946883637724682922e+06
7.014964621847946953e-07,1.591468279026547261e+07
4.665355747351242572e-07,1.948333737825504737e+06
9.052887919787294550e-07,1.154642566708285362e+06
6.801521222342000907e-07,1.669552545395793626e+06
5.450991629487481658e-07,2.067170394582285546e+06
7.147145487428928464e-07,1.649753145704349503e+06
1.426427799306294477e-06,9.306836423678081483e+05
1.244037875331013629e-06,1.126888643135179766e+06
1.524740662290698001e-06,9.709479361985450378e+05
1.283470529295659660e-07,3.932019060773817822e+06
2.987428995691546515e-07,2.125133862112529110e+06
7.291925835756153539e-07,1.444445937805423979e+06
2.762266307284508066e-07,3.438685757953058463e+06
3.280173745783430305e-07,2.936284933128477074e+06
1.017485127862183977e-06,1.077288958716385765e+06
3.370583939788805830e-07,3.546397001391586848e+06
3.848292220055178596e-07,3.140864144294402096e+06
3.634065073201934670e-07,3.282838818693654612e+06
8.085322768188945644e-07,1.652356506688096793e+06
6.743253617145894304e-07,2.077691868360854452e+06
8.699807157223624675e-07,1.708327509989688406e+06
4.949325480364013770e-07,1.273217466474981047e+07
1.283470529295659660e-07,3.932019060773817822e+06
1.001791740620408420e-06,9.997773644250470679e+05
1.435288599032155578e-06,7.093665839515911648e+05
1.490231139469485296e-06,7.982658169207394822e+05
1.417141413017570997e-06,8.281053463793888222e+05
1.772381570590317190e-06,6.840881718634621939e+05
1.478657047620187428e-06,8.419811526276909281e+05
9.758586494021694177e-07,1.361891675603701966e+06
2.205249641040900308e-06,6.718378506622988498e+05
2.684100744481304879e-06,5.837408755070549669e+05
1.011911931483370498e-07,1.955157334289507568e+07
4.384583556962409508e-07,9.113299336559107760e+05
5.276143294787398764e-07,1.202078457129746675e+06
6.363415732918929346e-07,1.085803086932210485e+06
1.409634675893356671e-06,6.317731920248356182e+05
1.642452035892311216e-06,5.927533519357604673e+05
1.560630294137574165e-06,7.590011654540902236e+05
9.079320874780006550e-07,1.333711792911380995e+06
1.277907854225837390e-06,9.179875394586228067e+05
1.408306423929397833e-06,8.877379088472549338e+05
1.987101944271420971e-06,7.457076576842572540e+05
2.678739703693973669e-06,5.850398338032572065e+05
3.781445696762348155e-07,2.255193086330739781e+06
2.529908451504119143e-07,3.425051740222311113e+06
4.800747444524966871e-07,2.332203949227973446e+07
4.271561142300525141e-07,2.133325882257174235e+06
4.906185687734570470e-07,1.897140931086933007e+06
3.925776509284287214e-07,2.433038004318492487e+06
5.106960974941727496e-07,1.803462275309499353e+06
4.500377595925191827e-07,2.191684343245960772e+06
3.584194082549843126e-07,2.742664575810912531e+06
5.304309539776403274e-07,2.280279733653556556e+06
7.138689086475984395e-07,1.784945686789305182e+06
7.395246647500347295e-07,1.804690637788133696e+06
2.005056922877803736e-07,5.131470854454539716e+07
2.670796805630149490e-07,4.212651266534151882e+07
3.380615486986906922e-07,2.714822386616549920e+06
4.664953094404192595e-07,2.051805798118065577e+06
1.478310291291836365e-07,5.989366705300425738e+07
3.965876058199660894e-07,2.634094893001244403e+06
4.738222320857921428e-07,2.225096931494799443e+06
5.811314102771236065e-07,1.904509732384467730e+06
4.293035129612994328e-07,2.598732659185400698e+06
5.386459158943225062e-07,2.350445968091453426e+06
5.949668294739571516e-07,2.247140974701272789e+06
6.465200236031449234e-07,2.056711837759305257e+06
2.401314073939663946e-07,2.815403193355000392e+07
4.219324367200175668e-07,1.537997574234563159e+06
1.283103095911085525e-06,6.546145475590645801e+05
4.739981879720477282e-07,1.893944552638371475e+06
4.588905192856893156e-07,1.920987876003759680e+06
7.616794589980675719e-07,1.106839762792113936e+06
1.582821147660966344e-06,6.121142739202035591e+05
1.519284573023170429e-06,7.842714476594233420e+05
1.610875461939668846e-06,7.352309959370300639e+05
2.806562137550812955e-06,5.584656714872121811e+05
7.386390306432267919e-07,2.674766033259515651e+06
3.484014220858178772e-07,1.319794475294532487e+06
1.283103095911085525e-06,6.546145475590645801e+05
7.696415847471049536e-07,1.051379301546061644e+06
1.032839645766033740e-06,8.602727817576084053e+05
1.889586493336520795e-06,4.956353044050663593e+05
1.719489052792080734e-06,5.535887096446757205e+05
1.169861667777134710e-06,8.284310254822137067e+05
1.582821147660966344e-06,6.121142739202035591e+05
1.768169610641995650e-06,6.091764969374303473e+05
1.343126535908576152e-06,9.823633631052190904e+05
2.769492325524690664e-06,5.664928490547992988e+05
2.272854729091928885e-07,1.918330015810226323e+06
3.617890690457705603e-07,1.313514680462551303e+06
1.874680406709345670e-07,4.065063350937250070e+06
2.678380962817561099e-07,3.075367231980356388e+06
3.597836890902273236e-07,2.191036706120978110e+06
9.366768547432377055e-07,5.668648729372768663e+06
9.222848681142132879e-07,1.090188708397751907e+06
1.556297358566075696e-06,8.541254893156206235e+05
2.310555506241226210e-06,6.092500936313492712e+05
2.363399617921384957e-06,7.057710704309102148e+05
1.821847006422557808e-07,4.322268817872210406e+06
1.947510062596169648e-07,4.282898340319680981e+06
1.753070310842079419e-07,5.404783390189674683e+06
3.625450711393356900e-07,2.477973859628608916e+06
4.435073711036882922e-07,2.108678878226799890e+06
3.952537443585957107e-07,2.477376720274386927e+06
2.256304694768315828e-07,4.424839579002330080e+06
2.773594407577168404e-07,3.579665105824379716e+06
2.927817316948607629e-07,3.813741155040949583e+06
3.005355207647617136e-07,3.693326969437763095e+06
5.113073074443619701e-07,2.372013021909155883e+06
4.322847111229878008e-07,3.259098476644498762e+06
4.283269198718346198e-07,2.012773899186870083e+06
3.625450711393356900e-07,2.477973859628608916e+06
4.435073711036882922e-07,2.108678878226799890e+06
3.774648437818962576e-07,2.498116244371980894e+06
1.815045486186549028e-07,5.144001232639098540e+06
2.983501543037485536e-07,3.424328526405522134e+06
3.903032839131809714e-07,2.699182109377869405e+06
4.618844345308758826e-07,2.306408042112763971e+06
3.626531600890929996e-07,2.945424152870464604e+06
4.963791321233668843e-07,2.211018976971964817e+06
7.471569922450414127e-07,1.694639502264373936e+06
7.007944685724431551e-07,1.883363163507086923e+06
1.371104318924185031e-06,1.211481504500667099e+06
3.642030355161097646e-07,1.426630052706982475e+06
5.103740408512717921e-07,1.018143462264335481e+06
1.452963798849725951e-06,6.533598370512080146e+05
1.056921780799268775e-06,9.214800328164852690e+05
1.488774493193198000e-06,6.581769777407622896e+05
9.091699596359647159e-07,1.138991707014690153e+06
1.198601889596875765e-06,9.081431733803857351e+05
1.047393189690855833e-06,1.006247467999739107e+06
1.230616875863749179e-06,8.995883059308228549e+05
1.123558426307883868e-06,1.220267626702033449e+06
2.102088425787358208e-06,7.039808631214970956e+05
2.240122618269454831e-07,2.688955734304636251e+06
5.468600785261924638e-07,1.097452251570940483e+06
3.312316989970162249e-07,2.452482900215528440e+06
9.705610369212677382e-07,9.114850283063938841e+05
5.411242429907820085e-07,1.639886680321439402e+06
1.086373423417595219e-06,8.587598597976341844e+05
1.488774493193198000e-06,6.581769777407622896e+05
1.571810155200705963e-06,6.501212705354703357e+05
1.140946989561919797e-06,9.991339026694811182e+05
1.191682436782978393e-06,1.090526686954515520e+06
2.107673485874142252e-06,7.020031736658763839e+05
2.094858788134675807e-07,3.213876514098254964e+06
3.554543206079532629e-07,2.072885628714117222e+06
4.654737784575482375e-07,1.687465882939800387e+06
4.522437032647337065e-07,3.959527335076161195e+06
7.100224415526809133e-07,1.312126485841823276e+06
9.818301142629660780e-07,9.224603328538880451e+05
8.710197610804803128e-07,1.116266041659713490e+06
9.556353943179476542e-07,1.027729427382384543e+06
4.835012052444155246e-07,2.160353523305491544e+06
7.635645166087602628e-07,1.542901159746061312e+06
1.198074690237405865e-06,1.110016689412953099e+06
1.910014838030340418e-07,1.300028719137657434e+07
1.987941939318137043e-07,2.610331052719703875e+06
6.059957267276590662e-07,1.673295785132675432e+06
5.506079485074112749e-07,1.581551218150566798e+06
8.041879353251933426e-07,1.190517539946747478e+06
8.710197610804803128e-07,1.116266041659713490e+06
8.923873964122357313e-07,1.092651348829442170e+06
8.140787413003280585e-07,1.450935046499091201e+06
7.345857291642766739e-07,1.695895984894357622e+06
1.364728608099305347e-06,1.148556549506718526e+06
1.958307713880498987e-07,2.325353200600903481e+06
1.169703852726504707e-07,8.508319192784985900e+07
2.457237707727535279e-07,2.395154970130381174e+06
2.740970815377948223e-07,3.773847298843247350e+06
1.773053327855832200e-07,6.133361553508874029e+06
2.881641695197128835e-07,3.864450280408547260e+06
4.872773475126304454e-07,2.354702146380196325e+06
3.066403553020145362e-07,3.771268233831868507e+06
2.791154274308499877e-07,4.179026401978407055e+06
5.617562132421816977e-07,2.385266752403521910e+06
4.372186429453382055e-07,3.570427191578077152e+06
1.712152568348783326e-07,3.256445721305025741e+06
2.457237707727535279e-07,2.395154970130381174e+06
1.540028786171096523e-07,5.481897840917544439e+06
1.564766642554079400e-07,5.550241207198125310e+06
2.437618957582071421e-07,3.926613558172873687e+06
2.222653986867672196e-07,4.449628671883176081e+06
1.751880378981231377e-07,6.308453729060022160e+06
2.881641695197128835e-07,3.864450280408547260e+06
2.791154274308499877e-07,4.179026401978407055e+06
3.066403553020145362e-07,3.771268233831868507e+06
3.744956086261374232e-07,3.374960195521371905e+06
5.483296778816158799e-08,4.265708533333252370e+07
1.629164737429103863e-07,2.433837961433593184e+06
2.483554578979862865e-07,3.139344242894593626e+06
2.650434609396450423e-07,2.990914180116034579e+06
7.148432805856096754e-07,1.787361868745451793e+06
7.551503573151238977e-07,1.428726584467215929e+06
3.198774985950131230e-07,3.500807958035495598e+06
4.801842800895981031e-07,2.557732186965685803e+06
5.373680658245451975e-07,2.302405467446317896e+06
1.396683595155678940e-07,8.887135460363056511e+06
4.969001513534664000e-07,2.626109990504655521e+06
7.398458604053801364e-07,2.004187672438800568e+06
9.286181802926963397e-07,1.593546885412314208e+06
5.830707107085295349e-07,8.002374856423171004e+05
8.343821755373024720e-07,6.295256261267266236e+05
6.685493275408962165e-07,1.403189369511066936e+06
6.585413381980586989e-07,1.485073763911566930e+06
1.415109621630335740e-06,6.948004205803176155e+05
1.438818074298752349e-06,7.092282299441801151e+05
1.139165492801222237e-06,9.678348177872954402e+05
1.036934763501421457e-06,1.129823121068737004e+06
1.185246973021039167e-06,1.041226252078071237e+06
9.620929951420827554e-07,1.307678887368910015e+06
1.931881121477460721e-06,8.112403166210931959e+05
3.628186214920449227e-07,4.737633176163187250e+06
4.013460834744213102e-07,1.281569259381501004e+06
1.259257389990643432e-06,5.020049356145050842e+05
8.009509896716004824e-07,1.039919978919711546e+06
1.325622712237291488e-06,6.926486998580123764e+05
9.676190864785696429e-07,9.757390295736055123e+05
1.415109621630335740e-06,6.948004205803176155e+05
1.045089338799447514e-06,9.942471808950547129e+05
1.438818074298752349e-06,7.092282299441801151e+05
1.396666135894320025e-06,7.289859608649412403e+05
1.264020384122186331e-06,1.067001621299328748e+06
1.830679256893932771e-06,7.270854220288570505e+05
1.092550338016176405e-06,7.032376591515140608e+05
3.761907845515258836e-07,2.235631736969313584e+06
8.009509896716004824e-07,1.039919978919711546e+06
1.131781811772151945e-06,7.184038856380807701e+05
9.676190864785696429e-07,9.757390295736055123e+05
1.085286745728922353e-06,9.186188815256094094e+05
9.998257325226107551e-07,9.998116116261224961e+05
1.045089338799447514e-06,9.942471808950547129e+05
1.043585696498579098e-06,9.968133911829907447e+05
1.830679256893932771e-06,7.270854220288570505e+05
1.851434427997399316e-06,7.582775433413549326e+05
4.256725416843622073e-07,4.071802678477952722e+06
4.478848049375341499e-07,1.449862430777354166e+06
4.972672081479818856e-07,1.679186270212586503e+06
5.955727524833782069e-07,1.451253771630045027e+06
9.402464120007501798e-07,9.823091402006067801e+05
1.085286745728922353e-06,9.186188815256094094e+05
7.521271552814448041e-07,1.423554620594130829e+06
9.982304512196808079e-07,1.088940058202970307e+06
8.906093225172613499e-07,1.217255419299727539e+06
6.080920144228133182e-07,1.864898240674648434e+06
1.185508278504247269e-06,1.123339652703066589e+06
1.860802189385531744e-06,7.155174807477600407e+05
1.586676937839578075e-06,9.341370838089021854e+05
3.050602610607088635e-07,6.932574496112673543e+06
4.519580948126974077e-07,2.510872891389257833e+07
6.242453412945059792e-07,9.528967322121789679e+06
3.697861232648626989e-07,2.250682311222329736e+06
4.834173799904753748e-07,1.695838527638310101e+06
5.862233044312281118e-07,1.503349823564971564e+06
6.360065995843860694e-07,1.410964567680730950e+06
4.081149084054663958e-07,2.482879510525813792e+06
6.691831491057639769e-07,1.623130542021600530e+06
8.060560725466718859e-07,1.566558376105236588e+06
1.163737573132918952e-06,1.083844598235456971e+06
1.099420959139211472e-06,1.214337757320386823e+06
1.091298308614991701e-06,1.225645174896737793e+06
2.122744124221475868e-07,2.782552092128628399e+06
6.695861902333005070e-07,1.142716353809371358e+06
6.038096909416134324e-07,1.256153850381954759e+07
9.734442980517230482e-07,8.777471302936481079e+05
5.862233044312281118e-07,1.503349823564971564e+06
6.360065995843860694e-07,1.410964567680730950e+06
1.053750946962060776e-06,8.910828802634374006e+05
6.992714107167871993e-07,1.486151411079395097e+06
3.778666912168003018e-07,3.120112069226962514e+06
8.737514551743585387e-07,1.370837828623835929e+06
1.152869269774728754e-06,1.152086987143425271e+06
2.269977740349206865e-07,2.882204348059323151e+06
6.132099182800828692e-07,1.242950981953497045e+06
9.382012084982045681e-07,8.835924737439739984e+05
1.053750946962060776e-06,8.910828802634374006e+05
7.310108029405674903e-07,1.372190364216003567e+06
1.220920698126341682e-06,8.073373739405183587e+05
1.022230968482682181e-06,1.022036893521559425e+06
1.080249715840551319e-06,1.002480916121196002e+06
7.483359236346964750e-07,1.481627404318269342e+06
1.372003605096682886e-06,8.783026360595255392e+05
1.743531857319115595e-06,8.070032474458316574e+05
1.905383749075116602e-06,7.364082584423329681e+05
5.246512692431467107e-07,9.582374139670743607e+05
4.119623354337087061e-07,1.934678172717727954e+06
8.145426196902717237e-07,1.163305290814321255e+06
8.743677803317216677e-07,1.121053819377536187e+06
8.381946252125321721e-07,1.127445832084815018e+06
7.610793283406107753e-07,1.265637813406739151e+06
1.173944602206538721e-06,8.448952812758476939e+05
7.706614504079069394e-07,1.347736120712723117e+06
1.084762058695667717e-06,1.040124181446954841e+06
1.885792583646862651e-06,7.062863789273736766e+05
1.814328102530478330e-06,7.732347711462252773e+05
1.353597798585904446e-06,1.037135532449655351e+06
3.763734365981599482e-07,1.324520424812772544e+06
3.486704575289365810e-07,1.525730790620710701e+06
3.428859555623009290e-07,1.621668796958449995e+06
3.758761520942964912e-07,1.535876577821677318e+06
4.893224149295790728e-07,2.089141284381698119e+06
7.219998997069217177e-07,1.564306838563018711e+06
7.010968745262063417e-07,1.621426536177564878e+06
4.952522901400894951e-07,2.233789169907416683e+06
5.870284064741493216e-07,2.243552728697031736e+06
1.167245972457643563e-06,1.343337321074466687e+06
2.355783904041007369e-07,7.856384927796359174e+06
3.486704575289365810e-07,1.525730790620710701e+06
3.428859555623009290e-07,1.621668796958449995e+06
3.436546780448621594e-07,7.930286908359378576e+06
2.876291946654255661e-07,9.943176373261177912e+06
3.814927153050308699e-07,2.442834673868976999e+06
5.896197990604865901e-07,1.568152313327895245e+06
6.169038219945050516e-07,1.598361809949701652e+06
6.594750187936192679e-07,1.544127943736550165e+06
5.024368761360934070e-07,2.100606199762610719e+06
4.721143830338171828e-07,2.268695207023797091e+06
2.037379905970855264e-07,2.434407280553731322e+07
1.955257913282104270e-07,3.137525710380906705e+06
4.366974821800177525e-07,1.952800119608786888e+06
5.135976402022528946e-07,1.827247923943372210e+06
5.105758835346820350e-07,1.850152322383905295e+06
4.709840422053173428e-07,2.117818503160336521e+06
5.620836117411138438e-07,1.798029426970560104e+06
5.039054570847536418e-07,2.472471978904267773e+06
4.576137600683929477e-07,2.877090271209183615e+06
4.694561110488070417e-07,2.737168763741563540e+06
6.552541148543433600e-07,2.142954777451422997e+06
9.064999380296982566e-07,1.727249556905885926e+06
8.198962555465110809e-08,1.344621566918185726e+07
1.362022209972230805e-07,3.793621838231759612e+06
1.076178418709052045e-07,7.441867263109878637e+06
2.984372566349207728e-07,3.359622055101373233e+06
3.662109316390682374e-07,2.709982353970552329e+06
3.957407765854572927e-07,2.568108774438081309e+06
3.437060140219645092e-07,3.203180009578727186e+06
1.745605018417952796e-07,6.661754529461096041e+06
4.190896138439247615e-07,2.827149627039039508e+06
4.208643433914268448e-07,3.085089852636377793e+06
7.232275730409350730e-07,2.167674771854612045e+06
8.198962555465110809e-08,1.344621566918185726e+07
3.486707176163390953e-07,1.449525978377653286e+06
1.309933534733980558e-07,4.631893783964481205e+06
2.293928393565871526e-07,2.752437053276700899e+06
5.898365334547824876e-07,1.693823079970402643e+06
7.028719044044864141e-07,1.432570375808308367e+06
1.103007804138126513e-06,1.027707862783637713e+06
8.672795654327417524e-07,1.378015770184044959e+06
9.968729778170698498e-07,1.238448164854641771e+06
1.609313740463801218e-06,1.032340630619852571e+06
3.558187393482418708e-07,3.054579040027537569e+07
7.733132631926805256e-07,1.051976199552672217e+06
8.825292966109085265e-07,1.080837166110273683e+06
1.084871933439780906e-06,8.792875013040687190e+05
9.673114067523784074e-07,1.008296728722008178e+06
1.209377439945474079e-06,8.058594173545060912e+05
1.047679388720275657e-06,1.073383287325076293e+06
1.016420805695323523e-06,1.111580034705447964e+06
1.191390173111638911e-06,9.480045953874238767e+05
9.885540441407765580e-07,1.264154801652672235e+06
1.770679007961974705e-06,8.365795473048280692e+05
1.974361916504086268e-06,7.501865202121152543e+05
1.828370461458645985e-07,1.208676863528502919e+07
3.881464343828317603e-07,1.634353351985908812e+06
4.147082742546532805e-07,1.613293753084751545e+06
1.258291191746805662e-06,6.949524491091785021e+05
1.285927014232382426e-06,6.769368481158019276e+05
9.360330596401746674e-07,1.020125441939371871e+06
8.825292966109085265e-07,1.080837166110273683e+06
9.673114067523784074e-07,1.008296728722008178e+06
1.047497798376964161e-06,1.010428779749971232e+06
1.098506604200350156e-06,1.031167512188920286e+06
1.074090309638583976e-06,1.160528564341862453e+06
1.907044275457816972e-06,6.967406580559163122e+05
1.990201466329456474e-06,7.435266125002197223e+05
3.591556631053838542e-07,1.756953076325798873e+06
6.585286103251921959e-07,1.036682770474854507e+06
3.881464343828317603e-07,1.634353351985908812e+06
1.362387734800387529e-06,6.648054496580845444e+05
9.360330596401746674e-07,1.020125441939371871e+06
1.292838497322903705e-06,7.327033565562275471e+05
4.475300032277266033e-07,1.995196657390219858e+06
1.047497798376964161e-06,1.010428779749971232e+06
7.695220536669613202e-07,1.579771620990266325e+06
1.074963976646557251e-06,1.094271744917871431e+06
1.688330422535450845e-06,9.289652248737909831e+05
4.946241892551166556e-07,1.005154436425106949e+06
2.594821213280647635e-07,2.994920606677582115e+07
2.407267494056263684e-07,3.170813562103740871e+06
4.692140811007502128e-07,1.714124684590716613e+06
5.249461688971612256e-07,1.659347140177308815e+06
3.936221152824811430e-07,2.778993333643100411e+07
5.080001275412644098e-07,2.330022404192889575e+06
7.745454955511470016e-07,1.548772406566425459e+06
9.101612355110779473e-07,1.511358533099958440e+06
8.338900962017149031e-07,1.754438592352779116e+06
1.310297564103309252e-06,1.143874518690020777e+06
1.684694727033412672e-06,9.863134395555125084e+05
5.067577449833305954e-07,1.015466618246327154e+06
2.877411946451305719e-07,3.370580944057806581e+07
4.692140811007502128e-07,1.714124684590716613e+06
5.249461688971612256e-07,1.659347140177308815e+06
7.403960277986744863e-07,1.264233331324124709e+06
1.284530057804781061e-06,8.127685224299893016e+05
1.039733140190270614e-06,1.094735847658689134e+06
1.061370391504456794e-06,1.168620199656611774e+06
1.223538562539637631e-06,1.017315122158751590e+06
2.222068272929324286e-06,7.057034606069923611e+05
1.867916072719346336e-06,8.392403380089114653e+05
6.137596735328113481e-07,2.813885632906242274e+06
5.707582610063610206e-08,4.011724504309062660e+07
3.384317274845584439e-07,3.185929497462140862e+06
6.093625065379239266e-07,1.276461376264385181e+06
7.899311188031855049e-07,1.014958475874702795e+06
7.493227178648660595e-07,1.139563797882395098e+06
1.042543065595126425e-06,1.018572027525643818e+06
1.163826255216998016e-06,9.819306286516557448e+05
1.118423111968400104e-06,1.054640944547935622e+06
1.290233977626730749e-06,9.178899005694491789e+05
9.304196842882183736e-07,1.347633486070315354e+06
1.414092009083586760e-06,9.437857098268050468e+05
5.221763629009152207e-07,2.792593974040294997e+06
2.243657876342778868e-06,6.596667134794736048e+05
1.872184297920497752e-06,7.908595026471911697e+05
2.648716631722100165e-07,1.965764221108293626e+06
3.607719164086068235e-07,2.140648928613652010e+06
5.395350600615539896e-07,1.552851314808801049e+06
6.771559137303172144e-07,1.316643550285933074e+06
3.925629972460355775e-07,2.664802659795261919e+06
6.448919598941727780e-07,1.664246005675158231e+06
7.041439773666942523e-07,1.607220778142013820e+06
6.875273466997654405e-07,1.720996452869576169e+06
1.437508109160256392e-06,9.766155819817987503e+05
1.021036947564752156e-06,1.375118488028202439e+06
1.273325305679531278e-06,1.171739248823170783e+06
1.222143061529658328e-06,1.211615349862451898e+06
1.177046924964781598e-07,5.595180255753801204e+06
1.662154217428531903e-07,4.645701331339212134e+06
1.995276518534786724e-07,4.245345755645055324e+06
2.261295199669529366e-07,3.862398171068316791e+06
2.061176584192270160e-07,4.587496956431592815e+06
4.396545299228705207e-07,2.317076915197625756e+06
7.833454802998121806e-07,1.314125493603392038e+06
2.888110161557722538e-07,3.689149096977909096e+06
3.478150830170435781e-07,3.182939506164115388e+06
4.995763402720991587e-07,2.603359144657132681e+06
1.201244372634888946e-06,1.107655445664884755e+06
8.915703926304999078e-07,1.572550411283877678e+06
1.177046924964781598e-07,5.595180255753801204e+06
1.662154217428531903e-07,4.645701331339212134e+06
1.995276518534786724e-07,4.245345755645055324e+06
2.061176584192270160e-07,4.587496956431592815e+06
4.017491061113432688e-07,2.412149610611454584e+06
5.944604524196887210e-07,1.618796197505326942e+06
4.820897121427775264e-07,2.191213276559773367e+06
5.187357751913312678e-07,2.153932612157318741e+06
5.568035153373125030e-07,1.988544288874551188e+06
5.716972301745037966e-07,2.040665048779665027e+06
6.895133341028660192e-07,1.755237013192332583e+06
4.525750909180644122e-07,3.190958854852076154e+06
5.207388528720754310e-07,1.766020733520308975e+06
5.194869594444988381e-07,1.908321073498336365e+06
5.699211244512473909e-07,1.706269493943581590e+06
4.303797863145055413e-07,2.289688957389921881e+06
6.166435028274757963e-07,1.653237347723012324e+06
6.259299006303270339e-07,1.625280987367242342e+06
5.707799727173834215e-07,1.870396358546770411e+06
5.266905982602370678e-07,2.102359022410872392e+06
5.187357751913312678e-07,2.153932612157318741e+06
5.568035153373125030e-07,1.988544288874551188e+06
5.410931504194053213e-07,2.056047089631056180e+06
5.945622895332820869e-07,1.866203100431910716e+06
5.347178087646042031e-07,2.283151334640916903e+06
2.519589255006261237e-07,1.809479226730294060e+06
4.448462474782499505e-07,2.120882450178387575e+06
4.337161835149584642e-07,2.190071958620958496e+06
5.194869594444988381e-07,1.908321073498336365e+06
5.699211244512473909e-07,1.706269493943581590e+06
6.166435028274757963e-07,1.653237347723012324e+06
6.259299006303270339e-07,1.625280987367242342e+06
4.468732838504573177e-07,2.306384656029473525e+06
4.452696819037733786e-07,2.261520948390547652e+06
4.959741666495074958e-07,2.135095480756683275e+06
3.719831352516436053e-07,2.911296333346170839e+06
8.792997749859201121e-08,2.645358661656316742e+07
9.178352707717016879e-08,1.165000649001274407e+08
1.059128169937249960e-07,5.327379557523470372e+06
2.867656913354923391e-07,3.032379262914352585e+06
2.172714535229221321e-07,4.636408696942058392e+06
2.927500784047057671e-07,5.289521404752555303e+06
2.825352433865029766e-07,3.700894694069888908e+06
3.396595176990088115e-07,4.038553626727371942e+06
3.980075255380114758e-07,3.429705844263091683e+06
2.992511131677423785e-07,4.613745963102588430e+06
2.793618573986490102e-07,4.968189805862652138e+06
5.880028254061537821e-07,2.663567312164337840e+06
6.588194410436674632e-07,2.520244057554730214e+06
9.127349468580498179e-08,1.156035366480738819e+08
1.118945160822133371e-07,5.621881277645754628e+06
2.867656913354923391e-07,3.032379262914352585e+06
4.656842232957609735e-07,2.206898659894079901e+06
4.301128851290785712e-07,2.356144585630896501e+06
4.019431955992555945e-07,2.547662362238291185e+06
4.687321698618663163e-07,2.283573495100314263e+06
4.220594902148927997e-07,2.636296881528204307e+06
4.191400594551534540e-07,2.767558794321869034e+06
4.535108930767227084e-07,3.036097207780527417e+06
7.695850831263866352e-07,2.032003557130236179e+06
9.299754178009136361e-08,9.269953625371795893e+07
3.138967280598106434e-09,2.867644083520510197e+08
1.618230601281330679e-07,5.765727724214492366e+06
1.362575921600233741e-07,7.172724733308509924e+06
1.173392329318043460e-07,9.147675702453935519e+06
4.604996535419137723e-08,2.289098839746702835e+07
3.148244842258308647e-07,3.575860237012942322e+06
1.882179749605965702e-07,6.126902273526590317e+06
2.082554171122010927e-07,5.660838326846719719e+06
2.305616225504354690e-07,5.786078848522323184e+06
5.373005991608636031e-07,2.607474893196110148e+06
3.607026058243249142e-07,3.881566756941152271e+06
1.181112479028664084e-07,1.031148206879783049e+07
2.736667771146829106e-07,3.057596139037339017e+06
2.180447576353508739e-07,4.065193562323765364e+06
3.781737790514655641e-07,2.396541943717039656e+06
3.955977426637593534e-07,2.461906256269139703e+06
5.449684412454580232e-07,1.813107950728037627e+06
4.540673225113137304e-07,2.246402309177086223e+06
4.081579255387720486e-07,2.532463120275081135e+06
6.844205073482491488e-07,1.586670325872312998e+06
5.861478504865698450e-07,1.809378017146724975e+06
1.102428933559147889e-06,1.272051166629609885e+06
3.185870733849280011e-07,3.550984561957121640e+07
5.672430412744262960e-07,1.517903719135101419e+06
5.075411598362380676e-07,1.616317917890848592e+06
3.374752942332578956e-07,2.444802987448180094e+06
6.666645604435970702e-07,1.395932979523608461e+06
8.049251234890574338e-07,1.169572306388740428e+06
7.441202238634454650e-07,1.333070105174551485e+06
5.449684412454580232e-07,1.813107950728037627e+06
5.861478504865698450e-07,1.809378017146724975e+06
7.045831444266357218e-07,1.766651140929135028e+06
6.770978524621971712e-07,1.840703885338219814e+06
1.245445288014659102e-06,1.257675547379540047e+06
2.289231090310005220e-07,2.102087561045092065e+06
2.139462687973648095e-07,3.201525842965208925e+06
1.939684498291162890e-07,4.041650219923660159e+06
4.381817542527586352e-07,2.521509409027474932e+06
5.237810749830003971e-07,2.141254681734576821e+06
8.375506038873173008e-07,1.465348856210631318e+06
5.336570106003540652e-07,2.308092269272822421e+06
7.045831444266357218e-07,1.766651140929135028e+06
6.770978524621971712e-07,1.840703885338219814e+06
8.892574298185762941e-07,1.665741175744289299e+06
1.252262855765844943e-06,1.186084491640010849e+06
1.245445288014659102e-06,1.257675547379540047e+06
4.197693165096121447e-07,3.932690219975759275e+06
2.149403878997012362e-07,1.746411641510820482e+06
6.525550087713590883e-07,1.366571562545924447e+06
1.548655834408280443e-06,5.704894355641038856e+05
1.086554942782760013e-06,8.405017983161591692e+05
1.741912809218098263e-06,5.371277754932077369e+05
8.817099231532790662e-08,4.011638878453790396e+07
1.847592510333690365e-06,5.807874347584142815e+05
1.681357220905351949e-06,6.728752386360932142e+05
1.581512494517368385e-06,7.189349090554658324e+05
2.677470088047750749e-06,4.975677612722674385e+05
2.890875284598495112e-06,5.424353214618770871e+05
1.903396997472545993e-07,5.831472967568752356e+06
7.531891399239830683e-07,9.200719593354673125e+05
2.093754531233292028e-06,4.163423725016675307e+05
1.033021191974559052e-06,8.745702643132902449e+05
1.942957745143186474e-06,4.705576587224339601e+05
1.610221693940145455e-06,5.673677547490374418e+05
1.741912809218098263e-06,5.371277754932077369e+05
1.301428737385346521e-06,7.422488111348786624e+05
1.466403342435404900e-06,8.519805224883072078e+05
1.610600214309912433e-06,7.699733942546758335e+05
2.806608581273846226e-06,5.271184129772441229e+05
1.903396997472545993e-07,5.831472967568752356e+06
5.629077414307255319e-07,1.676624645212043449e+07
6.269578416287490103e-07,1.437670627471184358e+06
7.569678654671318072e-07,1.234815351947482442e+06
8.045488526920267179e-07,1.272766990295129362e+06
7.602194731725142026e-07,1.538737999002913944e+06
7.662158912298373198e-07,1.549688888080581324e+06
7.794143412828868093e-07,1.518430290849743411e+06
1.081118108167844821e-06,1.136130765014352743e+06
1.202520476808210757e-06,1.107350257147136377e+06
1.382414559041768753e-06,1.070547386656028917e+06
1.694101204014809242e-06,9.259320925922013121e+05
1.007497845864662462e-06,1.630798997296818532e+06
6.004116731179638383e-07,1.866765232057263702e+07
8.587154242216993064e-07,1.024310870383062749e+06
8.855529039400690155e-07,1.018363879666794557e+06
6.732490272654189794e-07,1.403193721620138967e+06
3.993490172064622363e-07,2.351292076085299719e+06
7.229104460317974937e-07,1.347250649119365029e+06
4.226394680170563919e-07,2.295852260341855697e+06
5.498189077627139821e-07,1.836735841405865503e+06
8.885326015621571735e-07,1.160235103152032476e+06
4.851828186098334001e-07,2.128932862794993911e+06
4.129371020974041433e-07,3.031039316770081874e+06
1.346117058007617534e-06,9.887891911548208445e+05
4.336132288605259038e-07,1.044905778505569440e+06
5.503440736375214071e-07,8.661765757835626137e+05
8.008204885602901827e-07,9.891426414462608518e+05
6.085385992415468190e-07,1.647690056774531025e+06
1.078420015365573907e-06,9.545031222317516804e+05
5.034129850408130199e-07,2.060547442703035893e+06
8.522183807138790937e-07,1.258176529256534763e+06
8.958791438441177913e-07,1.184785661654101685e+06
8.635853739345101325e-07,1.373131857723528054e+06
8.884243351889494521e-07,1.459814912596208043e+06
1.526636380279276254e-06,1.026439266167420777e+06
6.649218997929268193e-07,1.142185112277803710e+06
5.809357728735345716e-07,1.922194673535505682e+07
6.573655080338603276e-07,1.277633793452863581e+06
1.180241372624362689e-06,7.709559834643905051e+05
1.061478518051668292e-06,8.911391346895992756e+05
1.157362959664406207e-06,8.149346044893574435e+05
1.129572169625799485e-06,8.633845918885561405e+05
9.276581957987503754e-07,1.103029978983055800e+06
8.958791438441177913e-07,1.184785661654101685e+06
8.522183807138790937e-07,1.258176529256534763e+06
1.312155769582980454e-06,1.071728801206119126e+06
1.979964841550161916e-07,8.176511279740869068e+06
2.019458819504622006e-07,2.507552983404511586e+06
2.241874359524110034e-07,6.347995977492420003e+06
4.394888061321715338e-07,1.727497538630075986e+06
5.824065932217604398e-07,1.581758582992234034e+06
6.788076850066344863e-07,1.487802227805649163e+06
7.263808972008420945e-07,1.570565874930076301e+06
7.749055557169186456e-07,1.600906949324552435e+06
8.324668501495383704e-07,1.575795843879479682e+06
1.379596897062603529e-06,1.072928771002342226e+06
1.608626873244775486e-06,1.034791158709991374e+06
9.680724102242714476e-08,2.315665073269008473e+07
1.892173864035316479e-07,5.218744037351520732e+06
2.040555242292174699e-07,2.701459721334941685e+06
2.431523055870683717e-07,2.516113340367312077e+06
2.741458323191688682e-07,2.212352102506172378e+06
4.054328348489121509e-07,1.983368511061411584e+06
3.599028402103755800e-07,3.000098784941784106e+06
3.585642772701277068e-07,3.133107071046503261e+06
4.116444517522509116e-07,2.685712335298160091e+06
3.030173050227741624e-07,4.310226495455876924e+06
4.915247778850799343e-07,2.712741065599468071e+06
2.741458323191688682e-07,2.212352102506172378e+06
2.431523055870683717e-07,2.516113340367312077e+06
2.698692874957044610e-07,3.172388871762556490e+06
3.039130838734487679e-07,2.956735276059458498e+06
4.532555542769764277e-07,2.117581698066723533e+06
4.878878441780091331e-07,2.092398955855179112e+06
3.735763601509901527e-07,2.865563357604409102e+06
3.919895702218231390e-07,2.705994278203936759e+06
4.074849284127862363e-07,2.987768491949485149e+06
3.806444826462829675e-07,3.218737179955993313e+06
4.784804122249419268e-07,2.655690566330268979e+06
2.015836348046737654e-07,6.986779648773543537e+06
2.751537863378195510e-07,2.998395387355525978e+06
3.039130838734487679e-07,2.956735276059458498e+06
3.038876051827522264e-07,2.976252723645884544e+06
3.120649316048546835e-07,3.128927232859400567e+06
5.033690998371541617e-07,1.938827292136508506e+06
4.364264662648195995e-07,2.296477338044101838e+06
3.204749786257816042e-07,3.194363992960131261e+06
3.671067751656341271e-07,3.073273025914409198e+06
3.905540157889469938e-07,3.160937118204656523e+06
3.316509884546032900e-07,3.732944360049759503e+06
4.074988100321499699e-07,3.131616423138472252e+06
6.547651610327512721e-07,2.260659836443651002e+06
6.168753885510607372e-07,2.401409193464476150e+06
1.226725795500039673e-07,1.817230468716691434e+07
2.263874829178677738e-07,2.316225845996210352e+06
1.762016032467092193e-07,3.110287219308048487e+06
3.209081994500609092e-07,2.917250552989580669e+06
2.279324028204797960e-07,4.368618918875528499e+06
3.076923492877758658e-07,3.179029745372658130e+06
6.405404889432166755e-07,1.569205676898041507e+06
2.665629031828343595e-07,3.795063887467071414e+06
3.671067751656341271e-07,3.073273025914409198e+06
3.500411865420162148e-07,3.556221654108554125e+06
3.508779493229655107e-07,3.687397635629976634e+06
2.820118973198756609e-07,4.949663557936074212e+06
6.168753885510607372e-07,2.401409193464476150e+06
1.762016032467092193e-07,3.110287219308048487e+06
2.318982511427868456e-07,2.352154838257218245e+06
3.044453242051335737e-07,3.329571547781965695e+06
2.279324028204797960e-07,4.368618918875528499e+06
4.147687335888510158e-07,2.397803886798583902e+06
2.665629031828343595e-07,3.795063887467071414e+06
4.774013160186515424e-07,2.204430104646522552e+06
2.975593282575047623e-07,3.780808336391518358e+06
3.435412351524236825e-07,3.485219295907022431e+06
4.280822847643594405e-07,2.868753858416610397e+06
5.586232083231563561e-07,2.384174575506263878e+06
6.725987103120708730e-07,2.332717402909593657e+06
3.940085689622675570e-07,1.938327762866403675e+06
3.908194280370913523e-07,2.089892825620850082e+06
5.403253957333388311e-07,1.438215579687109683e+06
4.069480108355099197e-07,1.985104604482408613e+06
4.055747625791970139e-07,2.061527936804295518e+06
4.479406442127429454e-07,2.051475602544141235e+06
4.527623905350127703e-07,2.104944417049114127e+06
4.818774102716464301e-07,1.957658193587548099e+06
5.141988867377326306e-07,1.882953578516469104e+06
4.350787282817900147e-07,2.613418737196384463e+06
7.865733299408231460e-07,1.779012632587505970e+06
4.348662007204169886e-07,1.446811770722615067e+06
5.492199460696567138e-07,1.266897320385840023e+06
5.147975428047188949e-07,1.852745019039417850e+06
6.190534897711463969e-07,1.580109179381537717e+06
5.873437429375330564e-07,1.651503222761783982e+06
4.670235102473938488e-07,2.109527667885336559e+06
6.068468936483530216e-07,1.621890612701493083e+06
5.610818967443059439e-07,1.750498427562271478e+06
5.611227893516268719e-07,1.749924858710688073e+06
5.200240919101949609e-07,1.960588537721805274e+06
3.387416960703442193e-07,3.156985227509191725e+06
3.240924397769126934e-07,1.598729888971620006e+06
1.861930466690119929e-07,2.922174623394740280e+06
6.100541949299514974e-07,1.416336341418340802e+06
1.148781048104007557e-07,6.931660234094728716e+06
4.330171756305006393e-07,2.373558036400311626e+06
2.424549037927797475e-07,4.077552599368753377e+06
4.795019533295711125e-07,2.200701304217695724e+06
4.979796294706722211e-07,2.263869540302571841e+06
4.898980547063533689e-07,2.538599538222449832e+06
4.742273379277977044e-07,2.753781517573707271e+06
3.791130341834419310e-07,4.049557782256310340e+06
8.652563103393839883e-07,1.810637805279638851e+06
1.861930466690119929e-07,2.922174623394740280e+06
2.288460050151106722e-07,2.833458176503817551e+06
3.293425152700045905e-07,2.624315358522081282e+06
2.637097532625158136e-07,3.345270588818818703e+07
1.148781048104007557e-07,6.931660234094728716e+06
4.383116396740264430e-07,2.133543611632966436e+06
3.736782284984241757e-07,2.751341610247775447e+06
2.371984047452039307e-07,4.333509131948214956e+06
3.332055975434711818e-07,3.061978882922659628e+06
3.746245493178097129e-07,2.857348142545266543e+06
4.536566022631122125e-07,2.951961421776266303e+06
3.593716410594320584e-07,1.358772074965632753e+06
2.965699595244775317e-07,2.672845487823620439e+06
3.874026595841541002e-07,1.980376782098257216e+06
4.383116396740264430e-07,2.133543611632966436e+06
9.410329521496498283e-07,9.983563145307061495e+05
7.521415886211510188e-07,1.263631182752017863e+06
5.920573767041309515e-07,1.620043580799892079e+06
9.857479109208240072e-07,9.963958108398795594e+05
9.960571722490464787e-07,1.027464755632014596e+06
8.251206720464379149e-07,1.282069890998040792e+06
2.880608046109846690e-07,6.548847317875476554e+06
4.845009370556448649e-07,1.608398329610310961e+06
6.797938880193013362e-07,1.347862570148666156e+06
9.410329521496498283e-07,9.983563145307061495e+05
7.521415886211510188e-07,1.263631182752017863e+06
9.038941053379866246e-07,1.048640218220233452e+06
5.920573767041309515e-07,1.620043580799892079e+06
1.028450483688151198e-06,9.515255252918610349e+05
7.464201909387417708e-07,1.300501599838008638e+06
9.514478249905756579e-07,1.079779138700418407e+06
8.251206720464379149e-07,1.282069890998040792e+06
3.228486718010838507e-07,1.578149684927314054e+06
4.383056023799738380e-07,1.284358057607250521e+06
2.687671399785622236e-07,2.134964751842389815e+06
2.609158086783905108e-07,2.278837209231164306e+06
3.582830103064200609e-07,2.369783854866434354e+06
6.797938880193013362e-07,1.347862570148666156e+06
4.686948531380534253e-07,1.872492291153972270e+06
9.038941053379866246e-07,1.048640218220233452e+06
7.464201909387417708e-07,1.300501599838008638e+06
4.383056023799738380e-07,1.284358057607250521e+06
2.687671399785622236e-07,2.134964751842389815e+06
2.609158086783905108e-07,2.278837209231164306e+06
3.627257525641117291e-07,2.132835267005686648e+06
7.226608888227155634e-07,1.496131069543212187e+06
8.343212788857117534e-07,1.323903664087417535e+06
1.122108094287982892e-06,1.006225992261513486e+06
9.036227117136444502e-07,1.312684926748219645e+06
1.004262196246586054e-06,1.297298806697813328e+06
8.146210944266301364e-07,1.689647766995156417e+06
1.598291329028252788e-06,9.254535662705454743e+05
1.876173621760507530e-06,7.890673861212158808e+05
8.310502392133268231e-07,6.189088590514649404e+05
4.866267614631063837e-07,1.176334717672004132e+06
7.750741299802597558e-07,1.449496628803441115e+07
1.110889519537672605e-06,8.501728348747163545e+05
1.131654991956804392e-06,8.642096405145867029e+05
1.284904695710312468e-06,7.686901629037635867e+05
8.511736831596037024e-07,1.343068983845525421e+06
1.068873215584660023e-06,1.108244470912521705e+06
1.006190829226872986e-06,1.180563270193865988e+06
1.584769274970496241e-06,7.954906676845066249e+05
1.843549850100496223e-06,7.621222422998030670e+05
1.885414529048731563e-06,7.848426363961016759e+05
5.354549399822417625e-07,9.573332007636133349e+05
4.710482694721375348e-07,1.149366912734676152e+06
1.096396726864074171e-06,7.700487201541392133e+05
1.050165775633279908e-06,8.751251517987840343e+05
1.159589318099346890e-06,8.398932263265342917e+05
1.134846507163274662e-06,9.161972840109437238e+05
6.712435568209353883e-07,1.705238466314325575e+06
7.697398144710045514e-07,1.468744133791245986e+06
9.873050232583996458e-07,1.265432179582710378e+06
1.341534867249028688e-06,1.044986238079850446e+06
1.289479902144006234e-07,1.262263413684482127e+07
1.899763356319488185e-06,8.256161624474815326e+05
4.729586265220619411e-07,1.587237246967084473e+06
2.893035078095973131e-07,3.183860322391385678e+06
4.369614779256319146e-07,1.886171226237504743e+06
1.051730893469687570e-06,8.067037788331869524e+05
1.067730186215364671e-06,8.221252184910653159e+05
5.644368435599937838e-07,1.496403973103093915e+06
8.399327495136190712e-07,1.228732876983603928e+06
6.261433273791656884e-07,1.767105219979454065e+06
6.347545050557419408e-07,1.890146271929939976e+06
7.570158808822721867e-07,1.635704464995503426e+06
1.314584119960405312e-06,1.127620486411161022e+06
1.279569973441025304e-06,1.156485033022791380e+06
4.430491029250068416e-07,1.262556813271017512e+06
2.661818204590505676e-07,2.804202620536164381e+06
2.817324956614383605e-07,2.703105900782890152e+06
2.794246022877715174e-07,3.291040698340115603e+06
3.828040386857556474e-07,2.676875129800860770e+06
6.261433273791656884e-07,1.767105219979454065e+06
6.156529602060694852e-07,1.963418417705147061e+06
7.570158808822721867e-07,1.635704464995503426e+06
5.444634646464167526e-07,2.402135944538682699e+06
5.697517699742993179e-07,2.585082184362640139e+06
9.630327440157250768e-07,1.452346207264231751e+06
1.279569973441025304e-06,1.156485033022791380e+06
1.382868440389877407e-06,1.139063451888698619e+06
2.685989817149836003e-07,1.204829623832615325e+06
4.312410935641995239e-07,1.255710439284529770e+06
1.385086211042033947e-06,6.581401052418927429e+05
1.446769343646236511e-06,6.245277627366461093e+05
6.853881986057841992e-07,1.488747205796570983e+06
7.042773510625334547e-07,1.642636162155269645e+06
1.025083139614082022e-06,1.148260457186103566e+06
8.225799953524246076e-07,1.614336642107375897e+06
1.047139842734626594e-06,1.239849736398945330e+06
1.673597523374763764e-06,8.850423394597457955e+05
1.740727109891692858e-06,8.998783677634821506e+05
1.178545339673819006e-06,8.081833995755909709e+05
5.515276843393793995e-07,1.731887618176696589e+06
6.997281935853711714e-07,1.332266751732951263e+06
4.983896319534465860e-07,1.958924626335595036e+06
5.815094495583872371e-07,1.662842394770291634e+06
7.833333706444757210e-07,1.313824814148178557e+06
1.250321831057968830e-06,8.502125382050682092e+05
1.196092422300417291e-06,9.038252644805945456e+05
1.025083139614082022e-06,1.148260457186103566e+06
9.963250763126557500e-07,1.208662772394040367e+06
1.089633697868098088e-06,1.140720606224613730e+06
1.673597523374763764e-06,8.850423394597457955e+05
1.995588322651082667e-06,7.857060103177424753e+05
4.213049951104582924e-07,4.350353403710244223e+06
6.911167497655135666e-07,8.573483097009507474e+05
5.788285240025605756e-07,1.013944020152634941e+06
6.041866026507207479e-07,1.535319130523585714e+06
5.203418935565600948e-07,1.804896357095815474e+06
8.877665788040177446e-07,1.057449724949891213e+06
5.515276843393793995e-07,1.731887618176696589e+06
7.833333706444757210e-07,1.313824814148178557e+06
8.771309159121927075e-07,1.163875654416247737e+06
8.708579124609214488e-07,1.171439224845330464e+06
7.106106592840698003e-07,1.425162850345997838e+06
9.929466249957134776e-07,1.274066695576210273e+06
3.039359130444244475e-07,1.621638985720264260e+06
5.951922500201014489e-07,1.026097077049126732e+06
3.661177421025184758e-07,2.015532652621570276e+06
8.771309159121927075e-07,1.163875654416247737e+06
5.002127071487391210e-07,2.095467254969875561e+06
8.708579124609214488e-07,1.171439224845330464e+06
6.163374057999752729e-07,1.784467907443909673e+06
6.434476815393443248e-07,1.892431377739819232e+06
6.378291112872397704e-07,1.911954568645249354e+06
6.691818789139417710e-07,1.866153293521168176e+06
6.539593618674945887e-07,1.999686470854312414e+06
1.223947739282868031e-06,1.279714429524853826e+06
3.039359130444244475e-07,1.621638985720264260e+06
2.789875608324014873e-07,2.287330210628371686e+06
3.352424826208314553e-07,1.910622978294675238e+06
3.160077574990190832e-07,2.987634392959445715e+06
3.255906883695526929e-07,2.887273360383101273e+06
5.218924323312365794e-07,1.919589363604998682e+06
8.117545982739491456e-07,1.269846986804411281e+06
3.598383979733196106e-07,3.208546651748606469e+06
5.957948215406145781e-07,1.941277053219967755e+06
5.183512449283120507e-07,2.476087875744411722e+06
7.354600539077824973e-07,2.133534492115450092e+06
1.278118505869588577e-07,3.436895759594584815e+06
4.076375749130608764e-08,1.714488759930625930e+07
2.495837438087242552e-07,3.396303919233432505e+06
3.051325335681320598e-07,2.821629610641200095e+06
3.598383979733196106e-07,3.208546651748606469e+06
3.521437605773304136e-07,3.331007619978284929e+06
2.674825174191282427e-07,4.532593395805858076e+06
4.052737647996325839e-07,2.893145599079418927e+06
4.495751961213717979e-07,2.749121080868228339e+06
2.467684748883146352e-07,5.032272389325536788e+06
4.991775359005683467e-07,3.068773993063959759e+06
7.456400508795783035e-07,1.985642990741415648e+06
1.915656167962002432e-07,4.535040429012505710e+07
2.353982911745605183e-07,6.468509018047633581e+06
4.843723804773622984e-07,1.530935565751260612e+06
9.850406503767068524e-07,9.526368680496325251e+05
1.349807973358932323e-06,8.903958624981866451e+05
1.542756894817272856e-06,8.034523500449331477e+05
1.471120624202861685e-06,9.382653562052857596e+05
2.661218643477949356e-06,5.888544254426526604e+05
2.126027642020729182e-06,7.914481836273921654e+05
2.877092916301059312e-06,6.160569486204711720e+05
2.889632636776763572e-06,6.505663482085042633e+05
8.028768065882945651e-07,6.104917392012764467e+05
1.284276060276599149e-06,6.846704691406890051e+05
1.368247571065553114e-06,6.844949195563899120e+05
5.979397775089505504e-07,1.543699732917495538e+06
1.579019822641265090e-06,6.617728662945146207e+05
1.110905846787963046e-06,9.891730008766788989e+06
1.595847747377051124e-06,6.756961788427438587e+05
1.385549947768716846e-06,7.906598973514244426e+05
1.566294360994041463e-06,7.976520739245882723e+05
2.719942275237568743e-06,5.157864176033191616e+05
2.626543886802311647e-06,5.336426749741293024e+05
2.673845449429226891e-06,5.576594372815454844e+05
3.067417419686261682e-06,5.120255166846904322e+05
4.622932881357237502e-07,4.712250202495696954e+06
9.636731893634533939e-07,9.567306422294108197e+05
1.096574907774553335e-06,8.494122135482587619e+05
1.455542276073083823e-06,7.199232353192630690e+05
1.206030219870618587e-06,9.084316365955958609e+05
1.524700658215250387e-06,7.406751320777160581e+05
1.228632591026153770e-06,9.678246789083990734e+05
9.676296039821922796e-07,1.232302213103789603e+06
1.096648834046128907e-06,1.123803695272723213e+06
2.725678997457379528e-06,5.146035691525051370e+05
1.868969168697107890e-06,7.498417033978141844e+05
2.279852623461340051e-06,6.491186428633340402e+05
6.469733983173014738e-07,3.244304826132326853e+06
3.829728259285972683e-07,1.596861076939785853e+06
3.277947092419044385e-07,4.058995911724640988e+06
9.454292778158253821e-07,9.427489468066279078e+05
9.636731893634533939e-07,9.567306422294108197e+05
1.096574907774553335e-06,8.494122135482587619e+05
1.072025464239298568e-06,9.065497181081525050e+05
1.459628404869422446e-06,7.365066426439631032e+05
1.222686529211358127e-06,9.291693701443466125e+05
1.259692301047803054e-06,8.976978915136774303e+05
1.163032171239917681e-06,1.073647491260153474e+06
2.178446801087158438e-06,7.198036271164660575e+05
2.236357415092347015e-06,7.016239345598259242e+05
3.878970459463800126e-07,9.660184750339489430e+06
9.454292778158253821e-07,9.427489468066279078e+05
1.160657281208555078e-06,7.780798031100402586e+05
1.085248034715023678e-06,8.708276988305933774e+05
1.072025464239298568e-06,9.065497181081525050e+05
7.722338880075103192e-07,1.284490954179982655e+06
8.655063720025918620e-07,1.169433893795258133e+06
8.583825868151715362e-07,1.297945541859660298e+06
1.161168759547401884e-06,1.026066181997683947e+06
1.388415578516459375e-06,8.854305847084533889e+05
2.195001437544953654e-06,6.744508839794175001e+05
7.530807848381162341e-07,8.301416194936633110e+05
7.349435393284657336e-07,1.057860626061009942e+06
9.965168425992895859e-07,8.930344655477956403e+05
1.160657281208555078e-06,7.780798031100402586e+05
1.085248034715023678e-06,8.708276988305933774e+05
5.600058533654464241e-07,1.780667215739310486e+06
7.722338880075103192e-07,1.284490954179982655e+06
3.406362843036963360e-07,2.677569856570150703e+06
4.045559555361393063e-07,2.510400806288039777e+06
8.655063720025918620e-07,1.169433893795258133e+06
8.991066271271991518e-07,1.410774127235420048e+06
5.654829836695415605e-07,5.154884603669634089e+06
5.657160453903539816e-07,1.301288008768813452e+06
7.089112531686712115e-07,1.097762217205172405e+06
4.342683411224448073e-07,2.626000094740155339e+07
6.672541968784962212e-07,1.178598930921337102e+06
5.671948781083655822e-07,1.695958558284860803e+06
6.270993314869374358e-07,1.566034065656164661e+06
4.885740580377773418e-07,2.208043175503234845e+06
9.614823556268055164e-07,1.316185750365614425e+06
8.908050868061104919e-07,1.425360569059824338e+06
1.237510360924079809e-06,1.078643940092322417e+06
4.617891546765558764e-07,1.045883818332371674e+07
4.482704680192384808e-07,1.880141875141748460e+06
4.813401184646945556e-07,1.735842870780490106e+06
4.329096202640529140e-07,2.593123241126653552e+07
6.465861133181569074e-07,1.456146447033294709e+06
4.844556508108552516e-07,1.944951071480856743e+06
6.040974580435769400e-07,1.629678524575105403e+06
4.409264621982124285e-07,2.355827496216769796e+06
5.187367578060606270e-07,2.013013169580521761e+06
8.663206141359059020e-07,1.397215049766433425e+06
9.205757794888170392e-07,1.445917687706424156e+06
8.906431737392968238e-07,1.572674639559429372e+06
1.338987815922969732e-07,5.972228311654301360e+06
1.942772542004768512e-07,4.018048016821547411e+06
3.042496900402445223e-07,3.418197071370273829e+06
4.409264621982124285e-07,2.355827496216769796e+06
5.187367578060606270e-07,2.013013169580521761e+06
5.296675769635720803e-07,1.909806605190932052e+06
4.028941268146728094e-07,2.667620919660122599e+06
3.858104597779734602e-07,2.709501969969937578e+06
3.001629418155118174e-07,3.798731262466056272e+06
3.427155919650893109e-07,3.416685378570301924e+06
5.188204971124075579e-07,2.312935305945515633e+06
6.319564604287132048e-07,2.110276912116730120e+06
8.906431737392968238e-07,1.572674639559429372e+06
3.837214992555970976e-07,1.448843878938946407e+06
1.957415695027967772e-07,3.848353256407726556e+06
1.303529050136186773e-07,6.340251817642627284e+06
3.357190828588719232e-07,2.841876959287466947e+06
4.350797257047061175e-07,2.216825526917778421e+06
5.150764415498486163e-07,1.851029969610754168e+06
5.106162223050776656e-07,1.937907269871323835e+06
5.446782484739464082e-07,1.839610980910446960e+06
4.096226218896889073e-07,2.595698071282091085e+06
6.831449634547133507e-07,1.573638285641624359e+06
8.256543171781619203e-07,1.463568123581972439e+06
5.015768453376909254e-07,8.101995952857829398e+05
5.166811922939952110e-07,8.869218115096627735e+05
7.701597595225278306e-07,6.738361438393655699e+05
1.037568336673429884e-06,8.850543596118509304e+05
1.182569621109347648e-06,8.217095025684727589e+05
1.311145048272007658e-06,8.159808722825326258e+05
1.257695343015088397e-06,9.387442283744437154e+05
1.091890285528637809e-06,1.145740086548845749e+06
1.873002044870722665e-06,6.771447952408578712e+05
2.143455666362636622e-06,6.903944276729496196e+05
4.778392388517382529e-07,9.140396626770757139e+05
7.419364162845522557e-07,1.125838524433780229e+06
9.614127786184755024e-07,9.044390411199417431e+05
9.354316955558411917e-07,9.203696257064886158e+05
1.481585546827225516e-06,6.148624960491276579e+05
1.526262980487830488e-06,6.165194004814464133e+05
1.182569621109347648e-06,8.217095025684727589e+05
1.754059928294950241e-07,5.914650634202489629e+06
9.743431204681752967e-07,1.229209956980754854e+06
1.202609454534946118e-06,9.792841265528851654e+05
1.963220859162016299e-06,7.543789053254820174e+05
3.426149749159868946e-07,1.465722953840639675e+06
2.819072053527223998e-07,1.889791379754514247e+07
2.004839704437350252e-07,3.659254631294935010e+06
5.227863638533667157e-07,1.580994955565619515e+06
4.258957474764119338e-07,2.100794183887448162e+06
4.269181981718977550e-07,2.247660864924736787e+06
4.594085589061274376e-07,2.755813337109116372e+06
5.813073276744624253e-07,2.503104049358289223e+06
9.605070414443430047e-08,1.472132202210522816e+07
6.811456938210932795e-07,2.282118824458490591e+06
1.075915675712635020e-06,1.467085412434294587e+06
1.168402992662491104e-06,1.424404742538382066e+06
1.188933632472313657e-07,7.460197579876204021e+06
2.223803090712038057e-07,3.862364704111454543e+06
2.342088018943849436e-07,3.628081694367223885e+06
2.512082457422558954e-07,3.829706233570327982e+06
3.063853568048244166e-07,3.176847511859239079e+06
3.570713042214604956e-07,3.006416864407069050e+06
2.949877028858184785e-07,3.822906892414798960e+06
3.857371299081257013e-07,2.868424070314049255e+06
3.280458773701530823e-07,3.524862187316040974e+06
3.509619274272001301e-07,3.385586751781815663e+06
5.165744178174969162e-07,2.568746152022669557e+06
2.386323927267138311e-07,1.745270191179045709e+06
2.783036173956495021e-07,1.467525346713707549e+06
4.289769465393636939e-07,1.270283262592559913e+06
1.214407232666915994e-06,8.466952646480042022e+05
5.260101076005364608e-07,2.090271422538253246e+06
9.925486292710669877e-07,1.162021766997057712e+06
4.541170824669522129e-07,2.582117672750400379e+06
8.750616643404351971e-07,1.341809084458520170e+06
6.137680661965005745e-07,1.976454421511555789e+06
5.459128444369125538e-07,2.266518955359601416e+06
4.885471006492379751e-07,1.044695775695584714e+06
1.002429613801960719e-06,5.602014451343355468e+05
6.274399188683133588e-07,9.319307776596080512e+05
1.153698955154468934e-06,6.970050717723303242e+05
1.337578888038556285e-06,6.502639308663016418e+05
1.301218660279587428e-06,7.238259256838305155e+05
1.275195877064162385e-06,7.719959073134853970e+05
1.195302058810757349e-06,8.605893603600158822e+05
9.851133937936206223e-07,1.149231084988431307e+06
1.881227143466506761e-06,7.466478399236008991e+05
3.722235501968836969e-07,2.241582988340485375e+06
4.693024783821786612e-07,1.413699344853085466e+06
5.882165217800905985e-07,1.667286168069392443e+06
6.940419368602187304e-07,1.589552278874544241e+07
7.061133413939974920e-07,1.531300912412663922e+06
9.147912496317539440e-07,1.196689279366857139e+06
1.094358713232468725e-06,1.029856808070091764e+06
8.833287798729859049e-07,1.412731620464054868e+06
1.223712466710475291e-06,1.087817132876134710e+06
1.725039219484999491e-06,7.724644658152461052e+05
1.808364218935589318e-06,7.758486467056949623e+05
1.710054073636272192e-06,8.695858999729537172e+05
1.811558852382686066e-06,8.201171840398790082e+05
3.284786418866777230e-07,1.354856970884291688e+06
2.717328451643051306e-07,2.780681478545127437e+06
1.554708277168852339e-07,5.477106929979754612e+06
3.885263459651251973e-07,2.328938735701049678e+06
6.155288775547458152e-07,1.532477238834032556e+06
8.337133493564942417e-07,1.156782861869123764e+06
3.595683864006113310e-07,2.847673573088105768e+06
5.988037922293502438e-07,1.850498237978310324e+06
7.083615598521849876e-07,1.665061303104775259e+06
1.225598095028494123e-06,9.820543242549824063e+05
1.228599010612966601e-06,1.083040954552000156e+06
3.284786418866777230e-07,1.354856970884291688e+06
2.335030590787319495e-07,2.169001306823265739e+06
5.005550784030540796e-07,1.067193091271381360e+06
8.518481092421629781e-07,1.157720427070927573e+06
9.249658009678309246e-07,1.095711738466881914e+06
9.531767926887399851e-07,1.191029713690853911e+06
6.500957297613514317e-07,1.858291942265581805e+06
8.037869588902161191e-07,1.536395308658446185e+06
9.288394565052026202e-07,1.403571408904429525e+06
1.334271093701374770e-06,1.175072173861024436e+06
1.625298217343269121e-06,1.022383463571118773e+06
5.274223902384763375e-07,1.082579739228156395e+06
6.610685108335391013e-07,3.136599920421610586e+06
5.047100462054809079e-07,1.240195341707219835e+06
8.364347258651483551e-07,9.693324416269359645e+05
8.518481092421629781e-07,1.157720427070927573e+06
7.235398412015192344e-07,2.456154806821245700e+06
7.598231071932212167e-07,1.337774385677556973e+06
9.249658009678309246e-07,1.095711738466881914e+06
7.026981290901470182e-07,1.527108177002184791e+06
8.527479360910455994e-07,1.469804912380744470e+06
1.670622402882228958e-06,8.377871650398386410e+05
2.177627057004564677e-07,2.322376730841398239e+07
2.547441105181252330e-07,2.481351059329257812e+06
5.284061966309312544e-07,1.289955112758706091e+06
4.783692292066246055e-07,1.902414404894386185e+06
7.598231071932212167e-07,1.337774385677556973e+06
7.026981290901470182e-07,1.527108177002184791e+06
6.383172564300956033e-07,1.769297573051939951e+06
6.403595739460308073e-07,1.847642213776915800e+06
5.883672381156315448e-07,2.026225256708903005e+06
5.811939896648178922e-07,2.140905601878094487e+06
1.132219109156406652e-06,1.307413355664751260e+06
1.063560946255491467e-06,1.473305378840134013e+06
2.081805220171507658e-07,2.876150046385746077e+07
2.411223149871400393e-07,2.327899690807417501e+06
3.534286804035558098e-07,2.310255427590130363e+06
4.078121199070378803e-07,2.021159547326607164e+06
1.980889593933558320e-07,4.115281889353134204e+06
3.788760877743021541e-07,2.329368950520437676e+06
4.843838837022628973e-07,1.799396378688836237e+06
4.159413139096236024e-07,2.255540592389519326e+06
6.500266646351826750e-07,1.667815406787032261e+06
1.040695989588279632e-06,1.278185063914600061e+06
2.091068036049715453e-07,5.253343591275921464e+07
2.398155198791634319e-07,3.249843459190909285e+06
3.446455046147511040e-07,2.467722665680750273e+06
7.709321773007031725e-08,1.074590795694992878e+07
4.159413139096236024e-07,2.255540592389519326e+06
4.392505926590636797e-07,2.329786030498743057e+06
3.694330483278996214e-07,2.639383684079880361e+06
2.730219892233221500e-07,3.821485954953982495e+06
5.782452770702455537e-07,2.115292787587626837e+06
5.080153298011782517e-07,2.504795529037564062e+06
8.941191430039537679e-07,1.657822443040394457e+06
4.865692152207907380e-07,3.406845370434400160e+06
2.668513617610969526e-07,1.897099153211334487e+06
2.842692741776801465e-07,2.211838817388938274e+06
7.709321773007031725e-08,1.074590795694992878e+07
4.166016719071713715e-07,2.563920125007011462e+06
5.669928967381047156e-07,1.799366299538630527e+06
8.209620772395048434e-07,1.386775167683229316e+06
6.033720560003963876e-07,1.927374762958380161e+06
6.616994459949739758e-07,1.786251236880119191e+06
7.246154243378310012e-07,1.814407299548805226e+06
4.594314333813841702e-08,4.169126396389332414e+07
1.448056775363217216e-06,1.021746207904051989e+06
8.864247551450765304e-07,1.673404205598953879e+06
1.120201572156450238e-06,1.400204490573187824e+06
3.992808115654334985e-07,2.286832894895602763e+07
3.334393072505040392e-07,3.052816803917901125e+06
1.030380446435915470e-06,8.840047431018414209e+05
7.291818974528029765e-07,1.255628215198992286e+06
7.625076086322913232e-07,1.236278054987017531e+06
5.992609076778486926e-07,1.620452305902880616e+06
4.846963975221378419e-07,2.009113990400337381e+06
6.946393386428066986e-07,1.619582042948330753e+06
5.996752766883139515e-07,1.840307522282660939e+06
1.117101561928594506e-06,1.326629795437724795e+06
1.302465574637620860e-06,1.209397762427475071e+06
2.113430614072851500e-07,2.416188434594136197e+06
2.283221125785304982e-07,2.654396460292476695e+06
3.348577356213775581e-07,3.304289430553718656e+07
4.435006117827786297e-07,2.090806528054477880e+06
5.407157520017151719e-07,1.850111530800502514e+06
5.810703445422626892e-07,1.749511154069023207e+06
3.531808787540966498e-07,3.239772494394423440e+06
5.957429741350671339e-07,1.912238204519433202e+06
4.183855913725800121e-07,2.792074318378549069e+06
5.973607831283205466e-07,2.080164670583985047e+06
6.795894794316441538e-07,2.178698100251871627e+06
1.062035250352697452e-06,1.475598427811318077e+06
2.113430614072851500e-07,2.416188434594136197e+06
3.553736558988525260e-07,1.668146290592144243e+06
2.283221125785304982e-07,2.654396460292476695e+06
1.543099951829664935e-07,4.937109467606276274e+06
4.067988519443448344e-07,2.625075269957402721e+06
2.743678556027305289e-07,3.925639911827113945e+06
5.009688224300003325e-07,2.254792750326156616e+06
3.206711062371993088e-07,3.423933487079499289e+06
3.871029810690246415e-07,3.018151694363673683e+06
4.020324620342541627e-07,3.142852207448786125e+06
8.104979683380662537e-07,2.050333653492832556e+06
1.407055949323371051e-07,1.416897347666284628e+07
2.072656060575303435e-07,4.735293676044043899e+07
4.700549063334247913e-07,1.366354161277880892e+06
5.611297405312442472e-07,1.632409096445873380e+06
5.656627311942236535e-07,1.742210133182321209e+06
3.564826492648463450e-07,2.839894054725585971e+06
3.376011529081165715e-07,2.958618457122701686e+06
5.334192915750049715e-07,2.034156327678646194e+06
3.710308886123976207e-07,3.201838453678156715e+06
4.660048552786440343e-07,2.520064447623209096e+06
5.001141899820722318e-07,2.495309610689659603e+06
7.340877416085954908e-07,1.912832427056235494e+06
9.237338557126865686e-07,1.696781808373654494e+06
3.967151799242184573e-07,1.452199681022551144e+06
6.234628686953135969e-07,1.466002179206767119e+06
6.671314302896444166e-07,1.360356857128448086e+06
4.129443187647237751e-07,2.264379317973342724e+06
4.156332512249787907e-07,2.352531691481363028e+06
3.888200999392605402e-07,2.524043198015020695e+06
4.017044201068991015e-07,2.554633708851960488e+06
3.801126521317018892e-07,2.681374502486805897e+06
3.736965799595084895e-07,2.847925628357593436e+06
4.863355109220519727e-07,2.299844168157200329e+06
3.512765362349978965e-07,3.550356245228398126e+06
7.247017345774521794e-07,1.939571517970105866e+06
2.329873655602899220e-07,6.148290152026413940e+06
1.817559386436096634e-07,5.049935161364523694e+06
5.198413476277888888e-07,1.713556495241052471e+06
3.718872577534546854e-07,2.595403356782199815e+06
4.017044201068991015e-07,2.554633708851960488e+06
3.801126521317018892e-07,2.681374502486805897e+06
4.344261046202396194e-07,2.338395347110645380e+06
3.736965799595084895e-07,2.847925628357593436e+06
5.344471184963951346e-07,2.240948754801595584e+06
2.240244045217463332e-07,7.344368959729153663e+06
9.385434174333036673e-07,1.680202504697834142e+06
1.039282479075077419e-06,1.601787972195293289e+06
2.217691206750958111e-07,7.115135281797355041e+06
8.385843651957816476e-07,1.016704051818759297e+06
5.296235095004426533e-07,1.615251973368178122e+06
8.568948316323950037e-07,1.259961779973519966e+06
8.340319270849015666e-07,1.347857559030606411e+06
3.782541962571046516e-08,8.287444367409688234e+07
5.650635247690512069e-07,2.019951678471008549e+06
6.535206804549623830e-07,1.829062098026470281e+06
6.613365311476331648e-07,1.775059825144029921e+06
6.588124777727241166e-07,1.998572609126668423e+06
1.322553073943997862e-06,1.120413739052174846e+06
1.080343992663192254e-06,1.370603988368913997e+06
1.354091078426708640e-06,1.158832251238562632e+06
1.824804655231597052e-07,2.761177043995744083e+06
2.993487929408257021e-07,2.034241586598050548e+06
2.156984510887924770e-07,4.076561509367251769e+06
5.315840394631604080e-07,8.212162111127193086e+06
5.369884524167983798e-07,2.094013662412696332e+07
9.325899693579297679e-07,1.051760145370663377e+06
8.932094826543103625e-07,1.154806527142402949e+06
5.723521903094275048e-07,1.844468340183610562e+06
1.043712602559813428e-06,1.340660188831290929e+06
1.323573338277590244e-06,1.061717144263578346e+06
1.261401767260163480e-06,1.247001639231013367e+06
1.563211568279623420e-07,3.993030141442975495e+06
2.457744124285334762e-07,3.220198096078471746e+06
5.920803535592541406e-07,1.469859760686830850e+06
2.762003683477151873e-07,3.074465521025693510e+06
3.758007855156271829e-07,2.270355880995030049e+06
4.514238330563354558e-07,1.965434765951286070e+06
4.889449264972431856e-07,1.852252971986937104e+06
5.723521903094275048e-07,1.844468340183610562e+06
3.018363821236965223e-07,3.716753808907112107e+06
7.125256016166871737e-07,1.818596582088293275e+06
1.187848084380704064e-06,1.399115199893384706e+06
4.949875626361745881e-07,8.299474217613358051e+05
6.441481155430874021e-07,1.259802624911864055e+06
1.416195282008424511e-06,5.527940464580098633e+05
3.923556291471041859e-07,1.935782396414703224e+06
9.500619527426287899e-07,9.333466525863681454e+05
1.133629515568952092e-06,9.197968066378502408e+05
1.026040454928382839e-06,1.110053106210051803e+06
1.065156042714806425e-06,1.115682269289655611e+06
1.105444991105475379e-06,1.076032879755274393e+06
2.041297270410902345e-06,6.515620638710256899e+05
1.972574790645881891e-06,7.501284440087775001e+05
3.672556923067280052e-07,1.607063044182055630e+06
4.731716006525954506e-07,1.388718507033851231e+06
8.469192066454923575e-07,9.336844727163151838e+05
1.133629515568952092e-06,9.197968066378502408e+05
9.841192346905240502e-07,1.113141750174285611e+06
1.079069438746586976e-06,1.008389425636562868e+06
1.065842750788636898e-06,1.061994874935044907e+06
1.162075311883402184e-06,9.755846465920065530e+05
1.008525175166524678e-06,1.237240666186724324e+06
1.716802919893294838e-06,8.108629016918947455e+05
2.034140691718541484e-06,6.895418618885572068e+05
1.961885758066910962e-06,7.546306921563415090e+05
3.214597369287507319e-07,2.073897174602499232e+06
4.685711207426208959e-07,1.221208260899115354e+06
2.951774656740242338e-07,2.860412352975991089e+06
5.219655554418582613e-07,1.501656346394276712e+06
1.124548101960596866e-06,8.558548588862117613e+05
7.471656129209903622e-07,1.354921123701326083e+06
5.753389741374845111e-07,1.939822710792666534e+06
4.934426272678047694e-07,2.263772390106082428e+06
5.207992721512671252e-07,2.127755145481226034e+06
6.252704066445575334e-07,1.847969659980564145e+06
9.424937491646590342e-07,1.288060023498507682e+06
4.685711207426208959e-07,1.221208260899115354e+06
3.765183263821500331e-07,2.514672002313919365e+06
5.470839973218604426e-07,1.743655292520276271e+06
4.796103222911139955e-07,2.012439035887226462e+06
4.315917560687939838e-07,2.354240394714165479e+06
6.587701466914657800e-07,1.549701023373767268e+06
6.936527872908779623e-07,1.459017624263491947e+06
6.161964451424235547e-07,1.711657033130085096e+06
5.965642890915393638e-07,1.855336322809954407e+06
5.753389741374845111e-07,1.939822710792666534e+06
5.207992721512671252e-07,2.127755145481226034e+06
4.934426272678047694e-07,2.263772390106082428e+06
1.358674360652735517e-07,3.277632278226554859e+06
1.264291891389055393e-07,8.390905034612217918e+06
2.593770833338491858e-07,3.723570388604987878e+06
4.072071639049473795e-07,2.419115831189824734e+06
4.315917560687939838e-07,2.354240394714165479e+06
3.198062955221349942e-07,3.282982659040187486e+06
5.242423150787305160e-07,2.268189117336201947e+06
4.101637145728272999e-07,3.061783639286996797e+06
4.932326568006195417e-07,2.767522388309579343e+06
5.322630120767809395e-07,2.569918214755720459e+06
8.251762317388913188e-07,1.899013233341870597e+06
9.275299471272362213e-07,1.791154442743700463e+06
1.736958959774727508e-07,5.075537517290462554e+07
3.160086260948229305e-07,1.600391349900629837e+06
1.532919579226036882e-07,3.391417434321701061e+06
4.668019974336148689e-07,1.961730003860386554e+06
4.082980177878263267e-07,2.687690077654759958e+07
5.278364090610885361e-07,2.053360491097649094e+06
6.206426855654470908e-07,2.334859525980164297e+06
8.632942500667643624e-07,1.714886591073175892e+06
4.922861057970380208e-07,3.132341121709071565e+06
9.613745985670811353e-07,1.741997748132342473e+06
1.125655341969678629e-06,1.570284867608682020e+06
4.828045082343282798e-07,1.375689935093270382e+06
4.284324910374007552e-07,1.914071906294969143e+06
3.594338700806281060e-07,2.577889007622424513e+06
5.917670972868220472e-07,1.502584587859887397e+06
5.937419639537422591e-07,1.597060960583466105e+06
6.389353983158302217e-07,1.586335048085776856e+06
5.206208419385394445e-07,2.198353853422113229e+06
5.287900098326544490e-07,2.088065685852598865e+06
6.431339655468490226e-07,1.917474578919965774e+06
7.022595711165948482e-07,1.848217432797090150e+06
5.967084351079417909e-07,2.198254096216456033e+06
1.058944486056725107e-06,1.398924505071741762e+06
1.160837570173687160e-06,1.349999926263415953e+06
2.495722522997154026e-07,2.223597133910007309e+06
3.947058152823708520e-07,2.086837054674971616e+06
3.966107338231515560e-07,2.208071761547146365e+06
3.702873242883060830e-07,3.005209080938592181e+07
3.643961542887557342e-07,2.596349532956188545e+06
4.571499668359337151e-07,2.043436661241849419e+06
4.070587562173605464e-07,2.424024027322423644e+06
3.552815945304083267e-07,2.863665014593430795e+06
3.505849109808727061e-07,3.032758606154335197e+06
7.559397019244903569e-07,1.668572058269572677e+06
8.845146476984040160e-07,1.688385902529333951e+06
1.042337139387192630e-06,1.504523415449028602e+06
3.757702178656717771e-07,1.300607416755447630e+06
3.643530064630873140e-07,1.562907543019423727e+06
2.636914488888654287e-07,2.253332545549941249e+06
3.335188118119855425e-07,4.983609220955221914e+06
4.682405341201807346e-07,1.911870357423477806e+06
8.587341223214939337e-07,1.187127012203513645e+06
8.124360447685972040e-07,1.316451808419054374e+06
6.003287466952200595e-07,1.791302459885104327e+06
6.551131385702557158e-07,1.684829591981453588e+06
7.557285776069472068e-07,1.465117743117808364e+06
2.492110135838639016e-07,2.103589675438729115e+06
3.826363582419397289e-07,1.604590474827012978e+06
2.624000318875725533e-07,2.963581793317800388e+06
7.500841961699426336e-07,1.128929388982003555e+06
4.163947124022708539e-07,2.042974212352172704e+06
8.587341223214939337e-07,1.187127012203513645e+06
8.124360447685972040e-07,1.316451808419054374e+06
6.763634371940221378e-07,1.554238635422854451e+06
5.756958715941778406e-07,1.959090430858894251e+06
6.985182341935562766e-07,1.752403182151120389e+06
1.390830557072032294e-07,5.467139733369293623e+06
2.624000318875725533e-07,2.963581793317800388e+06
3.956938776227558281e-07,1.927993685152380262e+06
4.163947124022708539e-07,2.042974212352172704e+06
7.087359161104289963e-07,1.295554103921570117e+06
6.153634961629821641e-07,1.733671581224007532e+06
6.330901439570105958e-07,1.747399589221299160e+06
6.318479311607257149e-07,2.065710423356324900e+06
5.628143840831323825e-07,2.450924141339747701e+06
6.356685251243009965e-07,2.152501718363293912e+06
7.433616526479071128e-07,2.025321746839714469e+06
1.113021983337781695e-06,1.408129028745720163e+06
1.104163924813460957e-06,1.418738223325561499e+06
2.330379987096013136e-07,3.321549089441536460e+06
3.616954185822073202e-07,1.747005589877704391e+06
5.767628067284028054e-07,1.652185479401291348e+06
7.716832793290415637e-07,1.273065124885069206e+06
7.935061490073962615e-07,1.282228916421110276e+06
8.250333023755994331e-07,1.227374244242836256e+06
7.612418096507247537e-07,1.345887132962137926e+06
6.153634961629821641e-07,1.733671581224007532e+06
6.142559252619933098e-07,1.722749982014705660e+06
6.330901439570105958e-07,1.747399589221299160e+06
2.506688537870448321e-07,6.455502171583637595e+06
1.385376996606799147e-07,7.712544181878527999e+07
1.378615068790610649e-07,5.420512509728720784e+07
3.210820837927061063e-07,2.796024711892270483e+06
2.722966637386241532e-07,3.749828629369513597e+06
3.677974291075818025e-07,2.703578908402760513e+06
4.653873962204796494e-07,2.204211770668848883e+06
4.760259739375754870e-07,2.339577213945263997e+06
3.931460452288969392e-07,4.195780187098030932e+06
4.630572369528204779e-07,2.582427457561987918e+06
3.006491418814955312e-07,3.904617531466795132e+06
3.328984893279782457e-07,3.460357015591870062e+06
8.438361594269672404e-07,1.856071420748030534e+06
3.447932740792828898e-07,2.312119189094635658e+06
9.542387045388727632e-08,8.199945800983897410e+06
4.729672245416755262e-07,1.813583259330743924e+06
3.801707874223997582e-07,2.387487246432321146e+06
4.510839953514651243e-07,2.461825762500414997e+07
4.198562925640859304e-07,2.533582414458590094e+06
6.256391931822903511e-07,1.661705660954073071e+06
4.653873962204796494e-07,2.204211770668848883e+06
2.440564528375472605e-07,4.384069290942228399e+06
6.025491772681342464e-07,1.961664548878880451e+06
1.011717414634451658e-06,1.384883912990970071e+06
9.598659158566919120e-07,1.541017940806766972e+06
1.369883911514770702e-07,1.660918402857312746e+07
5.118923212729436768e-07,1.098482524658702547e+06
5.834850188489028510e-07,9.339258665712407092e+05
6.753086407901717512e-07,1.414521013820352731e+06
7.575428749406770342e-07,1.234124983108534245e+06
6.524121304071430629e-07,1.516570965749902651e+06
9.049885303392309983e-07,1.195995181601772783e+06
7.071058554245120905e-07,1.501441155193500686e+06
1.080328576691033151e-06,9.682384655577262165e+05
1.348087838398434335e-06,9.201764667326821946e+05
1.326790899409055361e-06,9.845562587290083757e+05
1.119660361533074409e-06,1.173449286564620677e+06
2.357898395098897144e-06,6.645465376973991515e+05
2.694967141073055377e-07,2.344649416355704889e+06
7.476441973837232572e-07,9.845586718339549843e+05
6.353678290752151134e-07,1.030285926623616251e+06
1.152814895960032575e-06,7.427760631926789647e+05
1.660539602398556217e-06,5.917951900891549885e+05
1.715970314895234476e-06,5.700092613144232891e+05
1.422955583229767742e-06,7.282975289553740295e+05
9.049885303392309983e-07,1.195995181601772783e+06
1.080328576691033151e-06,9.682384655577262165e+05
1.119660361533074409e-06,1.173449286564620677e+06
2.331862513511548112e-06,6.014849800780024379e+05
3.307340792916389205e-07,1.576244668920785422e+06
5.715255902766308229e-07,1.064779628079707269e+06
7.476441973837232572e-07,9.845586718339549843e+05
1.152814895960032575e-06,7.427760631926789647e+05
9.081693358016754795e-07,9.764017602921124781e+05
9.736612890579027111e-07,9.659923244343864499e+05
9.597118712007559867e-07,1.076424756494248519e+06
1.422955583229767742e-06,7.282975289553740295e+05
1.493674359050593321e-06,8.067208898729586508e+05
2.331862513511548112e-06,6.014849800780024379e+05
5.767617286726333162e-07,8.342263841676601442e+05
1.094400425435897143e-06,7.978691946864066413e+05
9.081693358016754795e-07,9.764017602921124781e+05
1.064664643147046098e-06,8.550485339605447371e+05
9.736612890579027111e-07,9.659923244343864499e+05
1.173225607807312691e-06,8.312212956130823586e+05
1.111977386481397652e-06,8.866164206113936380e+05
1.158576251459412190e-06,8.771859031640114263e+05
1.087507225229611806e-06,9.405652926581831416e+05
1.200185044857312881e-06,9.360872573138932930e+05
1.783781784512555904e-06,7.455870052964728093e+05
1.028479747147781935e-06,7.488103276690057246e+05
1.410227486164579807e-06,6.410187436805288307e+05
1.343654294170893506e-06,6.810297312423543772e+05
1.111977386481397652e-06,8.866164206113936380e+05
1.339205637934410154e-06,7.314454742503596935e+05
1.173225607807312691e-06,8.312212956130823586e+05
1.158576251459412190e-06,8.771859031640114263e+05
1.087507225229611806e-06,9.405652926581831416e+05
1.294135837088488797e-06,7.891371837287906092e+05
1.245211769336684349e-06,9.980992024021605030e+05
1.156255643866621619e-06,1.131470192234552465e+06
2.204266824349724390e-06,6.709657244179669069e+05
5.395128983173136520e-07,3.049630165877848398e+06
1.871303047015925725e-07,3.725726910304518882e+06
4.422912190869555025e-07,1.465665106971340021e+06
8.622266009267191735e-07,1.026552479618480895e+06
9.494575715902144732e-07,9.475500507465836126e+05
9.169045078509278186e-07,5.631383908543892205e+06
2.191971756059336746e-07,4.851091970534110442e+06
1.352329713999029891e-06,8.338144422929554712e+05
1.042707588676872693e-06,1.145094000138751464e+06
1.116913933297283246e-06,1.059356812298635021e+06
2.177232021480138608e-06,6.798318322854923317e+05
1.979481342775535887e-06,7.475929692927530268e+05
2.414461429757995469e-07,2.445110245611443184e+06
2.585066242151131615e-07,2.306735494408953469e+06
1.323765923040923955e-07,5.617847981231302954e+06
4.065852438002000643e-07,2.354654748780313879e+06
7.441627174791458624e-07,1.403664558256915538e+06
4.347957721917581656e-07,2.355950831432910170e+06
3.777361310934694906e-07,2.864652004128652625e+06
4.419822063069588634e-07,2.409111493273064494e+06
4.424042564742796588e-07,2.815941539494819008e+06
4.364917171060977532e-07,2.989259522977809887e+06
4.176482949962151326e-07,3.103918121603560168e+06
8.141083915558123415e-07,1.816117811876960797e+06
1.758090022070109515e-07,9.695638725190307945e+06
2.833170590471840736e-07,2.450957460266568232e+06
2.537842936026623492e-07,3.579893667829674669e+06
5.710243774433702207e-07,1.654190505712050013e+06
2.250481764454887145e-07,4.277090468561257236e+06
4.587561335328709298e-07,2.081491618503741222e+06
5.705233409541394647e-07,1.717685368974423036e+06
4.571896378490941355e-07,2.223475464319151826e+06
4.184355650679350459e-07,2.567324707742655184e+06
4.974762007188934438e-07,2.131984002180391923e+06
2.039033999110180950e-07,3.007238966101919767e+06
1.704570086951885850e-07,6.422145692664703354e+06
2.367813806026743279e-07,3.857513107591672335e+06
1.201123100472862198e-07,6.687604466276762076e+06
2.160122290754298448e-07,4.311764823126429692e+06
2.537842936026623492e-07,3.579893667829674669e+06
2.487134157377472824e-07,3.954771698793682270e+06
1.928506940485161804e-07,5.499427338906460442e+06
4.253664593815605192e-07,2.979669213624359109e+06
3.205651117308033686e-07,4.135671072219161782e+06
4.831870096507605675e-07,2.750000707752464805e+06
6.818452501948584561e-07,2.298177073715497274e+06
2.780220786847683458e-07,2.576336691235832404e+06
2.943106196864961313e-07,2.540353426006849390e+06
2.723965483120803976e-07,2.771069098524837755e+06
2.000588608514802143e-07,4.208742748678289354e+06
3.104449018338622828e-07,2.508658706604120787e+06
3.076548054672254302e-07,2.434859460723290686e+06
3.539728561826131795e-07,3.161844046024677809e+06
3.740714007776352832e-07,3.149174257430659141e+06
3.183865007593297168e-07,3.920995216080641374e+06
5.465240991615132409e-07,2.570215258500934578e+06
6.047186165270086401e-07,2.451379149877412245e+06
1.272376495356477158e-07,3.203288513708964456e+06
1.110156121275422392e-07,4.943588850904946215e+06
1.366201420294099376e-07,4.934254766260677949e+06
2.329032616219575244e-07,3.968381186626344454e+06
2.484769358764139903e-07,4.034767903951616958e+06
2.739653509829668899e-07,3.676707836877693422e+06
3.539728561826131795e-07,3.161844046024677809e+06
3.361259074018482146e-07,3.533825158775737509e+06
3.557980626170965436e-07,3.483826485396549106e+06
5.465240991615132409e-07,2.570215258500934578e+06
6.078691909592907295e-07,2.437680823474284727e+06
1.110156121275422392e-07,4.943588850904946215e+06
8.229068902107304379e-08,7.800992650202712975e+06
1.024417602905499046e-07,6.938123642076531425e+06
1.366201420294099376e-07,4.934254766260677949e+06
1.201318997820749013e-07,7.739735095590557903e+06
1.249141424983728929e-07,7.626425051556963474e+06
1.550333736441049883e-07,6.912589383317619562e+06
5.572406453422399460e-08,2.048376588735508546e+07
1.740360311942191134e-07,7.252362068724964745e+06
1.652311813797730457e-07,7.644893659494176507e+06
3.194017159457068746e-07,4.630401465420404449e+06
7.839502309308570376e-08,6.625703158610250801e+06
9.428308139552931452e-08,5.652806204317566007e+06
2.015654434887257394e-07,4.166238107492690440e+06
2.391392408815592859e-07,4.044654362581587397e+06
3.898464005123894774e-07,2.540797605600219220e+06
4.232925452038597021e-07,2.387767746472123079e+06
4.949184607717708533e-07,2.055606898185725091e+06
4.819895837083090803e-07,2.204592769706629217e+06
4.423407341418791748e-07,2.498512999497703277e+06
4.033418790435383379e-07,2.898001823529001325e+06
3.064028143147093024e-07,4.998878720736383460e+06
3.567988230461745427e-08,1.329369611990050599e+07
1.877873383733737059e-07,2.639736866129420698e+06
2.376599176193682145e-07,3.914879657639374956e+06
2.441877224746642008e-07,3.722252042997111566e+06
2.357559840237315389e-07,4.163846903004100546e+06
2.086394540158983308e-07,5.414270596557125449e+06
2.114201094069695476e-07,5.605358906293986365e+06
3.653272995934655866e-07,3.479490823235123884e+06
2.701080047752168754e-07,4.878050081162979826e+06
3.016750458026930597e-07,4.333769076062649488e+06
3.756954246863670824e-07,3.732935026515241247e+06
5.360194204493707434e-07,2.919504438209416345e+06
1.509561714428198021e-07,2.783022789846647996e+06
1.297979765025011852e-07,7.417891124620983005e+07
2.002081172327986306e-07,3.997895692136585247e+06
2.045343109828042652e-07,5.531222828361748904e+07
2.400651504883652507e-07,3.962911228467246518e+06
2.099097725595412019e-07,5.351168930694453418e+06
3.993167606457439892e-07,2.870577032113518566e+06
3.191878306085914301e-07,3.888686178938601166e+06
3.312366708157652396e-07,3.849110083786913659e+06
5.300970762265391699e-07,2.639853021247652825e+06
3.587792155454034015e-07,4.134174489345675800e+06
3.666171027459963221e-08,6.258374080143329501e+07
1.509561714428198021e-07,2.783022789846647996e+06
1.232676046694782270e-07,7.497565318939788640e+07
2.158667842565006022e-07,3.452839727776771877e+06
3.233588280689930987e-07,2.635476793201967143e+06
3.680581257248856110e-07,2.662468942500712350e+06
6.345652270321763408e-07,1.622978718529651873e+06
3.111927503883163708e-07,3.380124313259765506e+06
5.151965276633712787e-07,2.257384730482154526e+06
8.800644248815888883e-07,1.469052006603132701e+06
7.332578938238996001e-07,2.131675010807873681e+06
1.370352592167913712e-06,1.145063344107214594e+06
4.859609951336925584e-07,1.755298769047713280e+07
4.514487325759729167e-07,1.346440356518285815e+06
1.187898639701188832e-06,6.333975285565829836e+05
1.526045298399359597e-06,5.608498757543682586e+05
1.549292331757565261e-06,5.753791734069096856e+05
1.711115432068871493e-06,5.454159378840335412e+05
1.790361326564339451e-06,5.226228552210677299e+05
1.705257030304545387e-06,6.936932053613710450e+05
1.594008061439729344e-06,7.803463417461194331e+05
2.895458974170430757e-06,5.413440516272346722e+05
1.532162467465071889e-07,1.202000031600626558e+07
3.225113468321795955e-07,3.845235434313025791e+06
4.387929806755871631e-07,1.946561352935717674e+06
9.761689436740662413e-07,9.834250805040948326e+05
1.610114761260389279e-06,6.328141843467585277e+05
1.142321031120027754e-06,9.220955939603422303e+05
1.763942572171766652e-06,6.394212568644470302e+05
1.487849330897381833e-06,7.913813469962921226e+05
1.234753608051167858e-06,9.679877470752752852e+05
2.151312415918724424e-06,5.907130565323514165e+05
1.433253262261868892e-06,9.629264735484238481e+05
2.896307760671973577e-06,5.111008889369848766e+05
2.414720302008645344e-06,6.495013090532937786e+05
4.203456350950949830e-07,1.269252763767112046e+06
3.973375552370187789e-07,1.362460419869529083e+06
1.945741136088952379e-07,3.695233995739492588e+06
9.761689436740662413e-07,9.834250805040948326e+05
5.315710439704676834e-07,1.846578765633011470e+06
5.915569880154344397e-07,1.701852646603369387e+06
6.742214902935428314e-07,1.579436327363777207e+06
6.756283138366606488e-07,1.578573488567370223e+06
1.191061955167592745e-06,9.232203962833882542e+05
7.156544815377427129e-07,1.556492524743522750e+06
8.109716224603213483e-07,1.493084814849514980e+06
1.106321638686767864e-07,6.718275468913590908e+07
4.294966266432837951e-07,9.377971616512387991e+06
6.329474782574506582e-07,1.395759976350418292e+06
3.819145426757842417e-07,2.662967524372139014e+06
7.207066099337454907e-07,1.475189664001953788e+06
6.756283138366606488e-07,1.578573488567370223e+06
6.742214902935428314e-07,1.579436327363777207e+06
7.463689346024445903e-07,1.483881204535364639e+06
6.790451410417897853e-07,1.653066968836053973e+06
5.222866549783977376e-07,2.086188320918622427e+06
7.156544815377427129e-07,1.556492524743522750e+06
1.074390803732153153e-07,8.018048680156870186e+07
2.743789721741986013e-07,2.149403654654514510e+06
3.350745789156580004e-07,2.594088383086692542e+06
3.084252424970039024e-07,2.974188655157123692e+06
3.819145426757842417e-07,2.662967524372139014e+06
3.182040735832202297e-07,3.085777923407303635e+06
3.165191775300477118e-07,3.115451173904929310e+06
5.222866549783977376e-07,2.086188320918622427e+06
4.977349143036885578e-07,2.598414190123987384e+06
5.062658671000484439e-07,2.889307524265603162e+06
1.006081886512398743e-06,1.649333021147048101e+06
3.158590806971069727e-07,1.323255821379611501e+06
2.672596585239769659e-07,9.038513469469962642e+06
2.562304485149001544e-07,2.005397329123833682e+06
3.350745789156580004e-07,2.594088383086692542e+06
3.084252424970039024e-07,2.974188655157123692e+06
7.055449716993296016e-07,1.340282743002531119e+06
1.038907498382350467e-06,1.105420837168274913e+06
1.452527092895954907e-06,9.077140224216488423e+05
9.629856384613639456e-07,1.510826133678873302e+06
1.914587389749490061e-06,8.180073357952890219e+05
4.120348854657825737e-07,1.261297051647077547e+06
1.713770044252272432e-06,5.162501023447925108e+05
1.847093508503364600e-06,5.091758285755611723e+05
1.248963889105866208e-06,7.666072835068680579e+05
1.377562945194081186e-06,7.383237978547383100e+05
1.622514030965768751e-06,7.037993537875942420e+05
1.777708868863497281e-06,6.970490308613452362e+05
1.928239746037272406e-06,6.374634362949243514e+05
1.355716027662530120e-06,1.025175386642627069e+06
3.074037967940025624e-06,5.099278021592024597e+05
2.904472759892581155e-06,5.402373802435809048e+05
4.810240385391274567e-07,4.106702072418123484e+06
4.547034489811393617e-07,1.577304128117667139e+07
7.616562260793220683e-07,6.729814086457019439e+05
1.232647710391030769e-06,9.210783493389012292e+06
1.211065001505477210e-06,7.520727989783445373e+05
1.270697358938131249e-06,7.096625283479559002e+05
1.474956964366251983e-06,7.082875998144404730e+05
2.046930400955979590e-06,5.221675849458874436e+05
1.833937441894341965e-06,7.063379967558422359e+05
2.543294305913105598e-06,5.223524905608213157e+05
2.947148749979222853e-06,4.771221982295450289e+05
2.943313494466839964e-06,5.325567917153869057e+05
4.352447004440125809e-07,1.394139100100376876e+06
5.104824976695122662e-07,1.062743752938005375e+06
4.831268857134817806e-07,1.156763058447800111e+06
3.462701953523426334e-07,1.990526583249926101e+06
1.135227320444110757e-06,8.720704064122640993e+05
5.947466548070144926e-07,1.720638366777295247e+06
6.793814583437003284e-07,1.584644445399533026e+06
5.930613238506025290e-07,1.795192715630276129e+06
7.464987431804738828e-07,1.481298214601946063e+06
1.631823234675823860e-06,7.049521519447725732e+05
5.104824976695122662e-07,1.062743752938005375e+06
4.657137618308668374e-07,1.234167511937590549e+06
3.692807750116681312e-07,3.059581457672382146e+07
5.947466548070144926e-07,1.720638366777295247e+06
6.869358556016792474e-07,1.495279790560259018e+06
5.930613238506025290e-07,1.795192715630276129e+06
6.400978285244206269e-07,1.677197472898029024e+06
6.901370119653772883e-07,1.540265413620309671e+06
7.428359831099053703e-07,1.639863302872698056e+06
8.691438361503293473e-07,1.386401173640781082e+06
9.708100064113661741e-07,1.375670014066044707e+06
2.925155270742786502e-07,5.603966673855035566e+06
7.922082420059986344e-07,8.136130193698338699e+05
6.551678540688589682e-07,1.362123111565455329e+06
9.585496925531504837e-07,9.221582601375487866e+05
1.036367257749049087e-06,8.284603335023861146e+05
4.680968423936443168e-07,1.955849517845006427e+06
7.561577398952647701e-07,1.190527640983232763e+06
1.030052985564671038e-06,9.100110133361588232e+05
1.119926555250274460e-06,8.422443292922298424e+05
1.068631565922433352e-06,9.208749205484448466e+05
5.973435008630059948e-07,1.704050547974617453e+06
8.599420194197646219e-07,1.409432156025572447e+06
4.631269375947528113e-07,1.091922627115362091e+06
3.788259304726391082e-07,1.625459246648698347e+06
9.600033975603530129e-07,1.016685204050824046e+06
9.316133514626700901e-07,1.099166582428530324e+06
6.380590522828416516e-07,1.638401081791397650e+06
7.565127224848117647e-07,1.396728514827721287e+06
7.461474056052612140e-07,1.535049544866694137e+06
8.754113889346645747e-07,1.420615238319134573e+06
8.560963469563005444e-07,1.453498028957423288e+06
8.164864791248889864e-07,1.513125232982549816e+06
1.425073386934485435e-06,1.038429675991503056e+06
3.996719934471375307e-07,3.826214230598093942e+06
1.553157612739866324e-06,1.008669974911353085e+06
4.648858291643006613e-07,1.167056889107504627e+06
3.693549813426993378e-07,1.598489380084406585e+06
5.018031709298848048e-07,2.292153236740643159e+06
6.707380066821616923e-07,1.392106100260599516e+06
6.655486942221416444e-07,1.501547503974429332e+06
6.066537794853116494e-07,1.681985539369741920e+06
6.106077834810973410e-07,1.676522694935824256e+06
4.704562306452251519e-07,2.233039050134351477e+06
3.992029244096055922e-07,2.694274917845061515e+06
7.303093544552341174e-07,1.519417976308834972e+06
8.239766956121974293e-07,1.431870592642959673e+06
3.759978842051136661e-07,1.330876191293271957e+06
4.523929765861326502e-07,1.157744894312641816e+06
3.545140408698487923e-07,2.754368926369422581e+06
6.016167442529055664e-07,1.573882068158389768e+06
8.697100265287341242e-07,1.383201433602707461e+06
6.531400083418074535e-07,1.492249090097313281e+06
6.106077834810973410e-07,1.676522694935824256e+06
6.066537794853116494e-07,1.681985539369741920e+06
9.429555350279617990e-07,1.156970024311617715e+06
5.806345266250884895e-07,1.784389718832511222e+06
1.699895525880352670e-06,9.224720192942760186e+05
4.855561800985401353e-07,9.542480808382937685e+05
3.982614611397996380e-07,1.618441132878325880e+06
7.023766353791272782e-07,1.648393155496489815e+07
1.146772397303441405e-06,7.697906540023273556e+05
1.251461486043376188e-06,7.215945946325873956e+05
9.335527242216137561e-07,1.036862813555335742e+06
1.393166199165674936e-06,8.094632250327345682e+05
1.319347679692968735e-06,8.497839047936473507e+05
1.150543894123485778e-06,1.041158479950516368e+06
1.969963034214340139e-06,6.762798333482856397e+05
2.307913287869243405e-06,6.416372617338510463e+05
1.638949472278056391e-07,4.808280743696580082e+07
5.705172762300832334e-07,8.215710034815485124e+05
6.183263757694913537e-07,1.398883314469752600e+06
8.230495316300898042e-07,1.036392969606243190e+06
7.578448321971377801e-07,1.224713661933826981e+06
1.514002745278655982e-06,6.793929733084370382e+05
9.666766826535014886e-07,1.196254100827080896e+06
1.261026561219550069e-06,9.333799149786552880e+05
1.377534991892934007e-06,1.040571130611341214e+06
1.851487721656838061e-06,8.703883716334929923e+05
2.236445084259884902e-06,7.441236782437383663e+05
1.638949472278056391e-07,4.808280743696580082e+07
4.952579794131032393e-07,1.939811730814003153e+06
7.511479269397381557e-07,1.413906597138996935e+06
5.854473494965903865e-07,1.799756921082329703e+06
6.894132819349572114e-07,1.629860110380175058e+06
5.046351642132015591e-07,1.226278308501882851e+07
6.312988954103666148e-07,1.833549571191990515e+06
6.083220856056223401e-07,1.914643512275229441e+06
7.492511608952399629e-07,1.652390345448739827e+06
6.039946092417716722e-07,2.015708397241094848e+06
5.956080503333405435e-07,2.048362719688842073e+06
1.265445414763716225e-06,1.105303864305942319e+06
2.462331182915759348e-07,6.442526665456722490e+06
6.659785165256639374e-07,8.364090092028541258e+05
6.470825467631696104e-07,9.155716018550512381e+05
5.634442975156929727e-07,1.577674656577952439e+06
5.348987940870055548e-07,1.719954082471581642e+06
8.469904433161124395e-07,1.128335913616550853e+06
9.359094986133586326e-07,1.001101010176167940e+06
8.895650447184878221e-07,1.150786252241220791e+06
9.285354465644665935e-07,1.140611165433902992e+06
8.510699885087149316e-07,1.459069530568174087e+06
8.213372427176836798e-07,1.589041175851953914e+06
5.472243177489342919e-07,2.661804087550475262e+06
1.491817395986013426e-06,1.050349638865619199e+06
6.542303944930467107e-07,1.008043738233136712e+06
4.284535421075359009e-07,1.730504282826836919e+06
5.737949517933249355e-07,1.488592864736799849e+06
4.076053856303465368e-07,2.271607076229428407e+06
4.800939063554822453e-07,1.938538353055761894e+06
5.116530780131507696e-07,1.901960355103998911e+06
1.031712620611064861e-06,9.934071794891940663e+05
4.923517351986897679e-07,2.075685613552164985e+06
6.708280431746273569e-07,1.791620567255891627e+06
1.348071138261163736e-06,9.404702119966760511e+05
6.897864844404897852e-07,1.895004324534108629e+06
1.301650107775636888e-06,1.136093105866697384e+06
7.387451644422818016e-07,1.175370499738349346e+06
4.076053856303465368e-07,2.271607076229428407e+06
5.796534267806499885e-07,1.613706479191345861e+06
5.157771621039257071e-07,1.842999018493372248e+06
9.458706607902261507e-07,9.784754078228202416e+05
4.800939063554822453e-07,1.938538353055761894e+06
5.116530780131507696e-07,1.901960355103998911e+06
4.923517351986897679e-07,2.075685613552164985e+06
1.021376396949978798e-06,1.115734285527071683e+06
1.207387952577834861e-06,9.369918135701585561e+05
1.084604399657700259e-06,1.090806127612964716e+06
1.906898039256839755e-06,7.762856937425029464e+05
1.177043068407198035e-07,1.672570069338909909e+07
4.778743090386733976e-07,9.584417372310979990e+05
5.528086275179121354e-07,3.873717023571350612e+06
9.975820001909105512e-07,8.200341042884701164e+05
6.226896931144648271e-07,1.461617251074067550e+06
1.297536349480652765e-06,6.789170078197913244e+05
1.363608109039214914e-06,6.632669061510495376e+05
1.004623478405282100e-06,9.937863285151593154e+05
1.179603648084397515e-06,9.645659113235215191e+05
1.148693274428873179e-06,1.032839498273841105e+06
2.122038982588927531e-06,6.975963673449266935e+05
5.173536779597311122e-07,8.980028092093315208e+05
8.181422915166829426e-07,8.775576179079177091e+05
9.601875769530384511e-07,8.371290252760718577e+05
1.097949207156743437e-06,7.396993619274843950e+05
6.004101370686948303e-07,1.484659331614176510e+06
8.300725046204372326e-07,1.214941697569013340e+06
1.004623478405282100e-06,9.937863285151593154e+05
8.933607854576633785e-07,1.209834010137893027e+06
1.117071270868947633e-06,1.069283053400019649e+06
1.534595122289111381e-06,9.651959103236697847e+05
2.124995920107712527e-06,6.964781961488638772e+05
1.849005174293673709e-07,9.277197610748663545e+06
1.491979983253549930e-07,3.651992366784755141e+06
5.988267529518633790e-07,1.205134255324877100e+06
4.112799517790042324e-07,1.947641593253335683e+06
7.722751157428430693e-07,1.073971780074332608e+06
8.668753364193258970e-07,1.116130048010905972e+06
8.532813648000079010e-07,1.326196490145548014e+06
7.952397919533809535e-07,1.491799050293083536e+06
1.150473780703625404e-06,1.113069151458238950e+06
1.491099310253233671e-06,9.937273012180877849e+05
1.532999543021026864e-06,9.662550983291110024e+05
2.053111155505058483e-07,6.806193383606070653e+06
1.572444248540930508e-07,3.736154751826520544e+06
3.364049469822960255e-07,2.529095751789084170e+06
3.945513853198854773e-07,2.198737064109366853e+06
3.855230049375661234e-07,2.313004162872485351e+06
4.582231183272649610e-07,2.142564543048242107e+06
3.710940107763784458e-07,2.664042900705406908e+06
4.721804261625150702e-07,2.152889673117351253e+06
3.737886905238324119e-07,3.123121566237726714e+06
2.856164012432076240e-07,4.653208557162365876e+06
7.519176168298990657e-07,1.990383645360505441e+06
1.779095624161192114e-07,6.642141443309114315e+06
3.611024442337658426e-07,2.520547085833299905e+06
3.855230049375661234e-07,2.313004162872485351e+06
2.715190635280883302e-07,3.266796136924460530e+06
4.582231183272649610e-07,2.142564543048242107e+06
4.721804261625150702e-07,2.152889673117351253e+06
3.191729619119354302e-07,3.378695104126799386e+06
3.694632312424097604e-07,2.862339177935736254e+06
3.198329257762645574e-07,3.308126766247817781e+06
4.075467619795610685e-07,2.598242439768854529e+06
3.013893119506080992e-07,3.699056681549545377e+06
3.737886905238324119e-07,3.123121566237726714e+06
1.415607561316738073e-07,2.472276751037476584e+07
2.187035992902080978e-07,3.707351332900740206e+06
1.984878161839389927e-07,4.248251714822274633e+06
2.815509841234463163e-07,2.904287405232860241e+06
3.141183215684565765e-07,3.202052779218472075e+06
6.677058896862828273e-08,1.306989273240367509e+07
3.320230153213819384e-07,3.105389525863789022e+06
3.550635687779292765e-07,2.994536168646992184e+06
3.083207114467641753e-07,3.605431731130193919e+06
3.575268754873369576e-07,3.104808928259714972e+06
3.410642336798842970e-07,3.398400059097949415e+06
9.573618650049992745e-08,1.019618050214648694e+08
2.308980275657290167e-07,2.696803385227472987e+06
3.296776205265612812e-07,2.399210950420202222e+06
1.824070953104489313e-07,5.140559646512546577e+06
3.141183215684565765e-07,3.202052779218472075e+06
3.550635687779292765e-07,2.994536168646992184e+06
2.763970227336116460e-07,4.021012743733782787e+06
2.671390834039377875e-07,4.361212425543941557e+06
2.683559618759587139e-07,4.325874649749922566e+06
2.711388689373292546e-07,4.259125291267680004e+06
2.993574663199272771e-07,4.204176094098425470e+06
7.787159741510184121e-08,1.907786833392779902e+07
1.962924725041387239e-07,2.496390076532292645e+06
1.783138726076467490e-07,3.057271875204543583e+06
2.308980275657290167e-07,2.696803385227472987e+06
2.847599700463407099e-07,3.606759136313552968e+06
2.307031683063581572e-07,4.438095517612217925e+06
2.828458870143479216e-07,3.630288239219322801e+06
2.763970227336116460e-07,4.021012743733782787e+06
2.353100550526041557e-07,4.710505040377661586e+06
2.671390834039377875e-07,4.361212425543941557e+06
2.683559618759587139e-07,4.325874649749922566e+06
2.711388689373292546e-07,4.259125291267680004e+06
2.363116218596820149e-07,3.501608159491485357e+07
1.455413359737681513e-07,7.670459834898567200e+07
2.281131063639672648e-07,3.823282203232086729e+06
1.848984464075369280e-07,4.794145231050731614e+06
2.621182074780117426e-07,3.748877310122092720e+06
2.492839618229187016e-07,3.959808460581225343e+06
2.944380514686655587e-07,3.447293793796788901e+06
2.307031683063581572e-07,4.438095517612217925e+06
2.100329860342746995e-07,5.391949360630427487e+06
2.629334398994814593e-07,4.219550302859400399e+06
3.440276538513286224e-07,3.384373124834188260e+06
3.838184563910124472e-07,3.864554269958894234e+06
1.723467224432554105e-07,5.170678153808603063e+06
2.492839618229187016e-07,3.959808460581225343e+06
2.885317466889738837e-07,3.387470226044072304e+06
1.708735182018845563e-07,6.023804638124831021e+06
2.832872344086186622e-07,3.750693731822743081e+06
2.554362359155947228e-07,4.194509134385619313e+06
2.844983041202682248e-07,3.738294092257593758e+06
1.144087254837177495e-07,9.910429231839660555e+06
2.100329860342746995e-07,5.391949360630427487e+06
2.528792741848470856e-07,4.604847791682476178e+06
3.696116056296777130e-07,3.445434678844398819e+06
3.865673089090624161e-07,3.460510216608022340e+06
3.883734388977552458e-07,3.615895755833518691e+06
1.541859163635589699e-07,1.699459338303995878e+07
1.877499001569374753e-07,4.779206526329962537e+06
2.549792766026644102e-07,3.752839406784621999e+06
1.320400903039206811e-07,4.953195702205338515e+06
2.885317466889738837e-07,3.387470226044072304e+06
4.330348790779160964e-07,2.442195888424682897e+06
2.554362359155947228e-07,4.194509134385619313e+06
3.146602585489826692e-07,3.705625130709205754e+06
3.491585360984466369e-07,3.761614537908182479e+06
3.860678741113572306e-07,3.851288450307186693e+06
6.515661981426757413e-07,2.403054031060813926e+06
4.610268653540268861e-08,4.936735944949650764e+07
3.449988466642101781e-07,1.185450383896745509e+06
2.171756851031186719e-07,3.987717389082263410e+07
2.811740398391229396e-07,1.950500149330107728e+06
5.245519313995559618e-07,1.451777278663350036e+06
7.300661849559395201e-07,1.683021580981641309e+06
6.240049386425530478e-07,1.852267392688569613e+06
8.374854443155106215e-07,1.486586788741302211e+06
7.716339342094082613e-07,1.678566456736360444e+06
1.549306745072869125e-06,9.554078964462444419e+05
1.261654628223587559e-06,1.242454959678158397e+06
3.224188834596665916e-07,2.081599196715219179e+06
3.414626317965075411e-07,2.350626132443770766e+06
7.421188621520303226e-07,1.051695305882489309e+06
1.421629271706562282e-07,5.781860580891654827e+06
5.048638613051098560e-07,1.705295607048108475e+06
8.458363786351183791e-07,1.025387620783831808e+06
1.067185767895533908e-06,8.553783712920814287e+05
1.113347424508789265e-06,8.106921273053608602e+05
7.907727308308103436e-07,1.174922670343650971e+06
9.705749081210343422e-07,9.977687662739532534e+05
2.046047473632058023e-07,4.511514179976633936e+07
3.546214445833165237e-07,2.187457891920819413e+06
5.297871771587576496e-07,2.417598123083314858e+06
4.942143435346863792e-07,1.813915208518125815e+06
5.829713043558933373e-07,1.696773089367729845e+06
4.702944035420592592e-07,2.176217260947045870e+06
5.140100221997911522e-07,2.149128188944219146e+06
7.281429924757896907e-07,1.580214928275921149e+06
9.521039670869674663e-07,1.337826749925678130e+06
9.568387560264313166e-07,1.394109111942525720e+06
1.119447665069251331e-06,1.326260187054948648e+06
3.785417474162873497e-07,2.122787647458417807e+06
5.660076697367903771e-07,1.370849160556389252e+06
8.687857820707463472e-07,1.100825589525504503e+06
1.001920717098005068e-06,9.284494025125566404e+05
5.829713043558933373e-07,1.696773089367729845e+06
5.902195818836904843e-07,1.655869728122966597e+06
9.447515100485916440e-07,1.169476108152504079e+06
9.138806799500262802e-07,1.214872443007020978e+06
8.443432236976607985e-07,1.387912186852669111e+06
1.021230480056022005e-06,1.165524840447159251e+06
8.701486707655469873e-07,1.343395518831949448e+06
9.568387560264313166e-07,1.394109111942525720e+06
1.085565750287550415e-06,4.805619631096401135e+05
9.608046445376553136e-07,5.646131774402130395e+05
9.569849163942771369e-07,5.690548316674707457e+05
1.506509937164333330e-06,6.016297797289110022e+05
1.918121304119991208e-06,4.709766345333938953e+05
1.312324714317431091e-06,6.953203246535208309e+05
1.398370833267245246e-06,6.959092846317896619e+05
1.573082077795440083e-06,7.198247540799021954e+05
1.478915824212346451e-06,8.018035154706671601e+05
2.674292383172110281e-06,5.862732672897969605e+05
8.791411115298758891e-07,6.926012249129599659e+05
1.099481425325105728e-06,7.350549084943366470e+05
1.720670409309289015e-06,5.154158180948274676e+05
8.577322174364678591e-07,1.014728458144623670e+06
1.351915974426915252e-06,6.625319571102606133e+05
1.918121304119991208e-06,4.709766345333938953e+05
7.674933680493693556e-07,1.191309551174377790e+06
9.721743503596714774e-07,1.157599238179718144e+07
1.762083936501801585e-06,5.607008070799072739e+05
1.943530102805325296e-06,6.171575605103586568e+05
2.576700372757351968e-06,5.170424166165672359e+05
7.295135438311217114e-07,7.978218521656538360e+05
7.914532705533429736e-07,1.110566650377158308e+06
8.361726560301293346e-07,1.083744549270617543e+06
7.272137677139671066e-07,1.294041846638770541e+06
7.614618989198489750e-07,1.283068783896483248e+06
6.898372767150493921e-07,1.420826290615868289e+06
7.591183071427316000e-07,1.338110745035843924e+06
7.372017286757209889e-07,1.383535568238840206e+06
7.838216990195211010e-07,1.409635081992749823e+06
7.236772969565501423e-07,1.480093543324749917e+06
1.387773695784710224e-06,1.019065163116312702e+06
1.732582588121586588e-06,8.108288318137574242e+05
6.688967018621262916e-07,9.365111801081153098e+05
6.230278936752704095e-07,1.508133850458295783e+06
7.272137677139671066e-07,1.294041846638770541e+06
5.464998664977074744e-07,1.719308930021098815e+06
6.227472782140594801e-07,1.513669278059228091e+06
6.898372767150493921e-07,1.420826290615868289e+06
5.789892857406710983e-07,1.695404176485066535e+06
5.565447052542240750e-07,1.765977550104708644e+06
5.519053162308783902e-07,1.842484353585660923e+06
7.372017286757209889e-07,1.383535568238840206e+06
7.591183071427316000e-07,1.338110745035843924e+06
2.384183742998467695e-07,8.929443495354633778e+06
3.700709510283857018e-07,1.480707155544672627e+06
4.600832395565023119e-07,4.797609642174521461e+06
3.508342229508422229e-07,1.980744629856306361e+06
6.116580772411733335e-07,1.472167785217927536e+06
5.464998664977074744e-07,1.719308930021098815e+06
4.584054167282027294e-07,2.245065391226532403e+06
5.878897855598777863e-07,1.732353914177583531e+06
5.519053162308783902e-07,1.842484353585660923e+06
5.527676789542404121e-07,1.930264708426739089e+06
4.806672957641759297e-07,2.210777677356587723e+06
5.450743331101492676e-07,2.153724975633957889e+06
5.003866394970529426e-07,9.717934507603934035e+05
3.700709510283857018e-07,1.480707155544672627e+06
6.151916894234979224e-07,9.630659191292779287e+05
3.508342229508422229e-07,1.980744629856306361e+06
1.206935595095332594e-06,8.125267531854544068e+05
1.219709197483105619e-06,8.366845057465002174e+05
9.598493512369039820e-07,1.068356339489989448e+06
1.008008413849623437e-06,1.051037717152472353e+06
9.556559479283239540e-07,1.220902674394063186e+06
1.390456884903072803e-06,1.009812526654161513e+06
2.167264664480438752e-07,9.660365527251677588e+06
5.266442291223185433e-07,8.944418916760699358e+05
8.564415477278503408e-07,8.119173773232233943e+05
1.093651085735026096e-06,8.848688273935081670e+05
6.234546637626036826e-07,1.590289587789573940e+06
9.538976882940872612e-07,1.038306056299703079e+06
9.598493512369039820e-07,1.068356339489989448e+06
6.949449021357966881e-07,1.455481837531980593e+06
1.008008413849623437e-06,1.051037717152472353e+06
9.165825017124151514e-07,1.428114227895352989e+06
9.772270939463567315e-07,1.333106375035723438e+06
5.978308444566036896e-07,2.127764065143236425e+06
1.712097050241086095e-06,9.148424162149510812e+05
5.266442291223185433e-07,8.944418916760699358e+05
6.109757094675873143e-07,1.822020158965537325e+07
7.169686519815715021e-07,1.121615068788279314e+06
6.810612849181472768e-07,1.374391514292198000e+06
9.255319187017233062e-07,9.987414676163416589e+05
1.253695161010572750e-06,9.048647137556968955e+05
1.267745511727296557e-06,8.929534041843849700e+05
1.117292094624199960e-06,1.008113448222058942e+06
9.965737394558083807e-07,1.204811475229886593e+06
1.166985484079290621e-06,1.061776335591378389e+06
2.012414681347639043e-06,7.350220127585614100e+05
2.251359051980249587e-06,6.576306394539849134e+05
8.961918334968482570e-07,6.391449183336653514e+05
9.120586895480857824e-07,8.407296271034855163e+05
9.323791911546374767e-07,8.476442943354194285e+05
1.354823713293791552e-06,6.532169270173546392e+05
9.176697596032993328e-07,1.107768488542440813e+06
1.433141266052137704e-06,6.838739808319322765e+05
1.326657263265687362e-06,8.152059179467009380e+05
1.117292094624199960e-06,1.008113448222058942e+06
1.189467294979501225e-06,1.000472475492777186e+06
6.828928722152195689e-07,1.998549407875722041e+06
1.881484735282773169e-06,7.456938861726264004e+05
2.248969095103418276e-06,6.583544792109486880e+05
6.715102856791070878e-08,1.246962482563553751e+07
9.495531682864420648e-08,1.229531893671208471e+08
9.677924928183838043e-08,6.837520766747621819e+06
1.939878739159716012e-07,4.310229740041346289e+06
1.965368280827109869e-07,5.343773761463195086e+06
3.554785486175495182e-07,3.549487865323453210e+06
2.195219373005200188e-07,5.551778625216783024e+06
5.149660783198206079e-07,2.492940988264691550e+06
3.508165025409505813e-07,4.226563648738042451e+06
7.178757017997071943e-07,2.316316629520974122e+06
1.791433267806022670e-07,2.997721660836708266e+06
3.575788093752889825e-07,2.189595103231853805e+06
5.035980632285519332e-07,1.465837753694521496e+06
2.430558944038935148e-07,3.371455735238472931e+06
3.887448001408432822e-07,2.124899171590120532e+06
2.671256155286365039e-07,3.463861167299467139e+06
4.367015356619061633e-07,2.724832552684454713e+06
4.755811669806019122e-07,2.599853354050580412e+06
3.554785486175495182e-07,3.549487865323453210e+06
4.218080457945238846e-07,3.086655015652217902e+06
7.391652288519411011e-07,2.000354796196842333e+06
8.057947228782519290e-07,1.944511549358180026e+06
4.597004673469024166e-07,1.246044890020332066e+06
3.957768152519429107e-07,2.009909699214642635e+06
3.496736189383586390e-07,2.315139942187267356e+06
5.526451766437944719e-07,1.586721688592952909e+06
5.409741953495323577e-07,1.761946398271949729e+06
1.129170706482110784e-06,8.760503628721607383e+05
1.272463634616236481e-06,7.696007553118886426e+05
1.286427047442277665e-06,7.898222476375378901e+05
1.238707073917639525e-06,8.553260472858264111e+05
8.036932128737882534e-07,1.355365988985720323e+06
5.989455283091727204e-07,1.982426294042254100e+06
1.209957823855638227e-07,1.678756277214904502e+07
6.762896969206222021e-07,7.631656967935360735e+05
6.918350827942038005e-07,7.289684565212725429e+05
4.522247204928369399e-07,1.541429121164750773e+06
1.129170706482110784e-06,8.760503628721607383e+05
1.272463634616236481e-06,7.696007553118886426e+05
1.286427047442277665e-06,7.898222476375378901e+05
1.238707073917639525e-06,8.553260472858264111e+05
9.203381848086601557e-07,1.189501808970762650e+06
7.325126471960129592e-07,1.546709233568444848e+06
8.057892669906932311e-07,1.647875344111678656e+06
1.840231143226826713e-06,8.058717409214158542e+05
6.918350827942038005e-07,7.289684565212725429e+05
9.329058133889290604e-07,6.406262101202707272e+05
4.522247204928369399e-07,1.541429121164750773e+06
1.630930627911420320e-06,5.381652470565637341e+05
1.711272031997913555e-06,5.281637253587150481e+05
1.168996841553146423e-06,8.225486939696398331e+05
1.421010580153966320e-06,6.539213012754064985e+05
1.232947565719974982e-06,8.837889780088694533e+05
1.244240636107932651e-06,9.104130905653502559e+05
2.267922185738646433e-06,6.183713674461201299e+05
6.233787095098974127e-07,2.622903120462559164e+06
4.814471860815262027e-07,1.268635214606436435e+06
7.324630213998983189e-07,9.526366720686896006e+05
1.581803156014629797e-06,5.178534767147206003e+05
1.560493513775028798e-06,5.614333079093358247e+05
1.063080742944431419e-06,9.648579287227420136e+05
8.061806872325453126e-07,1.358983896803804440e+06
1.444404562677348870e-06,7.782541664181109518e+05
1.188556146992267432e-06,9.884833604672712972e+05
1.241370879804402643e-06,9.570621560602369718e+05
1.727016939673769316e-07,7.775204067297725938e+06
1.653995554188986742e-06,8.057592980614146218e+05
2.329680956997561992e-06,6.358748487302915892e+05
4.707193296820536107e-07,1.415071732520011952e+06
3.894087207717937699e-07,1.898617918547674315e+06
5.477637983499166583e-07,9.487870006078913808e+06
8.528808341233731603e-07,8.358180986070425715e+05
6.964043540961717309e-07,1.147014384988267440e+06
8.952781579864225868e-07,1.180392140375973424e+06
6.215215603749135813e-07,1.736836549537847517e+06
6.003200009413950826e-07,1.887176169236623682e+06
1.607108403948378242e-06,7.506779239095333032e+05
1.401856533263350859e-06,9.099507951057056198e+05
1.084292593899486375e-06,1.294038590669638012e+06
3.074147505248367515e-07,2.303794123746178579e+06
3.228707710358572038e-07,3.486331689926057309e+07
3.001155061708917229e-07,2.684863766232815105e+06
4.393795334246014775e-07,1.920950020636528032e+06
7.016890187931386396e-07,1.359090806515938602e+06
7.308026784319391899e-07,1.346482186843414791e+06
6.554163489989992499e-07,1.579344602368067950e+06
5.947215906459637021e-07,1.723844150342053967e+06
5.640170933565157246e-07,2.102215392729741056e+06
5.577551115888607852e-07,2.428948985529475380e+06
1.079024660624619089e-06,1.300978151284490945e+06
8.630916740044756350e-07,1.721239104474561056e+06
3.095514744207018518e-07,2.517892289429168683e+06
2.502273796880023059e-07,3.612038904422043357e+06
4.656639382099503973e-07,1.899245137956278399e+06
4.332018313242981701e-07,2.028373681440653978e+06
3.470233282487574253e-07,2.634716768146411981e+06
5.160648826669665586e-07,1.810948099421683466e+06
4.357978619757503978e-07,2.335847696380638517e+06
4.096463895268162667e-07,2.507847712279998697e+06
5.066701446845567446e-07,2.331683657037822995e+06
4.848819293863952490e-07,2.684438347511639819e+06
4.571407511083037506e-07,3.059195141053282656e+06
8.766539340527986159e-07,1.688206886583162704e+06
2.751949731704382804e-07,6.773474675559734926e+06
4.436402162402701700e-07,1.712257095427788561e+06
4.758423758393892597e-07,1.678124928310645977e+06
5.126307506302777713e-07,1.612463903402036987e+06
4.656639382099503973e-07,1.899245137956278399e+06
5.160648826669665586e-07,1.810948099421683466e+06
6.453194684070500340e-07,1.458774782766368939e+06
6.175734479418956089e-07,1.540173303055952536e+06
4.743501456946414554e-07,2.058265167370156385e+06
4.813495784836110360e-07,2.578312142454057001e+06
5.120587690311307657e-07,2.412940725974370260e+06
8.547149517795492716e-07,1.477814793949762126e+06
8.760870715480331438e-07,1.689405834707008908e+06
4.436402162402701700e-07,1.712257095427788561e+06
5.506062190344908384e-07,1.518216561567739816e+06
5.126307506302777713e-07,1.612463903402036987e+06
6.324922077870473245e-07,1.429421669536460424e+06
8.564102237044556950e-07,1.093925400168798864e+06
5.918233109056445082e-07,1.566096113870323403e+06
7.367565716766498246e-07,1.302062420051321620e+06
8.979120264364182830e-07,1.164803342429930344e+06
5.946657795902152625e-07,1.911602746766422875e+06
4.654359046707275213e-07,2.698257994191755541e+06
6.140105353355102390e-07,2.018317390862241620e+06
1.117142989375822219e-06,1.254646409988654312e+06
1.602160840983669391e-07,4.555505441400653683e+06
1.828101097177798542e-07,2.486628883680499624e+06
4.715239060787879448e-07,1.956364634784286842e+06
3.989695274771260457e-07,2.790705765649796650e+07
5.783533385278776818e-07,1.673975858503977768e+06
5.775037867654262450e-07,2.081571244809972355e+06
6.733946863172161432e-07,1.845795435406040400e+06
5.799320035938811555e-07,2.250128090365762357e+06
9.482933617851602007e-07,1.664347370461867889e+06
1.158495869009179032e-06,1.352689600214463891e+06
1.071245443285911948e-06,1.553252731097458396e+06
9.366854364731921432e-08,1.041341358120414317e+08
1.776975671900636568e-07,4.804381230455239303e+06
1.525336480249188638e-07,5.923375919151596725e+06
4.540101350925893703e-07,2.116565798242575955e+06
2.537663769900534659e-07,3.521778561031627469e+06
2.136716852360156239e-07,4.955932623863201588e+06
3.139422707967947281e-07,3.551010647597001866e+06
3.981696301858341639e-07,2.995104041399038862e+06
3.263826604310537459e-07,3.753826621644227766e+06
3.775847382430519270e-07,3.633356536566329189e+06
5.092543106872251484e-07,2.758005156979640480e+06
4.667890252415095509e-07,3.013676487271549180e+06
6.987094887423103299e-07,2.242540898075946141e+06
1.183702252628838645e-07,5.540818835905010812e+06
2.594862103193984086e-07,2.966410030105090234e+06
2.355930422594380167e-07,3.705380251595524140e+06
3.740634831094756047e-07,2.281762866256530862e+06
4.911626870007665831e-07,1.932243789714586921e+06
4.977487714896446623e-07,2.051464213595112320e+06
3.879267412445556605e-07,2.657836041003616061e+06
2.486410888476679153e-07,4.644560861699942499e+06
3.097929132422163261e-07,4.172528733587393072e+06
5.595605897039750994e-07,2.376297918223235290e+06
5.140625323393487272e-07,2.882858903074236121e+06
1.183702252628838645e-07,5.540818835905010812e+06
3.571884388573736670e-07,1.415071156940505374e+06
6.536675694051452542e-07,1.166598407911012881e+06
1.019165820843389029e-06,9.461532904939326691e+05
1.420373569553795152e-06,7.274947607306248974e+05
1.241040021524533065e-06,9.157042909050099552e+05
1.154993704631774755e-06,1.080789872101786081e+06
2.187716483746715135e-07,5.807757849330490455e+06
1.221541787897708747e-06,1.066023065207489533e+06
2.241233690936484130e-06,7.000810513803894864e+05
2.123085107198926032e-06,7.825080216426899424e+05
4.547935199677934996e-07,4.630988590788641945e+06
6.714861080187535771e-07,6.512038602405071724e+05
1.121837232338010360e-06,6.453737593617121456e+05
1.620715446748902401e-06,5.397367311407780508e+05
1.566358779392425305e-06,5.800193031894280575e+05
1.462604675841469951e-06,6.500479380818115314e+05
1.570792824629029403e-06,6.226480436729694484e+05
1.101500727771085591e-06,8.928620475660241209e+05
1.141902935421437624e-06,8.559468526329578599e+05
1.216128653602725731e-06,9.268193847120399587e+05
1.001590923406263124e-06,1.249312968675749609e+06
2.007823800065706049e-06,7.373928857402174035e+05
3.102967841932545901e-07,1.473967436807032675e+07
3.619855306386581955e-07,1.245785618119145278e+06
5.660154807396886708e-07,1.581900980793675408e+06
7.707196744264566216e-07,1.298554591925900197e+06
8.929061547601719862e-07,1.231715897268031957e+06
1.060750764697043302e-06,1.122983213319523027e+06
9.324243467454511146e-07,1.324847673126734793e+06
8.321357281109678279e-07,1.578130932972009294e+06
1.547167540425565631e-06,1.023688949117611744e+06
1.580850217973386246e-06,9.910923627330686431e+05
1.997314861200426988e-06,7.850850593620497966e+05
3.568749217702661418e-07,1.234644054793822346e+06
1.565319271889269550e-07,3.629787659076703247e+06
6.222233649462144664e-07,1.283440891950829653e+06
7.052376222549544128e-07,1.275185246782069327e+06
1.574574703250792226e-06,6.005601326312697493e+05
1.633637004925371101e-06,5.751625785287157632e+05
1.018865369638109465e-06,1.151811506249317667e+06
7.549777385228846632e-07,1.608654856061195023e+06
1.223174511493449597e-06,1.020711152770137531e+06
1.664389456549954963e-06,8.895696079642091645e+05
2.360205874164821810e-06,6.644095796237409813e+05
8.628858332020347135e-07,1.389238456277650315e+06
8.277743347823276821e-07,1.365066623399573378e+07
1.309213056549403599e-06,7.092176818290919764e+05
8.109727265223397056e-07,1.290435991622736910e+06
1.374703964520009330e-06,7.486117489922048990e+05
1.230178798665146018e-06,9.244792117146843811e+05
1.408690349465094984e-06,8.018597858333248878e+05
1.553713602812194321e-06,7.736740222426076652e+05
1.223174511493449597e-06,1.020711152770137531e+06
1.222043185430745015e-06,1.067220133108513895e+06
2.048931237091222171e-06,6.186611877916677622e+05
2.249668105129698593e-06,6.576902439809718635e+05
2.388787541217464187e-06,6.194728557084738277e+05
2.850361041743741388e-07,6.519772255576633848e+06
4.401623998386894733e-07,1.634969473215930630e+06
7.102232899441771269e-07,1.077762974987688242e+06
6.584543351854798589e-07,1.144830784224646864e+06
4.045688820444254454e-07,2.198802289624556899e+06
4.791495384407816694e-07,1.796404745684287511e+06
7.735116736826414048e-07,1.413499845195370261e+06
1.472113700266378091e-06,7.327870133649694035e+05
9.707236105848618164e-07,1.103278045956913615e+06
1.111100982832886232e-06,1.072026841955377953e+06
1.200652839166920041e-06,9.865129663320062682e+05
2.144815535078126415e-06,6.535336742312533315e+05
1.507712702784569244e-06,9.838527021468585590e+05
4.250708386182400339e-07,1.740121600700649666e+06
4.767394602495382548e-07,2.349886241958676651e+07
4.174155311078225062e-07,2.050530970017778687e+06
4.182605662998172407e-07,2.042492089074853109e+06
6.894102730488435344e-07,1.195228839832727099e+06
4.680939481227934987e-07,1.913946558860075427e+06
6.399576097900809698e-07,1.667995800899052527e+06
8.723245893363263322e-07,1.196929242154987063e+06
6.427023727322818267e-07,1.730802074227229226e+06
5.386075471730243457e-07,2.083158067091885954e+06
5.892569713402014603e-07,1.874141162369729253e+06
4.350971610907776294e-07,1.282798883551344275e+06
2.689943743559887438e-07,2.322267207612928469e+06
2.441585956801205747e-07,2.826618868003195152e+06
5.201572286887656585e-07,5.621921297462497838e+06
6.828207477255552198e-07,1.424699183059226489e+06
6.117604899782397740e-07,1.667418590813393006e+06
6.076178323127521005e-07,1.676872413933048723e+06
3.574088240033850526e-07,3.002785186464420520e+06
4.750612312528255561e-07,2.310372248188793194e+06
4.108929872788072254e-07,2.733583563868807629e+06
4.154325666254482802e-07,2.644931733916122932e+06
3.310369362948560676e-07,1.751794164759918582e+06
2.689943743559887438e-07,2.322267207612928469e+06
2.632712727761947442e-07,3.029566841834456194e+06
4.968298729604174077e-07,2.062101571748932358e+06
3.503422488770924535e-07,2.996344849483070895e+06
3.084067914362494431e-07,3.452225174206954427e+06
3.574088240033850526e-07,3.002785186464420520e+06
4.968931330715824704e-07,2.239668381276500411e+06
3.878074046709697205e-07,2.888486125694584101e+06
4.154325666254482802e-07,2.644931733916122932e+06
4.018861481975880742e-07,2.896209520667579025e+06
4.693904691469319503e-07,2.764307720504662488e+06
3.504039763654091510e-07,1.448290176941866754e+06
3.222717267457011261e-07,1.727037620681962464e+06
5.610048053981386987e-07,9.915215862304081675e+05
6.335305044012548175e-07,9.376189893300763797e+05
3.632310218456301567e-07,1.963806163452367997e+06
4.968298729604174077e-07,2.062101571748932358e+06
1.087903780859151178e-06,1.001345117633139598e+06
4.968931330715824704e-07,2.239668381276500411e+06
8.074503683731449650e-07,4.469876531341854483e+06
1.838023122713429421e-06,8.526677050594404573e+05
6.800972067378744197e-07,7.821502883824453456e+05
6.335305044012548175e-07,9.376189893300763797e+05
1.406850735528670896e-06,5.540442168929199688e+05
3.632310218456301567e-07,1.963806163452367997e+06
5.643073326461908064e-07,1.868146822081101127e+06
9.277589426671973351e-07,1.191309987054816214e+06
1.446110913010660227e-06,8.193570055951090762e+05
1.239513857675816382e-06,9.452557216132624308e+05
1.356158953545559630e-06,9.181082536385728745e+05
1.091037151128960127e-06,1.190475341464106459e+06
1.942875838225729920e-06,7.627299245327417739e+05
2.494603551825924543e-06,6.281754042145728599e+05
3.096348240539719630e-07,7.004792293317013420e+06
4.538501843078071507e-07,1.271854438875426073e+06
6.596869514651693227e-07,1.017263621310984599e+06
5.075094620175200594e-07,1.387682404090787750e+06
1.696431305586671669e-06,5.812478840542084072e+05
9.277589426671973351e-07,1.191309987054816214e+06
1.239513857675816382e-06,9.452557216132624308e+05
2.187062737035931164e-06,5.276112802628997015e+05
1.736353063525628837e-07,7.328652353830155917e+06
1.942875838225729920e-06,7.627299245327417739e+05
1.098249460454029992e-07,6.452292669061635621e+06
1.843233169820024431e-07,3.242727788133071736e+06
1.796049626001837174e-07,4.379554524386397563e+06
1.974832589615593771e-07,4.181044399507771712e+06
2.435921655699555973e-07,4.601401045320493169e+06
2.539064884437627257e-07,4.420218874372228049e+06
3.852606115148739431e-07,2.848811326312296093e+06
3.858792584663850428e-07,3.060270183283156715e+06
2.657248300793324946e-07,4.557559089738996699e+06
3.167630997287573998e-07,3.951941773736617528e+06
5.051449035792101093e-07,2.806402711145618930e+06
6.463757179568656676e-07,2.288510568207903299e+06
1.720459625507466708e-07,6.455531421886048466e+07
2.019908283111961032e-07,3.914506660344319418e+06
1.508959063580840584e-07,5.935730299985427409e+06
2.935477994537763961e-07,3.531429201355484780e+06
3.501147718450077959e-07,3.000953800469323993e+06
3.992919734138385210e-07,2.808308695821130648e+06
2.523502367395480287e-07,4.604987911452387460e+06
4.015172733508929464e-07,2.922588488499391824e+06
4.104504994027909237e-08,2.816477810433838516e+07
3.765015498313007633e-07,3.205019288253223989e+06
1.072391781059134584e-07,1.259084992973707058e+07
6.603926939969494419e-07,2.243729840384237003e+06
6.351950213387327252e-07,2.332817384182016365e+06
2.943561372680804349e-07,2.720177274105906021e+06
2.293696132452213529e-07,3.896155716678652912e+07
1.616138565773690906e-07,5.293442131844336167e+06
3.095283915309891584e-07,3.213464038006953895e+06
4.522085600464707305e-07,2.254425116290960461e+06
2.541004058289524126e-07,4.234623879425215535e+06
3.362036839929988783e-07,3.181309661897456739e+06
3.492106689107967697e-07,3.222004242106285878e+06
3.251698054659242635e-07,3.460781921303024516e+06
3.813881439752826719e-07,3.087097362619786989e+06
6.371804621175175368e-07,1.990345916726672556e+06
5.710048448834866115e-07,2.455801022263201419e+06
6.390718791408814889e-07,2.317814057090178598e+06
1.009955948079440405e-07,1.308028573838046566e+07
3.081711098505013210e-07,2.326672342839242890e+06
2.897363455050209239e-07,2.764031399190401658e+06
3.289809690967733484e-07,2.933198426576759201e+06
3.656740271943878291e-07,2.681953433861610014e+06
2.394185498638974657e-07,4.688590589212642983e+06
3.641021957286311940e-07,2.951123682032065466e+06
8.250451762466901042e-07,1.443094764650348807e+06
3.940371144913582142e-07,3.232775959931548685e+06
5.735778920679441735e-07,2.365530756449040491e+06
5.648273377616247466e-07,2.484342970844292082e+06
8.829207827636156061e-07,1.776465994907501154e+06
1.009955948079440405e-07,1.308028573838046566e+07
3.632054099591529550e-07,2.341174521889401600e+06
5.464826208628549224e-07,1.774100745315304957e+06
9.840920038968002947e-07,1.002947474833479966e+06
9.056835231234362211e-07,1.129213828665456735e+06
1.051489173656616995e-06,9.675890911093050381e+05
9.349695127476643263e-07,1.087545796798754483e+06
7.816584058888054992e-07,1.335921041638217168e+06
6.999825696483719047e-07,1.496650555894181365e+06
9.121374454435463775e-07,1.292291536583537003e+06
7.794003950550148507e-07,1.766788431719987420e+06
1.497697124270273199e-06,1.046768567923062015e+06
8.080635802860617278e-07,7.084131006587911397e+05
7.625997816481315712e-07,7.769792746831512777e+05
1.158957027851679464e-06,7.381432372174332850e+05
1.069372815506183124e-06,9.147852006010356126e+05
1.078330435153587916e-06,9.083237206009996589e+05
1.157890880848701089e-06,8.485009385160543025e+05
1.438918287022997424e-06,6.847322907298792852e+05
9.349695127476643263e-07,1.087545796798754483e+06
1.194025376724634000e-06,8.503055565760241589e+05
9.056835231234362211e-07,1.129213828665456735e+06
1.789976697695248111e-06,6.446365584181365557e+05
5.848271188405472202e-07,8.240327933161065448e+05
1.875865436925891492e-07,5.258453212628845125e+07
1.339098925216625326e-06,6.121953956284135347e+05
6.140855670084079946e-07,1.803169264844540879e+07
1.145007483968994663e-06,8.332670865369167877e+05
1.270758072169953692e-06,7.641698187263238942e+05
8.893216954121302660e-07,1.061118862593268510e+06
1.156656649324445862e-06,1.074653932812472107e+06
1.185910258932938068e-06,1.048415134569915710e+06
9.346462317114951897e-07,1.327860647078135749e+06
2.090062748832199367e-06,7.496267593859558692e+05
2.934748577050165279e-07,1.861739858058404410e+06
3.073084356401846471e-07,2.545651398956410121e+06
3.897759860387889585e-07,2.200137559947916772e+06
4.486844502994104377e-07,2.049103988705586409e+06
4.781101704773412541e-07,1.971729450092506362e+06
1.389699685240716419e-07,5.930224311419435777e+06
4.762136541365814363e-07,2.117802575280111749e+06
6.319142696751371657e-07,1.645075513869373128e+06
8.690239339707540291e-07,1.672444382691463223e+06
6.523088776596503055e-07,2.377176474832294974e+06
1.640882476902697830e-06,1.077872133746765787e+06
1.473203196312230198e-06,1.205924673863237957e+06
5.218254120553454386e-08,3.682484432950185239e+07
3.191586719181357023e-07,7.237668951313436031e+06
1.125935608955585922e-07,6.606415075114347972e+06
3.511782370993877317e-07,2.218442848771292251e+06
4.486844502994104377e-07,2.049103988705586409e+06
4.781101704773412541e-07,1.971729450092506362e+06
3.353661559018096613e-07,2.816164289867829066e+06
3.106157582752093980e-07,3.204361922610496171e+06
2.330094847437144898e-07,4.460376223212974146e+06
2.070760757557625547e-07,5.418983910839380696e+06
3.414363140047351144e-07,3.114915606206263416e+06
2.999311372454659211e-07,3.543340544183304533e+06
2.299085698953710223e-07,4.653039642075410113e+06
4.878075065009037638e-07,2.738057990073652007e+06
3.256845040327137575e-07,1.993389838280358352e+06
1.286077273084938975e-07,7.711494521147464402e+06
3.353661559018096613e-07,2.816164289867829066e+06
2.338960461509500329e-07,4.445612437449340709e+06
3.085572564724145776e-07,3.376617333118693437e+06
2.388202935847241757e-07,4.276382118596277200e+06
2.330094847437144898e-07,4.460376223212974146e+06
2.936571294136262639e-07,3.789899697482042946e+06
4.184545723707129755e-07,2.631070586449949536e+06
3.581514069937610029e-07,3.276431228873774409e+06
3.729745638926615195e-07,3.315412122386207804e+06
6.633910596030110567e-07,1.998036533683607820e+06
6.108909940328671999e-07,2.178082369639403652e+06
2.734523221751292590e-07,1.786771507760985056e+06
3.284543267687342561e-07,2.482477744347365107e+06
1.932289248660692500e-07,4.786820896268306300e+06
4.997930720751312174e-07,1.847536822232202627e+06
3.145152393683798443e-07,4.063940485812398139e+06
2.907207992122386486e-07,3.740888733742628247e+06
3.088100553760511409e-07,3.391311805488592014e+06
3.988219494739274241e-07,2.647460394017195795e+06
3.374385181251630478e-07,3.545296418112857733e+06
3.233057762740018489e-07,4.074974927982709371e+06
6.637074167303611490e-07,2.107209929650933482e+06
6.557757109417510455e-07,2.254587876016350929e+06
2.639690918590236370e-07,1.715826757833943004e+06
2.671668958527761903e-07,1.788745433093113359e+06
4.657165717526540674e-07,1.944458886843286688e+06
4.240526879214877207e-07,2.171795406464982778e+06
7.978533557925160091e-07,1.353620927843351383e+06
4.550111716356634543e-07,2.403517214147386607e+06
5.875187081280199057e-07,1.865808391352907754e+06
9.096695486279897179e-07,1.269974491204628721e+06
2.974136551607991843e-07,4.440818245410230011e+06
9.828247965356798244e-07,1.334207832403073320e+06
1.787048451694095746e-06,9.890694900481092045e+05
1.515761035244511476e-06,1.173595049892753130e+06
5.550069156519647245e-07,9.364201156340036541e+05
9.116851954386778009e-07,5.788514523634562502e+05
1.261452600349171245e-06,6.964053092581041856e+05
1.263223795716768445e-06,7.206829335577420425e+05
1.316621862516156597e-06,7.446595194623855641e+05
1.297614742014941430e-06,7.563368939111423679e+05
8.615210110294656450e-07,1.179772563725972781e+06
1.108168041655565005e-06,9.795015196344130673e+05
3.589713342947557786e-07,3.037350580275213812e+06
1.098498654611088251e-06,1.029437735304488684e+06
1.956226632637715065e-06,7.569804515281199710e+05
2.948342163861824320e-07,1.935848745143262204e+06
3.194785068794927648e-07,1.571012299462942872e+06
7.900079121742545437e-07,1.125586165569186443e+06
9.122668781520673549e-07,1.021440195809281664e+06
1.090560689851517355e-06,9.936010579953442793e+05
1.150535829628704158e-06,9.384179564252595883e+05
1.056363528325232280e-06,1.075594781722575892e+06
1.004145413810526183e-06,1.128625029212264344e+06
1.953323588723862514e-06,7.581485979132791981e+05
1.774090050977904192e-06,9.371660256192345405e+05
6.136641431289492231e-07,3.013733462033724412e+06
3.390326750331368303e-07,1.559481584533439483e+06
1.358975323417088537e-07,7.374532149024103582e+07
4.780874678622986893e-07,1.651753787085807649e+06
6.538012289761502018e-07,1.278320715131391771e+06
5.096024044381224939e-07,1.782773901438740315e+06
5.688799043744604729e-07,1.633021478075249353e+06
4.318562292613453814e-07,2.466827986582854297e+06
4.122961071432841124e-07,2.604683925050103571e+06
5.126563280147877727e-07,2.419440159034267999e+06
5.056587652529622700e-07,2.623442254421269987e+06
1.143250540742778302e-06,1.375608606289148564e+06
9.077771651056590017e-08,2.456420666527223587e+07
2.336095785603351015e-07,2.106117025665233377e+06
2.835241384846475454e-07,1.816077758834811393e+06
2.656137928366737328e-07,1.265896616299556382e+07
2.866888691491175117e-07,2.731801396500014234e+06
4.318562292613453814e-07,2.466827986582854297e+06
4.122961071432841124e-07,2.604683925050103571e+06
5.884884365201440221e-07,1.814881861957010115e+06
4.831134884406096941e-07,2.416462155632834882e+06
7.176021207600406330e-07,1.612449711020295741e+06
3.822689380287510578e-07,3.250240810684361961e+06
7.343100232412810868e-07,2.020111871585159563e+06
2.336095785603351015e-07,2.106117025665233377e+06
3.094537488674364872e-07,2.084333884816587437e+06
2.583441650889961537e-07,3.522977832116507925e+06
4.696453470925688782e-07,2.046284710292712785e+06
3.111162324813680688e-07,2.968438109479554463e+06
5.855526612020557558e-07,1.717967831115795998e+06
6.246971512821554268e-07,1.898921791960385162e+06
6.243365466406806947e-07,1.983457195700693643e+06
5.341628236245064169e-07,2.345291057043372653e+06
6.077316497987464073e-07,2.145529179839917459e+06
1.090021730847027221e-06,1.437917969303580699e+06
1.048050927710030601e-06,1.495896794543865137e+06
2.133314670440434563e-07,9.908407634734893218e+06
4.239138500080061341e-07,1.166008537718070205e+06
4.350576525976366810e-07,1.281410449536969885e+06
6.456913851754323834e-07,9.719711651160952169e+05
5.941027835149957042e-07,1.661229150649686344e+06
6.298687816573687575e-07,1.548687505158146378e+06
4.008721421912147796e-07,2.918502819305616897e+06
5.341628236245064169e-07,2.345291057043372653e+06
5.918876167068270469e-07,2.105495860827608034e+06
5.900130122529359440e-07,2.211215604596897494e+06
6.077316497987464073e-07,2.145529179839917459e+06
1.099717807660388326e-06,1.345097518502748804e+06
1.059942827491383333e-06,1.395444580727690598e+06
2.421813615625037566e-07,2.961750146628341172e+06
3.946982192234515319e-07,2.040542485090470174e+06
1.971434286160567220e-07,4.907296120427904651e+06
4.098508784986563851e-07,2.321412931434676051e+06
4.623380666646880040e-07,2.097066800012236228e+06
5.729246247580565989e-07,1.800690311077480437e+06
4.011653924285726236e-07,2.529997930812668055e+06
3.967507267818755091e-07,2.659990661616540048e+06
4.145799232360945878e-07,2.674699542349747848e+06
3.939814236342471653e-07,3.104334836398995481e+06
5.187467928651036733e-07,2.327516668785244692e+06
7.972508594750010565e-07,1.588543436702770181e+06
2.517508169892145840e-07,2.764574946963620838e+06
1.848877293085755624e-07,3.957465864468451124e+06
4.588196815142007037e-07,1.767705040898286970e+06
3.868650014318613303e-07,2.163943746964562219e+06
2.074761788465995658e-07,4.495280045525147580e+06
4.713871262782270213e-07,2.106821854799359106e+06
2.744781801404525902e-07,3.679864977753038984e+06
5.171845161011783500e-07,1.970688158607840072e+06
3.551036644552654920e-07,2.943226368355645798e+06
3.574464149189242099e-07,3.117609745927571319e+06
5.152344614454826034e-07,2.589203132371037733e+06
2.245907799371870792e-07,2.351372611292900518e+06
1.362379590466554108e-07,3.873544544038891792e+06
1.681178759152514921e-07,3.416213251076352783e+06
4.713871262782270213e-07,2.106821854799359106e+06
2.744781801404525902e-07,3.679864977753038984e+06
5.171845161011783500e-07,1.970688158607840072e+06
3.551036644552654920e-07,2.943226368355645798e+06
3.517162615761527287e-07,3.217158758172895294e+06
3.432974182848621708e-07,3.405821520779593848e+06
4.150353619987140981e-07,2.772948088651428930e+06
3.870302718232968829e-07,3.998757162894629408e+06
