2.370657468540962780e-18,6.893282130215823422e-02,5.450518225463366756e-02,6.110348906043214928e-02,6.972579812624461748e-02,4.941415258226001389e-02
6.893282130215823422e-02,1.990109238122246553e-18,6.272497324994945334e-02,7.861000540836712847e-02,1.016767178714846204e-01,6.318504717761788680e-02
5.450518225463366756e-02,6.272497324994945334e-02,2.967099549796845453e-18,6.710325398007487008e-02,7.879876166028181028e-02,5.854607951500482438e-02
6.110348906043214928e-02,7.861000540836712847e-02,6.710325398007487008e-02,2.608745137264557578e-18,6.756925463331647785e-02,7.673121513411106098e-02
6.972579812624461748e-02,1.016767178714846204e-01,7.879876166028181028e-02,6.756925463331647785e-02,2.159012879804560331e-18,8.463874990296788026e-02
4.941415258226001389e-02,6.318504717761788680e-02,5.854607951500482438e-02,7.673121513411106098e-02,8.463874990296788026e-02,3.247143490024377175e-18
