3.162215635037833138e-18,5.701407740282712217e-02,9.253058005377394479e-02,6.254733081899295499e-02,7.300026387279916207e-02,6.990970196264438552e-02
5.701407740282712217e-02,2.084486035095670425e-18,7.105921088674214958e-02,6.473239727223806250e-02,7.597810833797609409e-02,6.588551474192169688e-02
9.253058005377394479e-02,7.105921088674214958e-02,2.279094142629970462e-18,5.810826980694758920e-02,1.082042172086841170e-01,7.822348061710328315e-02
6.254733081899295499e-02,6.473239727223806250e-02,5.810826980694758920e-02,2.332127543296658281e-18,6.994108768903481432e-02,8.613201409694093424e-02
7.300026387279916207e-02,7.597810833797609409e-02,1.082042172086841170e-01,6.994108768903481432e-02,2.009682150595140040e-18,5.486305492291958935e-02
6.990970196264438552e-02,6.588551474192169688e-02,7.822348061710328315e-02,8.613201409694093424e-02,5.486305492291958935e-02,2.132651833663424349e-18
