2.209578501210942968e-18,5.872584391532344877e-02,1.099725240291286044e-01,8.990960730426279801e-02,8.163003034989556317e-02,9.963667138884178820e-02
5.872584391532344877e-02,3.265678428473667010e-18,9.589989255052265571e-02,8.491546156771655196e-02,1.126881441701185899e-01,9.413433401317262972e-02
1.099725240291286044e-01,9.589989255052265571e-02,3.102044540172028214e-18,6.444654937612327716e-02,1.070753922121100432e-01,9.348424452081771641e-02
8.990960730426279801e-02,8.491546156771655196e-02,6.444654937612327716e-02,3.024035283055876152e-18,5.674798829134866662e-02,4.201274842940035809e-02
8.163003034989556317e-02,1.126881441701185899e-01,1.070753922121100432e-01,5.674798829134866662e-02,3.186031774358907077e-18,6.127891348649094905e-02
9.963667138884178820e-02,9.413433401317262972e-02,9.348424452081771641e-02,4.201274842940035809e-02,6.127891348649094905e-02,2.826771021904938772e-18
