2.715838802737773737e-18,7.777157119788803696e-02,9.416812178666920941e-02,8.415211960444181349e-02,8.161243059299010116e-02,5.616836498581449094e-02
7.777157119788803696e-02,2.392353693911952972e-18,5.609257199857774906e-02,5.449272619853893357e-02,6.135436825681947481e-02,5.432596230436378959e-02
9.416812178666920941e-02,5.609257199857774906e-02,2.481763871374489142e-18,5.129216606099576414e-02,6.020632437415764787e-02,7.061098819887035027e-02
8.415211960444181349e-02,5.449272619853893357e-02,5.129216606099576414e-02,3.542865628369247138e-18,4.205672904335924084e-02,7.080436944600805582e-02
8.161243059299010116e-02,6.135436825681947481e-02,6.020632437415764787e-02,4.205672904335924084e-02,3.537924300957905735e-18,4.912802915506017665e-02
5.616836498581449094e-02,5.432596230436378959e-02,7.061098819887035027e-02,7.080436944600805582e-02,4.912802915506017665e-02,3.540541240164802751e-18
