3.076542883618723532e-18,5.484982873883554461e-02,8.108364718482809208e-02,1.124233562709627127e-01,7.369227957113537453e-02,7.644020639744074364e-02
5.484982873883554461e-02,2.132591716845829278e-18,7.464645271932904280e-02,1.074550847307257223e-01,9.810716898586850643e-02,1.346673705704955204e-01
8.108364718482809208e-02,7.464645271932904280e-02,2.248670425025445055e-18,5.031852966777230346e-02,9.106038116552239714e-02,1.013448393957574328e-01
1.124233562709627127e-01,1.074550847307257223e-01,5.031852966777230346e-02,2.494393950781445324e-18,6.372665618398658249e-02,8.570103063984964298e-02
7.369227957113537453e-02,9.810716898586850643e-02,9.106038116552239714e-02,6.372665618398658249e-02,2.507555248408818958e-18,4.697642653924725270e-02
7.644020639744074364e-02,1.346673705704955204e-01,1.013448393957574328e-01,8.570103063984964298e-02,4.697642653924725270e-02,2.537618140168634732e-18
