2.333594086653206801e-18,4.678753594367710683e-02,8.043316772405474657e-02,7.696865885837993193e-02,8.211683910915347495e-02,8.744938989209725955e-02
4.678753594367710683e-02,1.702312931207002073e-18,8.774224231451194234e-02,7.488383814337630506e-02,6.846680354038954530e-02,7.793002918410953106e-02
8.043316772405474657e-02,8.774224231451194234e-02,1.497296251707974975e-18,3.227913496424162504e-02,5.184745880131450685e-02,6.764494208302290756e-02
7.696865885837993193e-02,7.488383814337630506e-02,3.227913496424162504e-02,2.375931743303035171e-18,3.942070127789202433e-02,6.989702559438877583e-02
8.211683910915347495e-02,6.846680354038954530e-02,5.184745880131450685e-02,3.942070127789202433e-02,1.518957143258951692e-18,4.461051524978493915e-02
8.744938989209725955e-02,7.793002918410953106e-02,6.764494208302290756e-02,6.989702559438877583e-02,4.461051524978493915e-02,1.689245985368717448e-18
