2.334253012108277072e-18,6.636473800020463443e-02,8.008979450834781411e-02,7.110746745722391904e-02,6.968078578796027545e-02,8.106572080158451488e-02
6.636473800020463443e-02,1.906324814059413477e-18,6.306891344770247654e-02,5.508456444451360207e-02,5.311631956408124910e-02,7.640781481598503400e-02
8.008979450834781411e-02,6.306891344770247654e-02,3.416032835941183635e-18,5.727212734418779538e-02,6.924094651156563474e-02,6.483440995696125586e-02
7.110746745722391904e-02,5.508456444451360207e-02,5.727212734418779538e-02,2.627099130319836733e-18,3.128540404711743078e-02,6.547670641470695885e-02
6.968078578796027545e-02,5.311631956408124910e-02,6.924094651156563474e-02,3.128540404711743078e-02,2.060682999576248766e-18,5.043482043253679631e-02
8.106572080158451488e-02,7.640781481598503400e-02,6.483440995696125586e-02,6.547670641470695885e-02,5.043482043253679631e-02,2.976213041070406579e-18
