2.488522039488062656e-18,7.600771962200621179e-02,6.053693674192503482e-02,7.545398762240462798e-02,6.274717772620165557e-02,4.863397809065500565e-02
7.600771962200621179e-02,2.408605524431793037e-18,8.779272888806234632e-02,7.158567759617719128e-02,7.816020249277898235e-02,7.319262559490660736e-02
6.053693674192503482e-02,8.779272888806234632e-02,3.999515111680112034e-18,4.474984621631909049e-02,8.890086805833603834e-02,5.660420652176924999e-02
7.545398762240462798e-02,7.158567759617719128e-02,4.474984621631909049e-02,3.787717112717900814e-18,7.680209401479705378e-02,7.829412226067553049e-02
6.274717772620165557e-02,7.816020249277898235e-02,8.890086805833603834e-02,7.680209401479705378e-02,3.141326163449073346e-18,1.145604294060141998e-01
4.863397809065500565e-02,7.319262559490660736e-02,5.660420652176924999e-02,7.829412226067553049e-02,1.145604294060141998e-01,2.782337540953645338e-18
