2.188232165782900809e-18,9.887137234006800057e-02,9.615987287299400388e-02,1.083216278334879074e-01,8.937920288771354638e-02,6.201922233614664409e-02
9.887137234006800057e-02,2.502112390033657657e-18,5.481460558445477860e-02,7.818307861295802075e-02,7.087318618984796148e-02,7.219296258395163646e-02
9.615987287299400388e-02,5.481460558445477860e-02,2.379665473117066366e-18,5.573976425463522677e-02,7.041388389717999352e-02,6.299858292431741169e-02
1.083216278334879074e-01,7.818307861295802075e-02,5.573976425463522677e-02,2.312614754076410655e-18,6.651791218959354768e-02,7.205103908684841463e-02
8.937920288771354638e-02,7.087318618984796148e-02,7.041388389717999352e-02,6.651791218959354768e-02,2.831494846842007030e-18,6.265029980225005068e-02
6.201922233614664409e-02,7.219296258395163646e-02,6.299858292431741169e-02,7.205103908684841463e-02,6.265029980225005068e-02,2.535719598439618550e-18
