1.865695781571242426e-18,3.779566962416221199e-02,6.871601527044911284e-02,1.113465928885067485e-01,1.369485668178460347e-01,9.739056746858364144e-02
3.779566962416221199e-02,2.471327730095199355e-18,6.464142114554660701e-02,8.052444325526221525e-02,8.764688107040297105e-02,7.027849498992573551e-02
6.871601527044911284e-02,6.464142114554660701e-02,1.425793715850998851e-18,4.948222797458261962e-02,8.445138154698161870e-02,8.636188161198465885e-02
1.113465928885067485e-01,8.052444325526221525e-02,4.948222797458261962e-02,2.164714170014721653e-18,6.237966073378592435e-02,2.062196269987913722e-01
1.369485668178460347e-01,8.764688107040297105e-02,8.445138154698161870e-02,6.237966073378592435e-02,1.861079215063216522e-18,2.093324959784416961e-01
9.739056746858364144e-02,7.027849498992573551e-02,8.636188161198465885e-02,2.062196269987913722e-01,2.093324959784416961e-01,2.521861112245612865e-18
