2.204521479419558065e-18,7.148142168870703916e-02,7.240753083955449310e-02,9.384713241652159477e-02,6.518026618047736975e-02,5.517471926487318989e-02
7.148142168870703916e-02,2.338348315418132573e-18,4.583239387411245681e-03,5.261949705148558087e-02,5.952904120211702926e-02,6.134928765316722404e-02
7.240753083955449310e-02,4.583239387411245681e-03,2.359627327702387719e-18,5.389591172502689043e-02,6.073984108377070840e-02,6.271891236052394569e-02
9.384713241652159477e-02,5.261949705148558087e-02,5.389591172502689043e-02,2.357076972332432483e-18,7.949029969076300273e-02,9.436958447434139197e-02
6.518026618047736975e-02,5.952904120211702926e-02,6.073984108377070840e-02,7.949029969076300273e-02,2.162678044453239162e-18,6.448485423390686033e-02
5.517471926487318989e-02,6.134928765316722404e-02,6.271891236052394569e-02,9.436958447434139197e-02,6.448485423390686033e-02,2.470324117394187020e-18
