2.633963859945825416e-18,6.907094038859484808e-02,1.113715133188153822e-01,1.034277456311070015e-01,3.538425003044339684e-02,2.966917696319036624e-02
6.907094038859484808e-02,2.870465507675170321e-18,6.091156991397458226e-02,4.761669305185887296e-02,5.899081463743544029e-02,5.963636560336629117e-02
1.113715133188153822e-01,6.091156991397458226e-02,3.165677502031580146e-18,3.810279554914646621e-02,9.053270495582911581e-02,9.231640893553023919e-02
1.034277456311070015e-01,4.761669305185887296e-02,3.810279554914646621e-02,2.768847967185292549e-18,9.653023871214529150e-02,1.039339524733834397e-01
3.538425003044339684e-02,5.899081463743544029e-02,9.053270495582911581e-02,9.653023871214529150e-02,3.559520086239164393e-18,1.728387031007650246e-02
2.966917696319036624e-02,5.963636560336629117e-02,9.231640893553023919e-02,1.039339524733834397e-01,1.728387031007650246e-02,3.997877398226242309e-18
