2.369848039724003352e-18,7.466824539929149684e-02,1.039881924721673540e-01,8.863192124648905379e-02,6.725492300353858033e-02,5.574860365998503958e-02
7.466824539929149684e-02,3.189831153435153258e-18,5.366475531551462980e-02,6.241591085516923904e-02,7.479868164672945352e-02,4.692395246691331151e-02
1.039881924721673540e-01,5.366475531551462980e-02,4.196525144761864925e-18,4.478381555592023805e-02,7.402061602956407083e-02,6.983371001576228754e-02
8.863192124648905379e-02,6.241591085516923904e-02,4.478381555592023805e-02,4.606547149815555348e-18,6.559195053645913709e-02,5.866159817885871486e-02
6.725492300353858033e-02,7.479868164672945352e-02,7.402061602956407083e-02,6.559195053645913709e-02,3.372655605451514922e-18,5.283901805634869803e-02
5.574860365998503958e-02,4.692395246691331151e-02,6.983371001576228754e-02,5.866159817885871486e-02,5.283901805634869803e-02,3.444344475596139617e-18
