2.204430432025967514e-18,2.465354403420874640e-02,4.413457211451383283e-02,9.821245452415955368e-02,7.727025251625584124e-02,7.984338740185571714e-02
2.465354403420874640e-02,1.751190630745783693e-18,4.588264982888764359e-02,1.104323427885792741e-01,8.197061603353041070e-02,7.197155733278748357e-02
4.413457211451383283e-02,4.588264982888764359e-02,1.989761806259037744e-18,8.899944021656923387e-02,7.275946969833270439e-02,7.844255073895638197e-02
9.821245452415955368e-02,1.104323427885792741e-01,8.899944021656923387e-02,1.994801003448672100e-18,8.230787099668873674e-02,1.147617494907972602e-01
7.727025251625584124e-02,8.197061603353041070e-02,7.275946969833270439e-02,8.230787099668873674e-02,2.540824937650373577e-18,7.556245255336442590e-02
7.984338740185571714e-02,7.197155733278748357e-02,7.844255073895638197e-02,1.147617494907972602e-01,7.556245255336442590e-02,1.793357053102654690e-18
