1.671884187882564080e-18,6.097029644858922154e-02,6.003965448844755803e-02,5.953424813677445776e-02,5.606109240916722775e-02,5.861064951340285573e-02
6.097029644858922154e-02,1.815777200860621553e-18,6.602004511432470191e-02,6.449580112729039194e-02,7.768401034963735852e-02,7.609824210721580218e-02
6.003965448844755803e-02,6.602004511432470191e-02,1.842432248946776673e-18,5.199595260594974677e-02,6.946362767304133101e-02,7.028311834568200245e-02
5.953424813677445776e-02,6.449580112729039194e-02,5.199595260594974677e-02,1.937266619398166985e-18,8.832444604545465483e-02,8.835525423654788657e-02
5.606109240916722775e-02,7.768401034963735852e-02,6.946362767304133101e-02,8.832444604545465483e-02,1.800814517086593866e-18,5.543127254191930649e-03
5.861064951340285573e-02,7.609824210721580218e-02,7.028311834568200245e-02,8.835525423654788657e-02,5.543127254191930649e-03,1.383589726632826891e-18
