1.965328595644762722e-18,4.281604174571087412e-02,8.663732264127217697e-02,9.219435953806583151e-02,9.054809132406328731e-02,5.591951690990168422e-02
4.281604174571087412e-02,2.509146411768594063e-18,7.820295417239324365e-02,9.578087283185282574e-02,7.899974031905328264e-02,8.136337110839265974e-02
8.663732264127217697e-02,7.820295417239324365e-02,2.021625739877684147e-18,4.978471417670213284e-02,6.908750951617384506e-02,8.914390067938650353e-02
9.219435953806583151e-02,9.578087283185282574e-02,4.978471417670213284e-02,2.623948710812572291e-18,4.798978383721413943e-02,8.235711685091183509e-02
9.054809132406328731e-02,7.899974031905328264e-02,6.908750951617384506e-02,4.798978383721413943e-02,2.887768179710381227e-18,6.143437909307936790e-02
5.591951690990168422e-02,8.136337110839265974e-02,8.914390067938650353e-02,8.235711685091183509e-02,6.143437909307936790e-02,2.200709602614423111e-18
