5.298627233148815422e-18,7.200907057511364562e-02,5.244697167899695089e-02,4.525474079859844595e-02,4.438145498604863931e-02,5.174108926584130436e-02
7.200907057511364562e-02,1.669733396454009226e-18,6.730047582586713706e-02,5.161423106756459628e-02,5.131320817771770765e-02,7.177562632841216761e-02
5.244697167899695089e-02,6.730047582586713706e-02,3.098119749558038841e-18,7.354788215710726662e-02,7.188283734001256475e-02,5.798157008415578267e-02
4.525474079859844595e-02,5.161423106756459628e-02,7.354788215710726662e-02,3.377403242412033413e-18,4.905626035954177740e-03,5.102979239981213916e-02
4.438145498604863931e-02,5.131320817771770765e-02,7.188283734001256475e-02,4.905626035954177740e-03,3.078550150159954958e-18,4.892094981225594136e-02
5.174108926584130436e-02,7.177562632841216761e-02,5.798157008415578267e-02,5.102979239981213916e-02,4.892094981225594136e-02,1.954014641883060258e-18
