1.878069390944068514e-18,6.208760643766308984e-02,7.544782070331640389e-02,7.463117575262202819e-02,7.323210233213169051e-02,7.017164600465132518e-02
6.208760643766308984e-02,2.321570074015568966e-18,4.126768983614083341e-02,6.251880684944764732e-02,4.443289757934770073e-02,3.948614618925543052e-02
7.544782070331640389e-02,4.126768983614083341e-02,2.326844689216303120e-18,5.422185320484657761e-02,5.906447063734088232e-02,4.966804002552991509e-02
7.463117575262202819e-02,6.251880684944764732e-02,5.422185320484657761e-02,2.885067854359528995e-18,8.275644611860026589e-02,9.317890550931255678e-02
7.323210233213169051e-02,4.443289757934770073e-02,5.906447063734088232e-02,8.275644611860026589e-02,1.923562258049070845e-18,3.522744736366992951e-02
7.017164600465132518e-02,3.948614618925543052e-02,4.966804002552991509e-02,9.317890550931255678e-02,3.522744736366992951e-02,2.888358968205847876e-18
