1.524339716069806809e-18,5.651167725402183456e-02,7.385371558086349653e-02,7.921786282544816815e-02,6.124750077717337066e-02,4.755429049923270979e-02
5.651167725402183456e-02,1.522565206815671836e-18,7.018623444265935374e-02,7.806110332591666146e-02,7.090502403127450781e-02,7.931071254570379314e-02
7.385371558086349653e-02,7.018623444265935374e-02,2.072317896646760857e-18,5.203692748432611065e-02,6.527480967980907323e-02,7.397488349288577902e-02
7.921786282544816815e-02,7.806110332591666146e-02,5.203692748432611065e-02,1.781569602356112697e-18,4.121056390065135078e-02,7.081694364541857301e-02
6.124750077717337066e-02,7.090502403127450781e-02,6.527480967980907323e-02,4.121056390065135078e-02,1.888908276176862164e-18,6.957562014748806811e-02
4.755429049923270979e-02,7.931071254570379314e-02,7.397488349288577902e-02,7.081694364541857301e-02,6.957562014748806811e-02,2.014725385097040459e-18
