2.416653532185950937e-18,5.039783908283183150e-02,5.252054900740926041e-02,7.906146441843581174e-02,7.677448604127160015e-02,6.003728169207925291e-02
5.039783908283183150e-02,2.338802987540877915e-18,3.280614075383047473e-02,7.826365597209258840e-02,8.740202580400620314e-02,6.960909335349282911e-02
5.252054900740926041e-02,3.280614075383047473e-02,2.854503674270496914e-18,5.902276907438028936e-02,6.849590459062915304e-02,7.531764626941632457e-02
7.906146441843581174e-02,7.826365597209258840e-02,5.902276907438028936e-02,2.381644795785035710e-18,5.824881748071582960e-02,8.255673555355311222e-02
7.677448604127160015e-02,8.740202580400620314e-02,6.849590459062915304e-02,5.824881748071582960e-02,2.051376757854195677e-18,5.916692125744787284e-02
6.003728169207925291e-02,6.960909335349282911e-02,7.531764626941632457e-02,8.255673555355311222e-02,5.916692125744787284e-02,2.023168604905314436e-18
