1.951038145867536007e-18,5.158280334418900021e-02,5.574756922812449528e-02,6.872071890758295332e-02,5.908638285057871836e-02,4.635961931197432606e-02
5.158280334418900021e-02,2.933812346303650056e-18,5.544859858327622071e-02,9.469358470218980361e-02,6.220362545990363451e-02,7.377623327842801337e-02
5.574756922812449528e-02,5.544859858327622071e-02,2.228054575761448279e-18,6.733326608551983006e-02,6.749765383412288655e-02,5.765425869609172582e-02
6.872071890758295332e-02,9.469358470218980361e-02,6.733326608551983006e-02,2.767909124996413240e-18,5.823128271361387859e-02,7.791779245423828548e-02
5.908638285057871836e-02,6.220362545990363451e-02,6.749765383412288655e-02,5.823128271361387859e-02,2.688578282740508912e-18,5.398580099049355568e-02
4.635961931197432606e-02,7.377623327842801337e-02,5.765425869609172582e-02,7.791779245423828548e-02,5.398580099049355568e-02,2.600899195784538337e-18
