2.513125423474737909e-18,5.973075509463748184e-02,5.722876099757923801e-02,7.113564546190671856e-02,6.093888845081982253e-02,4.887687545854332155e-02
5.973075509463748184e-02,2.475466555507526818e-18,1.021004151572214025e-01,5.153333194677704038e-02,6.160582782286696396e-02,6.387402242882742054e-02
5.722876099757923801e-02,1.021004151572214025e-01,2.072882253010931622e-18,7.826504378403636997e-02,8.174250187507503540e-02,5.715732039010800597e-02
7.113564546190671856e-02,5.153333194677704038e-02,7.826504378403636997e-02,1.373347724933539363e-18,5.672767916611264755e-02,1.155409493671630677e-01
6.093888845081982253e-02,6.160582782286696396e-02,8.174250187507503540e-02,5.672767916611264755e-02,2.236421458926625573e-18,1.320393241414054286e-01
4.887687545854332155e-02,6.387402242882742054e-02,5.715732039010800597e-02,1.155409493671630677e-01,1.320393241414054286e-01,1.863628702439887708e-18
