2.395097537550955578e-18,3.063356842371627031e-02,5.773115032871922042e-02,6.775791149106862032e-02,5.219650320091805823e-02,5.007537950945715327e-02
3.063356842371627031e-02,2.093791610048796328e-18,5.770816559817801977e-02,6.649331931262304762e-02,5.682086518798833835e-02,5.817180919709718373e-02
5.773115032871922042e-02,5.770816559817801977e-02,2.387069376398305951e-18,4.513647044358151672e-02,4.046385993145296817e-02,4.669818730276072832e-02
6.775791149106862032e-02,6.649331931262304762e-02,4.513647044358151672e-02,2.292442257474035308e-18,8.681016487132213466e-02,9.575764836019480530e-02
5.219650320091805823e-02,5.682086518798833835e-02,4.046385993145296817e-02,8.681016487132213466e-02,2.169661377823740591e-18,1.050274851359558025e-02
5.007537950945715327e-02,5.817180919709718373e-02,4.669818730276072832e-02,9.575764836019480530e-02,1.050274851359558025e-02,2.279549587430667259e-18
