2.493469257057980361e-18,7.756813334057665633e-03,7.000197438119970528e-02,6.208062351839407911e-02,5.347704837109878290e-02,5.385057728539039551e-02
7.756813334057665633e-03,2.612479161644382230e-18,6.877630886918061071e-02,5.780985123266638853e-02,5.529608908793611638e-02,5.593500199466885925e-02
7.000197438119970528e-02,6.877630886918061071e-02,3.578083588284342667e-18,7.002585715062958904e-02,8.862089950174500963e-02,8.770413770319711311e-02
6.208062351839407911e-02,5.780985123266638853e-02,7.002585715062958904e-02,2.722802082149490271e-18,8.713414975501816706e-02,8.669194022701813551e-02
5.347704837109878290e-02,5.529608908793611638e-02,8.862089950174500963e-02,8.713414975501816706e-02,2.914837292212858775e-18,7.247262734891142706e-03
5.385057728539039551e-02,5.593500199466885925e-02,8.770413770319711311e-02,8.669194022701813551e-02,7.247262734891142706e-03,3.549712860238064510e-18
