2.401734245496681917e-18,4.757223807686154077e-02,6.702167839391399984e-02,9.307135200959920640e-02,7.317011251602205391e-02,8.131498392639979755e-02
4.757223807686154077e-02,2.749376665567197313e-18,4.185213508637408708e-02,8.711271849813138901e-02,6.229852264449364102e-02,7.878181425585942255e-02
6.702167839391399984e-02,4.185213508637408708e-02,4.334792007909129735e-18,6.677179123540698258e-02,8.954917388750037455e-02,1.164152225572203797e-01
9.307135200959920640e-02,8.711271849813138901e-02,6.677179123540698258e-02,3.721091211144250337e-18,1.280204973730829088e-01,1.220653750195048876e-01
7.317011251602205391e-02,6.229852264449364102e-02,8.954917388750037455e-02,1.280204973730829088e-01,2.529843803818961007e-18,6.106205081285046715e-02
8.131498392639979755e-02,7.878181425585942255e-02,1.164152225572203797e-01,1.220653750195048876e-01,6.106205081285046715e-02,3.596541573370736231e-18
