2.588495284482745806e-18,9.793495078055948488e-02,1.125123011680247975e-01,7.532011811497980880e-02,8.636135228953600862e-02,1.398339885821731909e-01
9.793495078055948488e-02,3.572350583144790642e-18,6.468765928673037013e-02,5.495901046015796293e-02,7.303931496116444766e-02,6.084360676320228062e-02
1.125123011680247975e-01,6.468765928673037013e-02,2.515445436300610739e-18,3.988246657954690882e-02,7.565559658880871563e-02,1.198370608525492625e-01
7.532011811497980880e-02,5.495901046015796293e-02,3.988246657954690882e-02,2.805288830612003507e-18,5.899034591753942597e-02,5.440466859069473249e-02
8.636135228953600862e-02,7.303931496116444766e-02,7.565559658880871563e-02,5.899034591753942597e-02,4.180981157498360384e-18,5.208345524727939213e-02
1.398339885821731909e-01,6.084360676320228062e-02,1.198370608525492625e-01,5.440466859069473249e-02,5.208345524727939213e-02,3.171744581875579150e-18
