2.377434203039023641e-18,5.705788594301982458e-02,6.510414159296226688e-02,8.174637868250632378e-02,8.303742710347440659e-02,8.325488497425652390e-02
5.705788594301982458e-02,2.417776052611770482e-18,4.942161846336914910e-02,5.983301279669909351e-02,5.983543613058398686e-02,6.063914005282896452e-02
6.510414159296226688e-02,4.942161846336914910e-02,2.284480602225943195e-18,4.793341310998718713e-02,4.926910092801031760e-02,5.002432551170780256e-02
8.174637868250632378e-02,5.983301279669909351e-02,4.793341310998718713e-02,1.450668645043161037e-18,5.910982406150638684e-03,6.246654975379774266e-03
8.303742710347440659e-02,5.983543613058398686e-02,4.926910092801031760e-02,5.910982406150638684e-03,1.437240580195295342e-18,1.886327398887022513e-03
8.325488497425652390e-02,6.063914005282896452e-02,5.002432551170780256e-02,6.246654975379774266e-03,1.886327398887022513e-03,1.752051880324136939e-18
