1.997155252461117698e-18,4.654811418621960378e-02,6.177198501094188776e-02,6.242398602831834148e-02,8.917878856173581947e-02,7.331099031039302327e-02
4.654811418621960378e-02,1.771851642663982058e-18,3.397940846315687657e-02,4.743024228307356899e-02,8.484962304788827570e-02,7.796431952762315765e-02
6.177198501094188776e-02,3.397940846315687657e-02,2.021817261915198892e-18,3.225572173997690723e-02,8.356429522461013282e-02,7.998259197737138393e-02
6.242398602831834148e-02,4.743024228307356899e-02,3.225572173997690723e-02,2.450586558154928707e-18,5.648884672033967908e-02,6.786238574312605798e-02
8.917878856173581947e-02,8.484962304788827570e-02,8.356429522461013282e-02,5.648884672033967908e-02,1.611383508397350300e-18,6.224407844248625726e-02
7.331099031039302327e-02,7.796431952762315765e-02,7.998259197737138393e-02,6.786238574312605798e-02,6.224407844248625726e-02,1.677681643730025442e-18
