2.430021261891099581e-18,8.273744894077371403e-02,8.244423030265074503e-02,8.561061129291447358e-02,6.876292443659302867e-02,8.050043694159648988e-02
8.273744894077371403e-02,3.543222328779373270e-18,1.034115040918578456e-02,4.446483965287034018e-02,7.434045852649517894e-02,5.993866546208882068e-02
8.244423030265074503e-02,1.034115040918578456e-02,4.812174330406459248e-18,4.703817326889691425e-02,7.380693460115581028e-02,5.379006741709488337e-02
8.561061129291447358e-02,4.446483965287034018e-02,4.703817326889691425e-02,3.343453112118306950e-18,6.398769816773476615e-02,8.416645323180650673e-02
6.876292443659302867e-02,7.434045852649517894e-02,7.380693460115581028e-02,6.398769816773476615e-02,3.995170830630393872e-18,7.391124754684012810e-02
8.050043694159648988e-02,5.993866546208882068e-02,5.379006741709488337e-02,8.416645323180650673e-02,7.391124754684012810e-02,2.161276654762906380e-18
