1.916702159809846282e-18,1.155341568390811230e-01,2.426294168859850220e-01,1.399060666916971674e-01,1.012156407515058115e-01,1.513117603780460563e-01
1.155341568390811230e-01,2.608340555565947074e-18,1.857642645098375178e-01,6.428286560781315551e-02,7.418227969283081036e-02,5.083424195089197156e-02
2.426294168859850220e-01,1.857642645098375178e-01,1.881488710922391151e-18,7.551322752643961633e-02,6.821696393789011825e-02,2.920928671426064605e-01
1.399060666916971674e-01,6.428286560781315551e-02,7.551322752643961633e-02,1.893023085183295765e-18,9.606102015321703325e-02,1.302677769582439027e-01
1.012156407515058115e-01,7.418227969283081036e-02,6.821696393789011825e-02,9.606102015321703325e-02,2.165833950804211157e-18,7.269747713309378245e-02
1.513117603780460563e-01,5.083424195089197156e-02,2.920928671426064605e-01,1.302677769582439027e-01,7.269747713309378245e-02,1.862363171302503891e-18
