2.094246951118570438e-18,4.344894682398519475e-02,6.699837145078094136e-02,5.333427817844915708e-02,5.661745553714230689e-02,4.573489910321818647e-02
4.344894682398519475e-02,2.101168191932458111e-18,4.116422306926647429e-02,4.500143968368632702e-02,4.805986798345621841e-02,4.650544275341638584e-02
6.699837145078094136e-02,4.116422306926647429e-02,1.844971677544276528e-18,4.406568387521122426e-02,5.718169608732630999e-02,6.170846682367587405e-02
5.333427817844915708e-02,4.500143968368632702e-02,4.406568387521122426e-02,2.427290483181690608e-18,4.427075738325299964e-02,5.026477704339988445e-02
5.661745553714230689e-02,4.805986798345621841e-02,5.718169608732630999e-02,4.427075738325299964e-02,2.437223628804911344e-18,2.052587372288922421e-02
4.573489910321818647e-02,4.650544275341638584e-02,6.170846682367587405e-02,5.026477704339988445e-02,2.052587372288922421e-02,2.020608892118205723e-18
