2.880678417680006152e-18,6.331985105976137285e-02,6.956926896859237652e-02,7.165149134903149586e-02,1.206554259072031288e-01,5.496352486504251650e-02
6.331985105976137285e-02,2.040477692357584797e-18,4.379571133277959660e-02,5.488733721082230538e-02,9.303330867235264090e-02,6.933136324607783174e-02
6.956926896859237652e-02,4.379571133277959660e-02,2.345808591054669000e-18,6.058352661209182727e-02,5.679687884497316985e-02,5.895794070596135916e-02
7.165149134903149586e-02,5.488733721082230538e-02,6.058352661209182727e-02,2.079654979028188889e-18,1.124530410078194015e-01,9.335884892496253140e-02
1.206554259072031288e-01,9.303330867235264090e-02,5.679687884497316985e-02,1.124530410078194015e-01,2.411768216084500253e-18,1.391283510742160889e-01
5.496352486504251650e-02,6.933136324607783174e-02,5.895794070596135916e-02,9.335884892496253140e-02,1.391283510742160889e-01,2.320320155785961549e-18
