1.685515876787319571e-18,6.083466380817417751e-02,8.948851970884591500e-02,8.257782859922190022e-02,4.886941998292204659e-02,6.605924880268394805e-02
6.083466380817417751e-02,1.739254596096505503e-18,7.619964397362900821e-02,9.077252530530789676e-02,7.826786441570497688e-02,7.400652692159580270e-02
8.948851970884591500e-02,7.619964397362900821e-02,1.921628010503208838e-18,7.046068722237121273e-02,7.477536601920582726e-02,7.929139966439133214e-02
8.257782859922190022e-02,9.077252530530789676e-02,7.046068722237121273e-02,2.019594377412753685e-18,5.039278303162358918e-02,7.486968149133303718e-02
4.886941998292204659e-02,7.826786441570497688e-02,7.477536601920582726e-02,5.039278303162358918e-02,2.125123079536200791e-18,5.039941366640347115e-02
6.605924880268394805e-02,7.400652692159580270e-02,7.929139966439133214e-02,7.486968149133303718e-02,5.039941366640347115e-02,2.325796510294539051e-18
