2.576530205103045451e-18,5.068217889744395382e-02,6.080342856242800659e-02,5.585625423456269667e-02,5.394135232572128125e-02,6.287805006081033377e-02
5.068217889744395382e-02,2.451678921157726374e-18,3.221266036471710781e-02,5.449720098509877597e-02,4.903163158950599176e-02,5.893094204919291368e-02
6.080342856242800659e-02,3.221266036471710781e-02,2.015539192734650834e-18,4.780904682301340830e-02,4.568490048148934196e-02,6.853602774861995706e-02
5.585625423456269667e-02,5.449720098509877597e-02,4.780904682301340830e-02,2.119251721788749011e-18,9.029279170196985449e-02,7.286514821951259324e-02
5.394135232572128125e-02,4.903163158950599176e-02,4.568490048148934196e-02,9.029279170196985449e-02,2.468565854976635617e-18,4.310154250584680158e-02
6.287805006081033377e-02,5.893094204919291368e-02,6.853602774861995706e-02,7.286514821951259324e-02,4.310154250584680158e-02,2.274206401356001511e-18
