2.307694106156820095e-18,4.306429275700054266e-02,7.335753003908977721e-02,7.994649515567191222e-02,7.653201158451396202e-02,7.191521647784197835e-02
4.306429275700054266e-02,2.429634675196618400e-18,5.207984170436332633e-02,7.661979199377140504e-02,8.447008295998226224e-02,8.895157685770026246e-02
7.335753003908977721e-02,5.207984170436332633e-02,2.611265138904153014e-18,6.074692405963699054e-02,6.666570258733871268e-02,6.941459630668440905e-02
7.994649515567191222e-02,7.661979199377140504e-02,6.074692405963699054e-02,1.809681994936219818e-18,6.474263737336978519e-02,7.575499242538129285e-02
7.653201158451396202e-02,8.447008295998226224e-02,6.666570258733871268e-02,6.474263737336978519e-02,2.487671510511568779e-18,3.872676596306143249e-02
7.191521647784197835e-02,8.895157685770026246e-02,6.941459630668440905e-02,7.575499242538129285e-02,3.872676596306143249e-02,2.292831373851796136e-18
