2.423105706558714275e-18,4.673660319766712729e-02,5.778229960231576895e-02,6.013524251935448844e-02,5.783134945694845541e-02,4.157394442389433786e-02
4.673660319766712729e-02,2.602304132704159391e-18,4.650539114184756156e-02,7.956623763744202771e-02,7.862555227088319221e-02,6.716697507534334644e-02
5.778229960231576895e-02,4.650539114184756156e-02,2.314104928442280283e-18,7.319030565718813441e-02,5.288620509226937827e-02,5.624585757521146506e-02
6.013524251935448844e-02,7.956623763744202771e-02,7.319030565718813441e-02,3.300843574299628702e-18,3.665202335010645657e-02,5.226925407270303220e-02
5.783134945694845541e-02,7.862555227088319221e-02,5.288620509226937827e-02,3.665202335010645657e-02,3.391302346701425022e-18,4.196109422955290186e-02
4.157394442389433786e-02,6.716697507534334644e-02,5.624585757521146506e-02,5.226925407270303220e-02,4.196109422955290186e-02,2.578948837708749685e-18
