1.967808354626864773e-18,6.868121149581042639e-02,6.663684546601671144e-02,5.621080732809314445e-02,4.851650565733370279e-02,3.674177815895555282e-02
6.868121149581042639e-02,2.253997632492473294e-18,6.125014782213316494e-03,9.013623945778398427e-02,8.455094590047700087e-02,5.643165691175646564e-02
6.663684546601671144e-02,6.125014782213316494e-03,2.240523063032885313e-18,9.052449125869142799e-02,8.537707179930410784e-02,5.399166775727648471e-02
5.621080732809314445e-02,9.013623945778398427e-02,9.052449125869142799e-02,1.744768118412946451e-18,3.984170108392619952e-02,8.182765646243747582e-02
4.851650565733370279e-02,8.455094590047700087e-02,8.537707179930410784e-02,3.984170108392619952e-02,1.997050945156460463e-18,5.838475697888249188e-02
3.674177815895555282e-02,5.643165691175646564e-02,5.399166775727648471e-02,8.182765646243747582e-02,5.838475697888249188e-02,2.116829471628938808e-18
