3.313389887257178381e-18,9.594417219787899909e-02,1.406692173140734747e-01,1.455075517478284786e-01,1.434584819901713326e-01,1.436842260989837083e-01
9.594417219787899909e-02,2.395787903404185608e-18,5.905923300719426172e-02,5.665889367625744771e-02,5.738902610964940337e-02,5.740527666298587267e-02
1.406692173140734747e-01,5.905923300719426172e-02,3.213122086022463998e-18,8.227957420682309453e-02,8.209307966876701335e-02,8.196541292030949666e-02
1.455075517478284786e-01,5.665889367625744771e-02,8.227957420682309453e-02,3.470075070638228131e-18,3.573383482896727234e-03,3.691980310607005048e-03
1.434584819901713326e-01,5.738902610964940337e-02,8.209307966876701335e-02,3.573383482896727234e-03,4.435832975713971778e-18,2.583658340649561038e-03
1.436842260989837083e-01,5.740527666298587267e-02,8.196541292030949666e-02,3.691980310607005048e-03,2.583658340649561038e-03,4.627906879831598322e-18
