2.398119592054674734e-18,5.065529548263422721e-02,5.490242855644888315e-02,4.651894289713134900e-02,4.500900461260903818e-02,6.095947737558821827e-02
5.065529548263422721e-02,2.131693808899368068e-18,6.395576890836413009e-02,8.528245840534198763e-02,7.005231026005882822e-02,7.012417479197839698e-02
5.490242855644888315e-02,6.395576890836413009e-02,2.067199272522578622e-18,6.543712954098739043e-02,6.679020261532281344e-02,6.534039890312655363e-02
4.651894289713134900e-02,8.528245840534198763e-02,6.543712954098739043e-02,2.400701377745707577e-18,4.869235696270859948e-02,5.178521632058499108e-02
4.500900461260903818e-02,7.005231026005882822e-02,6.679020261532281344e-02,4.869235696270859948e-02,2.556040957391580764e-18,4.533704828566265110e-02
6.095947737558821827e-02,7.012417479197839698e-02,6.534039890312655363e-02,5.178521632058499108e-02,4.533704828566265110e-02,3.061440339119661159e-18
