1.477334417505638646e-18,4.706604905585070470e-02,6.671349795763764634e-02,8.693494193643207246e-02,7.997174956370983745e-02,7.972760078870497202e-02
4.706604905585070470e-02,2.422224782829505790e-18,6.093821231987694292e-02,9.159448192815033973e-02,8.607964427810103902e-02,7.494356239013663656e-02
6.671349795763764634e-02,6.093821231987694292e-02,2.434503003509194684e-18,4.878305820742281917e-02,6.103719368849794269e-02,5.943262993670544309e-02
8.693494193643207246e-02,9.159448192815033973e-02,4.878305820742281917e-02,2.037533092734675265e-18,6.302164319281759741e-02,6.624890729467315664e-02
7.997174956370983745e-02,8.607964427810103902e-02,6.103719368849794269e-02,6.302164319281759741e-02,2.427681845595388082e-18,6.905852686729761769e-02
7.972760078870497202e-02,7.494356239013663656e-02,5.943262993670544309e-02,6.624890729467315664e-02,6.905852686729761769e-02,1.801530664398227600e-18
