2.810017234130183692e-18,6.880403517613482844e-02,6.980185561595783628e-02,1.021861070152267764e-01,6.783258789332324845e-02,6.751053957740212053e-02
6.880403517613482844e-02,2.569827128340153823e-18,1.574009369108685108e-02,7.100914417667913980e-02,7.728763742081949661e-02,4.952758790135502326e-02
6.980185561595783628e-02,1.574009369108685108e-02,2.428975239094296972e-18,6.534727245667923401e-02,8.136161050855093835e-02,5.897400953083575814e-02
1.021861070152267764e-01,7.100914417667913980e-02,6.534727245667923401e-02,1.562694649226959844e-18,7.799893398449708748e-02,1.286497159300297732e-01
6.783258789332324845e-02,7.728763742081949661e-02,8.136161050855093835e-02,7.799893398449708748e-02,1.475985119164371433e-18,6.573997081633385642e-02
6.751053957740212053e-02,4.952758790135502326e-02,5.897400953083575814e-02,1.286497159300297732e-01,6.573997081633385642e-02,2.533625405753471103e-18
