2.104344531686740166e-18,3.210997253976556522e-03,5.368550177090405939e-02,6.829050832836565388e-02,1.048837528511787354e-01,9.273794425240262929e-02
3.210997253976556522e-03,1.988446449454303119e-18,5.590032073768978066e-02,6.848798254810091468e-02,1.046143551901516505e-01,9.061566583362051785e-02
5.368550177090405939e-02,5.590032073768978066e-02,2.681944828147035003e-18,5.583002476204771553e-02,7.506781795704425830e-02,5.712473995987035758e-02
6.829050832836565388e-02,6.848798254810091468e-02,5.583002476204771553e-02,2.099340107381364771e-18,1.142219851059606550e-01,9.722785730193835019e-02
1.048837528511787354e-01,1.046143551901516505e-01,7.506781795704425830e-02,1.142219851059606550e-01,1.659569146421433204e-18,2.498681557382197438e-01
9.273794425240262929e-02,9.061566583362051785e-02,5.712473995987035758e-02,9.722785730193835019e-02,2.498681557382197438e-01,2.101605830061839106e-18
