2.039833217994091592e-18,4.547251098368922800e-02,7.473598264401754010e-02,8.832737154122134726e-02,7.288516581653790849e-02,4.251424656311312417e-02
4.547251098368922800e-02,2.256705766440641635e-18,5.364496711220842484e-02,5.053171468712952530e-02,4.388496618082426970e-02,4.103804651823503985e-02
7.473598264401754010e-02,5.364496711220842484e-02,2.391114035288443470e-18,4.620844254179642951e-02,5.620550131052153703e-02,6.324659128216164605e-02
8.832737154122134726e-02,5.053171468712952530e-02,4.620844254179642951e-02,1.994294053330404253e-18,4.744412514473941161e-02,6.622085165490125547e-02
7.288516581653790849e-02,4.388496618082426970e-02,5.620550131052153703e-02,4.744412514473941161e-02,2.050581161074600204e-18,6.669555195365732547e-02
4.251424656311312417e-02,4.103804651823503985e-02,6.324659128216164605e-02,6.622085165490125547e-02,6.669555195365732547e-02,1.752394333402275416e-18
