3.801423898782269022e-18,4.786884489018045780e-02,4.878961692104172992e-02,3.969537299793528262e-02,4.056307468521237053e-02,3.403341161808139809e-02
4.786884489018045780e-02,3.529835583585931867e-18,3.393619315050010882e-03,5.276011947745719993e-02,5.375772549424193136e-02,4.879731899282122726e-02
4.878961692104172992e-02,3.393619315050010882e-03,3.467510767312673832e-18,5.354176947438177292e-02,5.383922389826802796e-02,4.913614978411997430e-02
3.969537299793528262e-02,5.276011947745719993e-02,5.354176947438177292e-02,3.385418265667167056e-18,3.122826030605277761e-02,4.881347205156782304e-02
4.056307468521237053e-02,5.375772549424193136e-02,5.383922389826802796e-02,3.122826030605277761e-02,2.633723887740906146e-18,6.505051282774633459e-02
3.403341161808139809e-02,4.879731899282122726e-02,4.913614978411997430e-02,4.881347205156782304e-02,6.505051282774633459e-02,2.736986771396529011e-18
