3.257281577817579362e-18,4.967001382170601470e-02,6.074803234575582023e-02,5.151800552143206285e-02,5.216387787879264715e-02,5.344797634297145800e-02
4.967001382170601470e-02,1.687876567555000912e-18,3.338989949524649031e-02,5.067988623643871621e-02,5.027444125295047611e-02,6.869687843065701294e-02
6.074803234575582023e-02,3.338989949524649031e-02,1.735103414868134405e-18,5.440667640207225847e-02,5.263101934741887949e-02,5.785412614837445733e-02
5.151800552143206285e-02,5.067988623643871621e-02,5.440667640207225847e-02,2.681532836623574297e-18,4.626072918029079141e-03,6.210293824310588601e-02
5.216387787879264715e-02,5.027444125295047611e-02,5.263101934741887949e-02,4.626072918029079141e-03,1.734456493657445991e-18,6.661648725245268576e-02
5.344797634297145800e-02,6.869687843065701294e-02,5.785412614837445733e-02,6.210293824310588601e-02,6.661648725245268576e-02,1.772129433660662670e-18
