2.097600265046827842e-18,2.778710236578340806e-02,6.346614073200704254e-02,7.080699675889425004e-02,6.483826230662834145e-02,6.368412424363451008e-02
2.778710236578340806e-02,1.767975359422016300e-18,4.824264006024930884e-02,6.785803508256930960e-02,5.522518590252411402e-02,6.560701897420302686e-02
6.346614073200704254e-02,4.824264006024930884e-02,2.612960576932092755e-18,7.343081391817171677e-02,5.045481894033582854e-02,8.005521388316484688e-02
7.080699675889425004e-02,6.785803508256930960e-02,7.343081391817171677e-02,2.125221445263380366e-18,8.115202032592543080e-02,7.943539361453472170e-02
6.483826230662834145e-02,5.522518590252411402e-02,5.045481894033582854e-02,8.115202032592543080e-02,2.566684651745697267e-18,5.776213564907716619e-02
6.368412424363451008e-02,6.560701897420302686e-02,8.005521388316484688e-02,7.943539361453472170e-02,5.776213564907716619e-02,2.479717283593174843e-18
