1.768011789761995239e-18,6.066536485356368441e-02,7.111148924181644182e-02,5.751745382245262300e-02,7.001303068856892797e-02,5.109404628485816197e-02
6.066536485356368441e-02,1.880475166564931778e-18,3.552143345103697669e-02,5.856441064328088419e-02,5.703897011768890857e-02,7.015024900339296432e-02
7.111148924181644182e-02,3.552143345103697669e-02,1.484200112759772560e-18,6.740537298486003193e-02,5.307294470348562082e-02,6.493425264459384838e-02
5.751745382245262300e-02,5.856441064328088419e-02,6.740537298486003193e-02,1.854005171693422620e-18,4.230350287561972927e-02,7.233157403771380001e-02
7.001303068856892797e-02,5.703897011768890857e-02,5.307294470348562082e-02,4.230350287561972927e-02,1.638392692463506739e-18,5.862828646031333774e-02
5.109404628485816197e-02,7.015024900339296432e-02,6.493425264459384838e-02,7.233157403771380001e-02,5.862828646031333774e-02,2.197639346732346204e-18
