1.922887068832410520e-18,2.884437798988330123e-02,6.008965789983192196e-02,7.088997219588684395e-02,6.536259615406164736e-02,6.894216851339786400e-02
2.884437798988330123e-02,2.337992147198399111e-18,4.862535778979929640e-02,6.432105218730198304e-02,6.503367709981970612e-02,7.238224449440151809e-02
6.008965789983192196e-02,4.862535778979929640e-02,2.898825621843555611e-18,7.164731605108116963e-02,6.715636939130846528e-02,7.374372240918865284e-02
7.088997219588684395e-02,6.432105218730198304e-02,7.164731605108116963e-02,2.748155510455668655e-18,6.021459962114818903e-02,7.223359433112075401e-02
6.536259615406164736e-02,6.503367709981970612e-02,6.715636939130846528e-02,6.021459962114818903e-02,2.450421953879437191e-18,5.004927554009069857e-02
6.894216851339786400e-02,7.238224449440151809e-02,7.374372240918865284e-02,7.223359433112075401e-02,5.004927554009069857e-02,2.290697708347169694e-18
