2.420039412551693141e-18,7.333580067415719494e-02,9.209272149155732501e-02,8.897173408439475184e-02,7.082455476164503660e-02,8.654731853845017142e-02
7.333580067415719494e-02,2.967762286112262331e-18,7.045143093018586822e-02,6.290975578602324425e-02,7.717980633466675622e-02,7.428881292705621919e-02
9.209272149155732501e-02,7.045143093018586822e-02,3.128600887894177064e-18,6.341032514559481748e-02,7.360025643694512176e-02,1.082232409677259533e-01
8.897173408439475184e-02,6.290975578602324425e-02,6.341032514559481748e-02,2.898086046035779935e-18,6.156035175531004988e-02,6.417363270124916419e-02
7.082455476164503660e-02,7.717980633466675622e-02,7.360025643694512176e-02,6.156035175531004988e-02,2.793362838021567213e-18,4.618344430183354138e-02
8.654731853845017142e-02,7.428881292705621919e-02,1.082232409677259533e-01,6.417363270124916419e-02,4.618344430183354138e-02,3.271383099165920212e-18
