2.605984198385286863e-18,3.898107402160327223e-02,6.835401242755237416e-02,8.533871717652920241e-02,7.631306123856541890e-02,4.228461419709111935e-02
3.898107402160327223e-02,2.712669245820588546e-18,4.295006368220431053e-02,7.423563017606384096e-02,7.437069693654414781e-02,4.908261732604993904e-02
6.835401242755237416e-02,4.295006368220431053e-02,2.370588540279718682e-18,5.905156214781389495e-02,7.357617042271567820e-02,7.227327775130397425e-02
8.533871717652920241e-02,7.423563017606384096e-02,5.905156214781389495e-02,2.568533332678405848e-18,5.178084739268128817e-02,5.766224695444638337e-02
7.631306123856541890e-02,7.437069693654414781e-02,7.357617042271567820e-02,5.178084739268128817e-02,2.098363372725692352e-18,4.938250672499718691e-02
4.228461419709111935e-02,4.908261732604993904e-02,7.227327775130397425e-02,5.766224695444638337e-02,4.938250672499718691e-02,2.645213812189031155e-18
