1.729329026833705558e-18,5.672679079782883688e-02,5.803791129846504887e-02,8.335103453500729287e-02,7.227732704059700031e-02,5.922385602312257857e-02
5.672679079782883688e-02,2.787973122013282806e-18,5.758022495514773971e-03,4.216063462000035206e-02,5.319195811776655791e-02,5.935162325685185841e-02
5.803791129846504887e-02,5.758022495514773971e-03,3.006879531345810766e-18,4.064803820216643382e-02,5.079282543311110926e-02,5.690544650755358091e-02
8.335103453500729287e-02,4.216063462000035206e-02,4.064803820216643382e-02,2.052449532531119253e-18,3.571965224480310591e-02,4.976667370193188500e-02
7.227732704059700031e-02,5.319195811776655791e-02,5.079282543311110926e-02,3.571965224480310591e-02,2.537333316275391980e-18,6.103455269687078216e-02
5.922385602312257857e-02,5.935162325685185841e-02,5.690544650755358091e-02,4.976667370193188500e-02,6.103455269687078216e-02,1.121945594205013480e-18
