2.268698993537258015e-18,8.475370955843235243e-02,9.077670047471790571e-02,9.291320721375993796e-02,9.019362622469963287e-02,8.177756098701424725e-02
8.475370955843235243e-02,2.885621069428067768e-18,1.065550255935405893e-01,5.724287323214636430e-02,7.596153182934697878e-02,5.489559706967200858e-02
9.077670047471790571e-02,1.065550255935405893e-01,1.703311573082754759e-18,9.933931448492573646e-02,7.408198996002000880e-02,8.693383599613967172e-02
9.291320721375993796e-02,5.724287323214636430e-02,9.933931448492573646e-02,2.248985168609823078e-18,6.622572804205942298e-02,5.713362858676668266e-02
9.019362622469963287e-02,7.596153182934697878e-02,7.408198996002000880e-02,6.622572804205942298e-02,2.768097264390579092e-18,7.511775472725797098e-02
8.177756098701424725e-02,5.489559706967200858e-02,8.693383599613967172e-02,5.713362858676668266e-02,7.511775472725797098e-02,2.816015002344163230e-18
