2.763355011844451709e-18,1.006011760639530656e-01,1.001639049408669518e-01,1.023745649539840458e-01,9.943432831440028596e-02,4.531757167027727212e-02
1.006011760639530656e-01,2.557751766148324813e-18,4.087234197577340605e-02,7.046523599306504793e-02,8.049652889868995354e-02,9.962720821884339661e-02
1.001639049408669518e-01,4.087234197577340605e-02,3.301073963920289482e-18,7.628761727318268682e-02,7.439866028713838786e-02,8.513961213021115082e-02
1.023745649539840458e-01,7.046523599306504793e-02,7.628761727318268682e-02,2.551889289210701193e-18,3.448408022194337369e-02,6.061531019722288249e-02
9.943432831440028596e-02,8.049652889868995354e-02,7.439866028713838786e-02,3.448408022194337369e-02,2.950941361668376903e-18,5.515162463040423207e-02
4.531757167027727212e-02,9.962720821884339661e-02,8.513961213021115082e-02,6.061531019722288249e-02,5.515162463040423207e-02,3.289153315185936530e-18
