3.925195523280229404e-18,4.139219084798076431e-02,5.677469428261535528e-02,5.124850904852571581e-02,6.629123735452539801e-02,5.029538021652327218e-02
4.139219084798076431e-02,4.039001220218020623e-18,4.954561482997915656e-02,6.381171644398778153e-02,4.985851552493988925e-02,5.528939040541472338e-02
5.677469428261535528e-02,4.954561482997915656e-02,4.575942667254911301e-18,5.825521259254512474e-02,5.738723865980233790e-02,5.944545361139951661e-02
5.124850904852571581e-02,6.381171644398778153e-02,5.825521259254512474e-02,3.701605225545656052e-18,4.692834313470484880e-02,5.147499349478814462e-02
6.629123735452539801e-02,4.985851552493988925e-02,5.738723865980233790e-02,4.692834313470484880e-02,3.609506860982033629e-18,6.756801936803384645e-02
5.029538021652327218e-02,5.528939040541472338e-02,5.944545361139951661e-02,5.147499349478814462e-02,6.756801936803384645e-02,3.281347195718002389e-18
