3.621043533780964315e-18,5.405492289198923078e-02,6.116283033013750897e-02,7.107477791683890211e-02,9.474277779822753986e-02,5.391583720466052582e-02
5.405492289198923078e-02,2.215100695688523930e-18,4.852793436893476642e-02,6.460715502935654442e-02,6.395153710694297111e-02,6.493728670297785333e-02
6.116283033013750897e-02,4.852793436893476642e-02,2.647538313341531476e-18,4.099791686362237036e-02,6.589519439278790358e-02,6.596691190831935336e-02
7.107477791683890211e-02,6.460715502935654442e-02,4.099791686362237036e-02,2.971930828766925114e-18,7.008273509369623844e-02,1.073758010147068537e-01
9.474277779822753986e-02,6.395153710694297111e-02,6.589519439278790358e-02,7.008273509369623844e-02,1.383535993610948453e-18,4.743348829278879603e-02
5.391583720466052582e-02,6.493728670297785333e-02,6.596691190831935336e-02,1.073758010147068537e-01,4.743348829278879603e-02,1.974390380777777840e-18
