2.064020585884772377e-18,6.870851118114873479e-02,7.757743056857702157e-02,8.416265018386383245e-02,5.889307948452544156e-02,5.684569034291744177e-02
6.870851118114873479e-02,2.426558413694963571e-18,8.081059002759101439e-02,5.860445901093658955e-02,5.974937667964044102e-02,5.388046715602770598e-02
7.757743056857702157e-02,8.081059002759101439e-02,3.740936011422628114e-18,5.812283947526405981e-02,7.091165825079266682e-02,1.194343988282930841e-01
8.416265018386383245e-02,5.860445901093658955e-02,5.812283947526405981e-02,2.384296951975011694e-18,7.775558874935641074e-02,9.729844069884265034e-02
5.889307948452544156e-02,5.974937667964044102e-02,7.091165825079266682e-02,7.775558874935641074e-02,1.626645317100569588e-18,6.080551502454215745e-02
5.684569034291744177e-02,5.388046715602770598e-02,1.194343988282930841e-01,9.729844069884265034e-02,6.080551502454215745e-02,2.067914448160057843e-18
