1.000000000000000000e+00,8.290303217768767441e-01,8.397039224182621941e-01,8.373391500306363033e-01,8.293766002618124800e-01,8.330888641723387389e-01
8.290303217768767441e-01,1.000000000000000000e+00,8.456610725023253616e-01,8.354269373874224636e-01,8.324029070569075595e-01,8.347249291287690554e-01
8.397039224182621941e-01,8.456610725023253616e-01,1.000000000000000000e+00,8.528993040726898789e-01,8.425761547895501691e-01,8.417925927794711605e-01
8.373391500306363033e-01,8.354269373874224636e-01,8.528993040726898789e-01,1.000000000000000000e+00,8.485907818349364140e-01,8.359695148839280110e-01
8.293766002618124800e-01,8.324029070569075595e-01,8.425761547895501691e-01,8.485907818349364140e-01,1.000000000000000000e+00,8.375254600697168428e-01
8.330888641723387389e-01,8.347249291287690554e-01,8.417925927794711605e-01,8.359695148839280110e-01,8.375254600697168428e-01,1.000000000000000000e+00
