1.000000000000000000e+00,8.522693983649025640e-01,8.456036871108306707e-01,8.512921867957333744e-01,8.478860261950925681e-01,8.397585249469372570e-01
8.522693983649025640e-01,1.000000000000000000e+00,8.542405799928940446e-01,8.551906155556671107e-01,8.461940497176211329e-01,8.437383296728254711e-01
8.456036871108306707e-01,8.542405799928940446e-01,1.000000000000000000e+00,8.528040126659931497e-01,8.459296719061013548e-01,8.487230063715373030e-01
8.512921867957333744e-01,8.551906155556671107e-01,8.528040126659931497e-01,1.000000000000000000e+00,8.580443201086332961e-01,8.560409451819729343e-01
8.478860261950925681e-01,8.461940497176211329e-01,8.459296719061013548e-01,8.580443201086332961e-01,1.000000000000000000e+00,8.454913139528956734e-01
8.397585249469372570e-01,8.437383296728254711e-01,8.487230063715373030e-01,8.560409451819729343e-01,8.454913139528956734e-01,1.000000000000000000e+00
