1.000000000000000000e+00,8.404192294834221810e-01,8.462045515657364847e-01,8.462296249724334807e-01,8.425010899760393412e-01,8.373078017883806012e-01
8.404192294834221810e-01,1.000000000000000000e+00,8.496690196240036519e-01,8.393417803028450086e-01,8.354668596093435262e-01,8.319571835868263543e-01
8.462045515657364847e-01,8.496690196240036519e-01,1.000000000000000000e+00,8.526280005310131749e-01,8.548118974984659779e-01,8.500310142670094438e-01
8.462296249724334807e-01,8.393417803028450086e-01,8.526280005310131749e-01,1.000000000000000000e+00,8.468384605882421923e-01,8.488622915302902472e-01
8.425010899760393412e-01,8.354668596093435262e-01,8.548118974984659779e-01,8.468384605882421923e-01,1.000000000000000000e+00,8.491361016201883771e-01
8.373078017883806012e-01,8.319571835868263543e-01,8.500310142670094438e-01,8.488622915302902472e-01,8.491361016201883771e-01,1.000000000000000000e+00
