1.000000000000000000e+00,8.488767540523758370e-01,8.352417906285133364e-01,8.333226235440173157e-01,8.473125665841383380e-01,8.445806967076624483e-01
8.488767540523758370e-01,1.000000000000000000e+00,8.473895985707079470e-01,8.519316572464830095e-01,8.399135572495279867e-01,8.435259678026283403e-01
8.352417906285133364e-01,8.473895985707079470e-01,1.000000000000000000e+00,8.343656413705201613e-01,8.396006201314251127e-01,8.426909326807326961e-01
8.333226235440173157e-01,8.519316572464830095e-01,8.343656413705201613e-01,1.000000000000000000e+00,8.493461575913777706e-01,8.479638379962080030e-01
8.473125665841383380e-01,8.399135572495279867e-01,8.396006201314251127e-01,8.493461575913777706e-01,1.000000000000000000e+00,8.573968718683295798e-01
8.445806967076624483e-01,8.435259678026283403e-01,8.426909326807326961e-01,8.479638379962080030e-01,8.573968718683295798e-01,1.000000000000000000e+00
