1.000000000000000000e+00,8.542035675523736993e-01,8.476578537467163166e-01,8.585177203806990676e-01,8.524359696021153177e-01,8.515348131038552593e-01
8.542035675523736993e-01,1.000000000000000000e+00,8.517483406724526418e-01,8.612031548679818238e-01,8.501082210794851379e-01,8.518932233119526076e-01
8.476578537467163166e-01,8.517483406724526418e-01,1.000000000000000000e+00,8.549023484920713623e-01,8.521180182159117100e-01,8.529131488694344787e-01
8.585177203806990676e-01,8.612031548679818238e-01,8.549023484920713623e-01,1.000000000000000000e+00,8.595542510772054001e-01,8.537741998901836604e-01
8.524359696021153177e-01,8.501082210794851379e-01,8.521180182159117100e-01,8.595542510772054001e-01,1.000000000000000000e+00,8.480764991825671117e-01
8.515348131038552593e-01,8.518932233119526076e-01,8.529131488694344787e-01,8.537741998901836604e-01,8.480764991825671117e-01,1.000000000000000000e+00
