1.000000000000000000e+00,8.498780998191568514e-01,8.377703076390492498e-01,8.455300742248539336e-01,8.423605375890047542e-01,8.461973396168248618e-01
8.498780998191568514e-01,1.000000000000000000e+00,8.453778234736489816e-01,8.452775441444798643e-01,8.414249542845565477e-01,8.441011259460516891e-01
8.377703076390492498e-01,8.453778234736489816e-01,1.000000000000000000e+00,8.482081013265295732e-01,8.376598403455548514e-01,8.384257106196059128e-01
8.455300742248539336e-01,8.452775441444798643e-01,8.482081013265295732e-01,1.000000000000000000e+00,8.481545493056947826e-01,8.437022637391691227e-01
8.423605375890047542e-01,8.414249542845565477e-01,8.376598403455548514e-01,8.481545493056947826e-01,1.000000000000000000e+00,8.462479837826121232e-01
8.461973396168248618e-01,8.441011259460516891e-01,8.384257106196059128e-01,8.437022637391691227e-01,8.462479837826121232e-01,1.000000000000000000e+00
