1.000000000000000000e+00,8.266534084950051264e-01,8.451337153346023534e-01,8.379481327098953214e-01,8.421646610445395753e-01,8.385281917644409333e-01
8.266534084950051264e-01,1.000000000000000000e+00,8.329107366778064625e-01,8.338585254802090008e-01,8.326564303195881367e-01,8.302248883722381789e-01
8.451337153346023534e-01,8.329107366778064625e-01,1.000000000000000000e+00,8.452407997990807331e-01,8.425310883081641444e-01,8.482282265297347301e-01
8.379481327098953214e-01,8.338585254802090008e-01,8.452407997990807331e-01,1.000000000000000000e+00,8.517429107807702460e-01,8.473667128962310002e-01
8.421646610445395753e-01,8.326564303195881367e-01,8.425310883081641444e-01,8.517429107807702460e-01,1.000000000000000000e+00,8.447321102817614280e-01
8.385281917644409333e-01,8.302248883722381789e-01,8.482282265297347301e-01,8.473667128962310002e-01,8.447321102817614280e-01,1.000000000000000000e+00
