1.000000000000000000e+00,8.452267465067797581e-01,8.470865952213126882e-01,8.416690147140978295e-01,8.367245575074289121e-01,8.274332699023387860e-01
8.452267465067797581e-01,1.000000000000000000e+00,8.589067171623486763e-01,8.483776199095300896e-01,8.417112944239756311e-01,8.369942706983577452e-01
8.470865952213126882e-01,8.589067171623486763e-01,1.000000000000000000e+00,8.444944762472528232e-01,8.444536445629208243e-01,8.399341963881837847e-01
8.416690147140978295e-01,8.483776199095300896e-01,8.444944762472528232e-01,1.000000000000000000e+00,8.400977679603264248e-01,8.338408022644580031e-01
8.367245575074289121e-01,8.417112944239756311e-01,8.444536445629208243e-01,8.400977679603264248e-01,1.000000000000000000e+00,8.234533112878796857e-01
8.274332699023387860e-01,8.369942706983577452e-01,8.399341963881837847e-01,8.338408022644580031e-01,8.234533112878796857e-01,1.000000000000000000e+00
