1.000000000000000000e+00,8.309429597509371268e-01,8.459585616746433390e-01,8.470037481622298969e-01,8.312274812331641449e-01,8.322548955628334966e-01
8.309429597509371268e-01,1.000000000000000000e+00,8.401547749508865293e-01,8.350367834456112748e-01,8.234162483440359281e-01,8.305996596669961152e-01
8.459585616746433390e-01,8.401547749508865293e-01,1.000000000000000000e+00,8.484336987287132148e-01,8.318001544059548946e-01,8.509617343433625303e-01
8.470037481622298969e-01,8.350367834456112748e-01,8.484336987287132148e-01,1.000000000000000000e+00,8.390048091030419819e-01,8.482925947701865921e-01
8.312274812331641449e-01,8.234162483440359281e-01,8.318001544059548946e-01,8.390048091030419819e-01,1.000000000000000000e+00,8.284016669715308367e-01
8.322548955628334966e-01,8.305996596669961152e-01,8.509617343433625303e-01,8.482925947701865921e-01,8.284016669715308367e-01,1.000000000000000000e+00
