1.000000000000000000e+00,8.445072389140156899e-01,8.465079838180454841e-01,8.475087080780873139e-01,8.390038665748802416e-01,8.388329268423283525e-01
8.445072389140156899e-01,1.000000000000000000e+00,8.580717970076435774e-01,8.524605338167896562e-01,8.416758938992120465e-01,8.469714426644289196e-01
8.465079838180454841e-01,8.580717970076435774e-01,1.000000000000000000e+00,8.419859833539394822e-01,8.379117816126026019e-01,8.392546305412333929e-01
8.475087080780873139e-01,8.524605338167896562e-01,8.419859833539394822e-01,1.000000000000000000e+00,8.450014089811981322e-01,8.517453691908986046e-01
8.390038665748802416e-01,8.416758938992120465e-01,8.379117816126026019e-01,8.450014089811981322e-01,1.000000000000000000e+00,8.425752602861470431e-01
8.388329268423283525e-01,8.469714426644289196e-01,8.392546305412333929e-01,8.517453691908986046e-01,8.425752602861470431e-01,1.000000000000000000e+00
