1.000000000000000000e+00,8.377750794629535980e-01,8.355381003928755712e-01,8.443053658149174412e-01,8.337477318875879950e-01,8.393464015360602160e-01
8.377750794629535980e-01,1.000000000000000000e+00,8.522583609792552251e-01,8.476884117456791046e-01,8.457409446183925539e-01,8.445982508091302021e-01
8.355381003928755712e-01,8.522583609792552251e-01,1.000000000000000000e+00,8.451113835313449618e-01,8.397010180265258583e-01,8.433511273891599602e-01
8.443053658149174412e-01,8.476884117456791046e-01,8.451113835313449618e-01,1.000000000000000000e+00,8.557588169719720916e-01,8.505046832180678251e-01
8.337477318875879950e-01,8.457409446183925539e-01,8.397010180265258583e-01,8.557588169719720916e-01,1.000000000000000000e+00,8.490631426594110742e-01
8.393464015360602160e-01,8.445982508091302021e-01,8.433511273891599602e-01,8.505046832180678251e-01,8.490631426594110742e-01,1.000000000000000000e+00
