1.000000000000000000e+00,8.461790523753411897e-01,8.494233932628439954e-01,8.387503156187081643e-01,8.431545058958449523e-01,8.484479745483448632e-01
8.461790523753411897e-01,1.000000000000000000e+00,8.577164229270531903e-01,8.430782391698592448e-01,8.387539146993607808e-01,8.445946149029666117e-01
8.494233932628439954e-01,8.577164229270531903e-01,1.000000000000000000e+00,8.476847957740799577e-01,8.521619320175300993e-01,8.628655958511083357e-01
8.387503156187081643e-01,8.430782391698592448e-01,8.476847957740799577e-01,1.000000000000000000e+00,8.527358864806079408e-01,8.512167565899518840e-01
8.431545058958449523e-01,8.387539146993607808e-01,8.521619320175300993e-01,8.527358864806079408e-01,1.000000000000000000e+00,8.459666728403103519e-01
8.484479745483448632e-01,8.445946149029666117e-01,8.628655958511083357e-01,8.512167565899518840e-01,8.459666728403103519e-01,1.000000000000000000e+00
