1.000000000000000000e+00,8.406976979433297137e-01,8.479991763435036356e-01,8.498682844254412672e-01,8.478582424612316482e-01,8.414450498026927461e-01
8.406976979433297137e-01,1.000000000000000000e+00,8.483338707209012730e-01,8.394162360392192213e-01,8.407678543625974887e-01,8.401070126274682304e-01
8.479991763435036356e-01,8.483338707209012730e-01,1.000000000000000000e+00,8.510400212898044936e-01,8.574712028707013323e-01,8.467550374344309239e-01
8.498682844254412672e-01,8.394162360392192213e-01,8.510400212898044936e-01,1.000000000000000000e+00,8.580911223447024172e-01,8.442658846473949374e-01
8.478582424612316482e-01,8.407678543625974887e-01,8.574712028707013323e-01,8.580911223447024172e-01,1.000000000000000000e+00,8.507684358443601269e-01
8.414450498026927461e-01,8.401070126274682304e-01,8.467550374344309239e-01,8.442658846473949374e-01,8.507684358443601269e-01,1.000000000000000000e+00
