1.000000000000000000e+00,8.540820262642651040e-01,8.478816334136279886e-01,8.370252216367268794e-01,8.395421157390073885e-01,8.403279109202692609e-01
8.540820262642651040e-01,1.000000000000000000e+00,8.488615154676324437e-01,8.427967582822128989e-01,8.403032446508511555e-01,8.468074030124609353e-01
8.478816334136279886e-01,8.488615154676324437e-01,1.000000000000000000e+00,8.411119027549261995e-01,8.448272786920999478e-01,8.397205510735562539e-01
8.370252216367268794e-01,8.427967582822128989e-01,8.411119027549261995e-01,1.000000000000000000e+00,8.452487142336385650e-01,8.423996387771857108e-01
8.395421157390073885e-01,8.403032446508511555e-01,8.448272786920999478e-01,8.452487142336385650e-01,1.000000000000000000e+00,8.406408024491455189e-01
8.403279109202692609e-01,8.468074030124609353e-01,8.397205510735562539e-01,8.423996387771857108e-01,8.406408024491455189e-01,1.000000000000000000e+00
