1.000000000000000000e+00,8.436384480759225868e-01,8.413690347412102755e-01,8.467679707339054174e-01,8.435583321656126010e-01,8.258765837728277992e-01
8.436384480759225868e-01,1.000000000000000000e+00,8.463526125288997060e-01,8.301363340248785194e-01,8.370230163895803210e-01,8.407397857923903928e-01
8.413690347412102755e-01,8.463526125288997060e-01,1.000000000000000000e+00,8.372788879047153854e-01,8.390246571048787239e-01,8.288125133387369559e-01
8.467679707339054174e-01,8.301363340248785194e-01,8.372788879047153854e-01,1.000000000000000000e+00,8.340657887071453169e-01,8.287424052743107561e-01
8.435583321656126010e-01,8.370230163895803210e-01,8.390246571048787239e-01,8.340657887071453169e-01,1.000000000000000000e+00,8.376928227013480388e-01
8.258765837728277992e-01,8.407397857923903928e-01,8.288125133387369559e-01,8.287424052743107561e-01,8.376928227013480388e-01,1.000000000000000000e+00
