1.000000000000000000e+00,8.602359557237680976e-01,8.489054598703732468e-01,8.389016486968142727e-01,8.525305694247139465e-01,8.480018210260708011e-01
8.602359557237680976e-01,1.000000000000000000e+00,8.378742200110402827e-01,8.466483346289872536e-01,8.465909157107973648e-01,8.390345873110881536e-01
8.489054598703732468e-01,8.378742200110402827e-01,1.000000000000000000e+00,8.251798463993252897e-01,8.526775883291950464e-01,8.402672727321370827e-01
8.389016486968142727e-01,8.466483346289872536e-01,8.251798463993252897e-01,1.000000000000000000e+00,8.517196156595070455e-01,8.342198277030599129e-01
8.525305694247139465e-01,8.465909157107973648e-01,8.526775883291950464e-01,8.517196156595070455e-01,1.000000000000000000e+00,8.502392693327270878e-01
8.480018210260708011e-01,8.390345873110881536e-01,8.402672727321370827e-01,8.342198277030599129e-01,8.502392693327270878e-01,1.000000000000000000e+00
