1.000000000000000000e+00,8.577631612296311436e-01,8.463117176641663519e-01,8.398300965912223193e-01,8.340041048763220388e-01,8.428860560234835431e-01
8.577631612296311436e-01,1.000000000000000000e+00,8.481831443768531598e-01,8.520299690534104409e-01,8.416257656419059430e-01,8.375159605219361092e-01
8.463117176641663519e-01,8.481831443768531598e-01,1.000000000000000000e+00,8.378595963409359859e-01,8.364455398310391976e-01,8.318229173081871375e-01
8.398300965912223193e-01,8.520299690534104409e-01,8.378595963409359859e-01,1.000000000000000000e+00,8.525924534742546079e-01,8.400942156130661864e-01
8.340041048763220388e-01,8.416257656419059430e-01,8.364455398310391976e-01,8.525924534742546079e-01,1.000000000000000000e+00,8.392485856428084645e-01
8.428860560234835431e-01,8.375159605219361092e-01,8.318229173081871375e-01,8.400942156130661864e-01,8.392485856428084645e-01,1.000000000000000000e+00
