1.000000000000000000e+00,8.573003550767127612e-01,8.453071847896288515e-01,8.482246453641311135e-01,8.478322582885535752e-01,8.506193907017151057e-01
8.573003550767127612e-01,1.000000000000000000e+00,8.580093938646077278e-01,8.365862504024842439e-01,8.396163229852926513e-01,8.498105852377054736e-01
8.453071847896288515e-01,8.580093938646077278e-01,1.000000000000000000e+00,8.381975402617068971e-01,8.417112290481848502e-01,8.523338926426812234e-01
8.482246453641311135e-01,8.365862504024842439e-01,8.381975402617068971e-01,1.000000000000000000e+00,8.466037328340118018e-01,8.471913547589453586e-01
8.478322582885535752e-01,8.396163229852926513e-01,8.417112290481848502e-01,8.466037328340118018e-01,1.000000000000000000e+00,8.575655878839038015e-01
8.506193907017151057e-01,8.498105852377054736e-01,8.523338926426812234e-01,8.471913547589453586e-01,8.575655878839038015e-01,1.000000000000000000e+00
