1.000000000000000000e+00,8.571487750463967492e-01,8.347208806340140619e-01,8.384986886412423290e-01,8.466142692981830642e-01,8.351635820553832135e-01
8.571487750463967492e-01,1.000000000000000000e+00,8.473320270978331736e-01,8.445470152815212073e-01,8.442995239368213944e-01,8.380795118533485022e-01
8.347208806340140619e-01,8.473320270978331736e-01,1.000000000000000000e+00,8.299518854402502255e-01,8.364736543799939916e-01,8.355479659868331188e-01
8.384986886412423290e-01,8.445470152815212073e-01,8.299518854402502255e-01,1.000000000000000000e+00,8.561797972300251303e-01,8.426250953777190134e-01
8.466142692981830642e-01,8.442995239368213944e-01,8.364736543799939916e-01,8.561797972300251303e-01,1.000000000000000000e+00,8.438927742059852966e-01
8.351635820553832135e-01,8.380795118533485022e-01,8.355479659868331188e-01,8.426250953777190134e-01,8.438927742059852966e-01,1.000000000000000000e+00
