1.000000000000000000e+00,8.414806818018171208e-01,8.305631051907821361e-01,8.410135060755146164e-01,8.326547129512201773e-01,8.301538276327176114e-01
8.414806818018171208e-01,1.000000000000000000e+00,8.467672840478365215e-01,8.500244617783764278e-01,8.480021353503159887e-01,8.403833351521096118e-01
8.305631051907821361e-01,8.467672840478365215e-01,1.000000000000000000e+00,8.445984660625182050e-01,8.367715917431021166e-01,8.331659013456502727e-01
8.410135060755146164e-01,8.500244617783764278e-01,8.445984660625182050e-01,1.000000000000000000e+00,8.560765193393002903e-01,8.547348945007572363e-01
8.326547129512201773e-01,8.480021353503159887e-01,8.367715917431021166e-01,8.560765193393002903e-01,1.000000000000000000e+00,8.416675423678486867e-01
8.301538276327176114e-01,8.403833351521096118e-01,8.331659013456502727e-01,8.547348945007572363e-01,8.416675423678486867e-01,1.000000000000000000e+00
