1.000000000000000000e+00,8.424328098446983715e-01,8.427332488745168382e-01,8.394266980702279612e-01,8.404827479512957389e-01,8.408084412103252747e-01
8.424328098446983715e-01,1.000000000000000000e+00,8.473925991059482188e-01,8.438995405836040575e-01,8.442460249294033714e-01,8.460268597084820152e-01
8.427332488745168382e-01,8.473925991059482188e-01,1.000000000000000000e+00,8.436744049418583025e-01,8.464408660643339966e-01,8.492417941600444165e-01
8.394266980702279612e-01,8.438995405836040575e-01,8.436744049418583025e-01,1.000000000000000000e+00,8.458491863695397628e-01,8.503707524616780367e-01
8.404827479512957389e-01,8.442460249294033714e-01,8.464408660643339966e-01,8.458491863695397628e-01,1.000000000000000000e+00,8.551984268186955118e-01
8.408084412103252747e-01,8.460268597084820152e-01,8.492417941600444165e-01,8.503707524616780367e-01,8.551984268186955118e-01,1.000000000000000000e+00
