1.000000000000000000e+00,8.485399690247885651e-01,8.475330462348721339e-01,8.410765889050394462e-01,8.504665497203874880e-01,8.342687148893007665e-01
8.485399690247885651e-01,1.000000000000000000e+00,8.551592760765562851e-01,8.485266070609237543e-01,8.482644924785248675e-01,8.356029001260618649e-01
8.475330462348721339e-01,8.551592760765562851e-01,1.000000000000000000e+00,8.480785125747142272e-01,8.516787780725252333e-01,8.348555740537956238e-01
8.410765889050394462e-01,8.485266070609237543e-01,8.480785125747142272e-01,1.000000000000000000e+00,8.575061359539932759e-01,8.434013335626630026e-01
8.504665497203874880e-01,8.482644924785248675e-01,8.516787780725252333e-01,8.575061359539932759e-01,1.000000000000000000e+00,8.404283110681701752e-01
8.342687148893007665e-01,8.356029001260618649e-01,8.348555740537956238e-01,8.434013335626630026e-01,8.404283110681701752e-01,1.000000000000000000e+00
