1.000000000000000000e+00,8.349566658687637144e-01,8.457025768322198322e-01,8.395774335301403601e-01,8.402429457362051712e-01,8.358959017691249826e-01
8.349566658687637144e-01,1.000000000000000000e+00,8.434111140659922290e-01,8.373402921524722986e-01,8.373047329928766658e-01,8.340021459121654823e-01
8.457025768322198322e-01,8.434111140659922290e-01,1.000000000000000000e+00,8.365567341247189814e-01,8.444283926706145360e-01,8.459014103921728145e-01
8.395774335301403601e-01,8.373402921524722986e-01,8.365567341247189814e-01,1.000000000000000000e+00,8.409832367076092163e-01,8.418986380702179195e-01
8.402429457362051712e-01,8.373047329928766658e-01,8.444283926706145360e-01,8.409832367076092163e-01,1.000000000000000000e+00,8.469430438378565684e-01
8.358959017691249826e-01,8.340021459121654823e-01,8.459014103921728145e-01,8.418986380702179195e-01,8.469430438378565684e-01,1.000000000000000000e+00
