1.000000000000000000e+00,8.565879814429963046e-01,8.429348857288826435e-01,8.416709446192158772e-01,8.439811986453212844e-01,8.500980286601903524e-01
8.565879814429963046e-01,1.000000000000000000e+00,8.498373011178763647e-01,8.459910413692317555e-01,8.503821942400152656e-01,8.576492374016287945e-01
8.429348857288826435e-01,8.498373011178763647e-01,1.000000000000000000e+00,8.417609441535930381e-01,8.415402841291984570e-01,8.446650284131386188e-01
8.416709446192158772e-01,8.459910413692317555e-01,8.417609441535930381e-01,1.000000000000000000e+00,8.373675782196242645e-01,8.442613150350716245e-01
8.439811986453212844e-01,8.503821942400152656e-01,8.415402841291984570e-01,8.373675782196242645e-01,1.000000000000000000e+00,8.437465771290731942e-01
8.500980286601903524e-01,8.576492374016287945e-01,8.446650284131386188e-01,8.442613150350716245e-01,8.437465771290731942e-01,1.000000000000000000e+00
