1.000000000000000000e+00,8.498299872611276840e-01,8.394020595075083468e-01,8.475183189135586659e-01,8.422627547189156516e-01,8.312608882199633564e-01
8.498299872611276840e-01,1.000000000000000000e+00,8.444843772711817520e-01,8.526828667758765690e-01,8.464864394742273035e-01,8.497263161952571808e-01
8.394020595075083468e-01,8.444843772711817520e-01,1.000000000000000000e+00,8.453498641656175261e-01,8.404740861675126240e-01,8.436232276526181018e-01
8.475183189135586659e-01,8.526828667758765690e-01,8.453498641656175261e-01,1.000000000000000000e+00,8.592322300862452744e-01,8.566195632294602014e-01
8.422627547189156516e-01,8.464864394742273035e-01,8.404740861675126240e-01,8.592322300862452744e-01,1.000000000000000000e+00,8.578691822736290717e-01
8.312608882199633564e-01,8.497263161952571808e-01,8.436232276526181018e-01,8.566195632294602014e-01,8.578691822736290717e-01,1.000000000000000000e+00
