1.000000000000000000e+00,8.554133617806333190e-01,8.493850132043654355e-01,8.476102735669170940e-01,8.407851855087647985e-01,8.451124701485426272e-01
8.554133617806333190e-01,1.000000000000000000e+00,8.646529858616727182e-01,8.496735717552942324e-01,8.444764586134142492e-01,8.499581943808606210e-01
8.493850132043654355e-01,8.646529858616727182e-01,1.000000000000000000e+00,8.392045920954170901e-01,8.337076654226391881e-01,8.486724868183612713e-01
8.476102735669170940e-01,8.496735717552942324e-01,8.392045920954170901e-01,1.000000000000000000e+00,8.361949773943297970e-01,8.380960161897358374e-01
8.407851855087647985e-01,8.444764586134142492e-01,8.337076654226391881e-01,8.361949773943297970e-01,1.000000000000000000e+00,8.392693308939565000e-01
8.451124701485426272e-01,8.499581943808606210e-01,8.486724868183612713e-01,8.380960161897358374e-01,8.392693308939565000e-01,1.000000000000000000e+00
