1.000000000000000000e+00,8.559748083852826150e-01,8.446056703041829872e-01,8.559071819643689905e-01,8.542352900627744328e-01,8.447393888440246634e-01
8.559748083852826150e-01,1.000000000000000000e+00,8.436023401352900075e-01,8.440206622138064496e-01,8.478748817836122553e-01,8.465629048756175834e-01
8.446056703041829872e-01,8.436023401352900075e-01,1.000000000000000000e+00,8.362384486277707474e-01,8.374248598045536118e-01,8.303828806069187829e-01
8.559071819643689905e-01,8.440206622138064496e-01,8.362384486277707474e-01,1.000000000000000000e+00,8.406513946001533677e-01,8.483177077057780791e-01
8.542352900627744328e-01,8.478748817836122553e-01,8.374248598045536118e-01,8.406513946001533677e-01,1.000000000000000000e+00,8.517700415111865153e-01
8.447393888440246634e-01,8.465629048756175834e-01,8.303828806069187829e-01,8.483177077057780791e-01,8.517700415111865153e-01,1.000000000000000000e+00
