1.000000000000000000e+00,8.676818196276750994e-01,8.607667163646759434e-01,8.424590775202794868e-01,8.500183706632133962e-01,8.456862371953045576e-01
8.676818196276750994e-01,1.000000000000000000e+00,8.687955710826829048e-01,8.435010795328549138e-01,8.672454685303171429e-01,8.478915748567102950e-01
8.607667163646759434e-01,8.687955710826829048e-01,1.000000000000000000e+00,8.392650203233901207e-01,8.519436419898488433e-01,8.540631107113020315e-01
8.424590775202794868e-01,8.435010795328549138e-01,8.392650203233901207e-01,1.000000000000000000e+00,8.426332219819488989e-01,8.430804354676485479e-01
8.500183706632133962e-01,8.672454685303171429e-01,8.519436419898488433e-01,8.426332219819488989e-01,1.000000000000000000e+00,8.493473595200643489e-01
8.456862371953045576e-01,8.478915748567102950e-01,8.540631107113020315e-01,8.430804354676485479e-01,8.493473595200643489e-01,1.000000000000000000e+00
