1.000000000000000000e+00,8.433935709602100594e-01,8.383136683033417524e-01,8.519468045669921219e-01,8.491369849167784700e-01,8.372889788098810682e-01
8.433935709602100594e-01,1.000000000000000000e+00,8.518956965010571203e-01,8.518502972970295462e-01,8.477241512298259174e-01,8.381875973629694387e-01
8.383136683033417524e-01,8.518956965010571203e-01,1.000000000000000000e+00,8.469030959088383881e-01,8.474145992253686588e-01,8.440433418144294153e-01
8.519468045669921219e-01,8.518502972970295462e-01,8.469030959088383881e-01,1.000000000000000000e+00,8.643742339695705823e-01,8.507971515969093845e-01
8.491369849167784700e-01,8.477241512298259174e-01,8.474145992253686588e-01,8.643742339695705823e-01,1.000000000000000000e+00,8.555863106695951181e-01
8.372889788098810682e-01,8.381875973629694387e-01,8.440433418144294153e-01,8.507971515969093845e-01,8.555863106695951181e-01,1.000000000000000000e+00
