1.000000000000000000e+00,8.561236756088680400e-01,8.566370531741521743e-01,8.443948044081945881e-01,8.306583721615271587e-01,8.449326802050256546e-01
8.561236756088680400e-01,1.000000000000000000e+00,8.556715506984592379e-01,8.458313647847158778e-01,8.351305095464578443e-01,8.506455617729110630e-01
8.566370531741521743e-01,8.556715506984592379e-01,1.000000000000000000e+00,8.438032369645939168e-01,8.250658871396897576e-01,8.431269439243700425e-01
8.443948044081945881e-01,8.458313647847158778e-01,8.438032369645939168e-01,1.000000000000000000e+00,8.431525651697141521e-01,8.482582397043941791e-01
8.306583721615271587e-01,8.351305095464578443e-01,8.250658871396897576e-01,8.431525651697141521e-01,1.000000000000000000e+00,8.377161273150529608e-01
8.449326802050256546e-01,8.506455617729110630e-01,8.431269439243700425e-01,8.482582397043941791e-01,8.377161273150529608e-01,1.000000000000000000e+00
