1.000000000000000000e+00,8.479677523837246822e-01,8.456263583796087557e-01,8.479185799257914491e-01,8.441019207609418151e-01,8.365987776956566035e-01
8.479677523837246822e-01,1.000000000000000000e+00,8.613338482880216196e-01,8.501081350454006147e-01,8.534694901726495031e-01,8.389963251006377076e-01
8.456263583796087557e-01,8.613338482880216196e-01,1.000000000000000000e+00,8.528536350675978150e-01,8.445204487979883767e-01,8.489343146671571860e-01
8.479185799257914491e-01,8.501081350454006147e-01,8.528536350675978150e-01,1.000000000000000000e+00,8.528565955308703428e-01,8.401918288548050340e-01
8.441019207609418151e-01,8.534694901726495031e-01,8.445204487979883767e-01,8.528565955308703428e-01,1.000000000000000000e+00,8.357380331683320618e-01
8.365987776956566035e-01,8.389963251006377076e-01,8.489343146671571860e-01,8.401918288548050340e-01,8.357380331683320618e-01,1.000000000000000000e+00
