1.000000000000000000e+00,8.400589459964002970e-01,8.479762131929889923e-01,8.468583198121110156e-01,8.565492046313658570e-01,8.421522956459109865e-01
8.400589459964002970e-01,1.000000000000000000e+00,8.463172452922002043e-01,8.504594525086678347e-01,8.511055069387211125e-01,8.389049769082447261e-01
8.479762131929889923e-01,8.463172452922002043e-01,1.000000000000000000e+00,8.496721906232403976e-01,8.490327114172423473e-01,8.472344385191652449e-01
8.468583198121110156e-01,8.504594525086678347e-01,8.496721906232403976e-01,1.000000000000000000e+00,8.627228334205545579e-01,8.479981381545730335e-01
8.565492046313658570e-01,8.511055069387211125e-01,8.490327114172423473e-01,8.627228334205545579e-01,1.000000000000000000e+00,8.492312806817624571e-01
8.421522956459109865e-01,8.389049769082447261e-01,8.472344385191652449e-01,8.479981381545730335e-01,8.492312806817624571e-01,1.000000000000000000e+00
