1.000000000000000000e+00,8.470703766345656360e-01,8.386640953504612694e-01,8.511728221211560808e-01,8.522915398561653477e-01,8.466491538352430846e-01
8.470703766345656360e-01,1.000000000000000000e+00,8.384535712168778021e-01,8.579477236324207778e-01,8.524878373931791264e-01,8.505026354829636759e-01
8.386640953504612694e-01,8.384535712168778021e-01,1.000000000000000000e+00,8.442564736798923164e-01,8.425553496025698363e-01,8.398751167557331199e-01
8.511728221211560808e-01,8.579477236324207778e-01,8.442564736798923164e-01,1.000000000000000000e+00,8.590437750614289270e-01,8.600981868394033114e-01
8.522915398561653477e-01,8.524878373931791264e-01,8.425553496025698363e-01,8.590437750614289270e-01,1.000000000000000000e+00,8.511540984900883844e-01
8.466491538352430846e-01,8.505026354829636759e-01,8.398751167557331199e-01,8.600981868394033114e-01,8.511540984900883844e-01,1.000000000000000000e+00
