1.000000000000000000e+00,8.553104552985461018e-01,8.475116629110531763e-01,8.443947821723548630e-01,8.478117769326574127e-01,8.507178921310235564e-01
8.553104552985461018e-01,1.000000000000000000e+00,8.473807930058282478e-01,8.457302786516390780e-01,8.534988298544211593e-01,8.505783369959027951e-01
8.475116629110531763e-01,8.473807930058282478e-01,1.000000000000000000e+00,8.541472072812014149e-01,8.536502467536913885e-01,8.445339567838098249e-01
8.443947821723548630e-01,8.457302786516390780e-01,8.541472072812014149e-01,1.000000000000000000e+00,8.436769290810021138e-01,8.496506269148277335e-01
8.478117769326574127e-01,8.534988298544211593e-01,8.536502467536913885e-01,8.436769290810021138e-01,1.000000000000000000e+00,8.481168793013033058e-01
8.507178921310235564e-01,8.505783369959027951e-01,8.445339567838098249e-01,8.496506269148277335e-01,8.481168793013033058e-01,1.000000000000000000e+00
