1.000000000000000000e+00,8.554414624773554188e-01,8.421713847669080044e-01,8.410638712290808838e-01,8.365514676987869658e-01,8.389369327392581788e-01
8.554414624773554188e-01,1.000000000000000000e+00,8.422733141456335559e-01,8.461814261557151218e-01,8.415294607162054907e-01,8.466943862033297075e-01
8.421713847669080044e-01,8.422733141456335559e-01,1.000000000000000000e+00,8.440591659584981699e-01,8.337192986496865243e-01,8.497578271090949764e-01
8.410638712290808838e-01,8.461814261557151218e-01,8.440591659584981699e-01,1.000000000000000000e+00,8.411724382607826955e-01,8.431086698563210469e-01
8.365514676987869658e-01,8.415294607162054907e-01,8.337192986496865243e-01,8.411724382607826955e-01,1.000000000000000000e+00,8.329376825168685050e-01
8.389369327392581788e-01,8.466943862033297075e-01,8.497578271090949764e-01,8.431086698563210469e-01,8.329376825168685050e-01,1.000000000000000000e+00
