1.000000000000000000e+00,8.687595473063365326e-01,8.567634385304696565e-01,8.542784715583547905e-01,8.482632284213812435e-01,8.520281674224737811e-01
8.687595473063365326e-01,1.000000000000000000e+00,8.565962867352735488e-01,8.547754350457252848e-01,8.491024962603720416e-01,8.552108835585620072e-01
8.567634385304696565e-01,8.565962867352735488e-01,1.000000000000000000e+00,8.459387069400428061e-01,8.468525733705148939e-01,8.482855216300775325e-01
8.542784715583547905e-01,8.547754350457252848e-01,8.459387069400428061e-01,1.000000000000000000e+00,8.427140980590349661e-01,8.577423382509220540e-01
8.482632284213812435e-01,8.491024962603720416e-01,8.468525733705148939e-01,8.427140980590349661e-01,1.000000000000000000e+00,8.511294007141039231e-01
8.520281674224737811e-01,8.552108835585620072e-01,8.482855216300775325e-01,8.577423382509220540e-01,8.511294007141039231e-01,1.000000000000000000e+00
