1.000000000000000000e+00,8.417895110611651743e-01,8.503628761657071600e-01,8.375862192853839039e-01,8.391824469236768280e-01,8.392649814041770462e-01
8.417895110611651743e-01,1.000000000000000000e+00,8.548133999916749381e-01,8.331283076767496132e-01,8.496789554551679169e-01,8.450809965991353812e-01
8.503628761657071600e-01,8.548133999916749381e-01,1.000000000000000000e+00,8.435076392511996479e-01,8.562557724316642860e-01,8.517525355482589156e-01
8.375862192853839039e-01,8.331283076767496132e-01,8.435076392511996479e-01,1.000000000000000000e+00,8.440821462185664759e-01,8.459737665111167759e-01
8.391824469236768280e-01,8.496789554551679169e-01,8.562557724316642860e-01,8.440821462185664759e-01,1.000000000000000000e+00,8.480938044822708965e-01
8.392649814041770462e-01,8.450809965991353812e-01,8.517525355482589156e-01,8.459737665111167759e-01,8.480938044822708965e-01,1.000000000000000000e+00
