1.000000000000000000e+00,8.406460031683700151e-01,8.385103776168257861e-01,8.380327262807273359e-01,8.425489722438593843e-01,8.460022020107396123e-01
8.406460031683700151e-01,1.000000000000000000e+00,8.452202435393264546e-01,8.366777206064046624e-01,8.348678649306178201e-01,8.448310755944867800e-01
8.385103776168257861e-01,8.452202435393264546e-01,1.000000000000000000e+00,8.365251681489812574e-01,8.528496377510809134e-01,8.469473200187990214e-01
8.380327262807273359e-01,8.366777206064046624e-01,8.365251681489812574e-01,1.000000000000000000e+00,8.416621174340531697e-01,8.447081907071304352e-01
8.425489722438593843e-01,8.348678649306178201e-01,8.528496377510809134e-01,8.416621174340531697e-01,1.000000000000000000e+00,8.494950962210484624e-01
8.460022020107396123e-01,8.448310755944867800e-01,8.469473200187990214e-01,8.447081907071304352e-01,8.494950962210484624e-01,1.000000000000000000e+00
