1.000000000000000000e+00,8.663697027253808303e-01,8.545600149158918413e-01,8.525102050029570444e-01,8.515212000326504160e-01,8.533169166017239293e-01
8.663697027253808303e-01,1.000000000000000000e+00,8.457463873219158712e-01,8.490195422168579364e-01,8.445334797247942005e-01,8.529663084770825465e-01
8.545600149158918413e-01,8.457463873219158712e-01,1.000000000000000000e+00,8.508423142264828209e-01,8.386946531992366394e-01,8.400455144266700813e-01
8.525102050029570444e-01,8.490195422168579364e-01,8.508423142264828209e-01,1.000000000000000000e+00,8.468779849016745409e-01,8.590608782778389463e-01
8.515212000326504160e-01,8.445334797247942005e-01,8.386946531992366394e-01,8.468779849016745409e-01,1.000000000000000000e+00,8.454035079874326897e-01
8.533169166017239293e-01,8.529663084770825465e-01,8.400455144266700813e-01,8.590608782778389463e-01,8.454035079874326897e-01,1.000000000000000000e+00
