1.000000000000000000e+00,8.428991601764533881e-01,8.359249657096827768e-01,8.457781296640267676e-01,8.415037281287122140e-01,8.286158129944799500e-01
8.428991601764533881e-01,1.000000000000000000e+00,8.475243101804991186e-01,8.485844776812362378e-01,8.515048723358876748e-01,8.373762881431657812e-01
8.359249657096827768e-01,8.475243101804991186e-01,1.000000000000000000e+00,8.390095544248351578e-01,8.449578796684663606e-01,8.328538017302694607e-01
8.457781296640267676e-01,8.485844776812362378e-01,8.390095544248351578e-01,1.000000000000000000e+00,8.714895400836489836e-01,8.627212562333773649e-01
8.415037281287122140e-01,8.515048723358876748e-01,8.449578796684663606e-01,8.714895400836489836e-01,1.000000000000000000e+00,8.654678984547481413e-01
8.286158129944799500e-01,8.373762881431657812e-01,8.328538017302694607e-01,8.627212562333773649e-01,8.654678984547481413e-01,1.000000000000000000e+00
