1.000000000000000000e+00,8.458381352108076401e-01,8.352449687060637951e-01,8.377718731911891759e-01,8.419707752293087433e-01,8.373841980734768597e-01
8.458381352108076401e-01,1.000000000000000000e+00,8.520913275593090530e-01,8.547325661855911250e-01,8.444819874044607877e-01,8.496803900504291684e-01
8.352449687060637951e-01,8.520913275593090530e-01,1.000000000000000000e+00,8.559991454810300660e-01,8.487837476830355499e-01,8.452107078778775540e-01
8.377718731911891759e-01,8.547325661855911250e-01,8.559991454810300660e-01,1.000000000000000000e+00,8.601128831564951449e-01,8.506859068438052951e-01
8.419707752293087433e-01,8.444819874044607877e-01,8.487837476830355499e-01,8.601128831564951449e-01,1.000000000000000000e+00,8.575173437278165167e-01
8.373841980734768597e-01,8.496803900504291684e-01,8.452107078778775540e-01,8.506859068438052951e-01,8.575173437278165167e-01,1.000000000000000000e+00
