1.000000000000000000e+00,8.476540261844042190e-01,8.477050054772661269e-01,8.479751874323183669e-01,8.434223988909139713e-01,8.506457899191312011e-01
8.476540261844042190e-01,1.000000000000000000e+00,8.436547979908500805e-01,8.459206862503929614e-01,8.405913164907207191e-01,8.555184405434436146e-01
8.477050054772661269e-01,8.436547979908500805e-01,1.000000000000000000e+00,8.358352640760838836e-01,8.384436097766766460e-01,8.528723107104342338e-01
8.479751874323183669e-01,8.459206862503929614e-01,8.358352640760838836e-01,1.000000000000000000e+00,8.458768074105481594e-01,8.573592538976959609e-01
8.434223988909139713e-01,8.405913164907207191e-01,8.384436097766766460e-01,8.458768074105481594e-01,1.000000000000000000e+00,8.551095068089950013e-01
8.506457899191312011e-01,8.555184405434436146e-01,8.528723107104342338e-01,8.573592538976959609e-01,8.551095068089950013e-01,1.000000000000000000e+00
