1.000000000000000000e+00,8.584352303524100947e-01,8.418118420566522708e-01,8.352367721394321487e-01,8.460087029897930266e-01,8.514658817153328840e-01
8.584352303524100947e-01,1.000000000000000000e+00,8.554629511927195340e-01,8.552009563045613882e-01,8.604563468842726381e-01,8.591969093954685555e-01
8.418118420566522708e-01,8.554629511927195340e-01,1.000000000000000000e+00,8.416323858865174534e-01,8.519077612523715537e-01,8.459082353828546452e-01
8.352367721394321487e-01,8.552009563045613882e-01,8.416323858865174534e-01,1.000000000000000000e+00,8.415917127817656995e-01,8.453243255810845014e-01
8.460087029897930266e-01,8.604563468842726381e-01,8.519077612523715537e-01,8.415917127817656995e-01,1.000000000000000000e+00,8.525104483497787378e-01
8.514658817153328840e-01,8.591969093954685555e-01,8.459082353828546452e-01,8.453243255810845014e-01,8.525104483497787378e-01,1.000000000000000000e+00
