1.000000000000000000e+00,8.532786876545753740e-01,8.516581147476663949e-01,8.400195958869867141e-01,8.523670585570806146e-01,8.395236396431058346e-01
8.532786876545753740e-01,1.000000000000000000e+00,8.562835704328529696e-01,8.510920854315761064e-01,8.552135891743667395e-01,8.425946238102838270e-01
8.516581147476663949e-01,8.562835704328529696e-01,1.000000000000000000e+00,8.393014679418385748e-01,8.564923376613114980e-01,8.438761862465703478e-01
8.400195958869867141e-01,8.510920854315761064e-01,8.393014679418385748e-01,1.000000000000000000e+00,8.467538678605673885e-01,8.413750817222815925e-01
8.523670585570806146e-01,8.552135891743667395e-01,8.564923376613114980e-01,8.467538678605673885e-01,1.000000000000000000e+00,8.530545412736323385e-01
8.395236396431058346e-01,8.425946238102838270e-01,8.438761862465703478e-01,8.413750817222815925e-01,8.530545412736323385e-01,1.000000000000000000e+00
