1.000000000000000000e+00,8.378293213365658465e-01,8.538905734246245993e-01,8.457373528899045922e-01,8.462281601702862366e-01,8.501123647195387711e-01
8.378293213365658465e-01,1.000000000000000000e+00,8.416864234734893202e-01,8.443104423613764231e-01,8.413124856554684561e-01,8.352769574081015946e-01
8.538905734246245993e-01,8.416864234734893202e-01,1.000000000000000000e+00,8.495497820203320449e-01,8.565612257252454009e-01,8.492049177548119943e-01
8.457373528899045922e-01,8.443104423613764231e-01,8.495497820203320449e-01,1.000000000000000000e+00,8.601518920310454730e-01,8.535955467594690260e-01
8.462281601702862366e-01,8.413124856554684561e-01,8.565612257252454009e-01,8.601518920310454730e-01,1.000000000000000000e+00,8.593859418398687167e-01
8.501123647195387711e-01,8.352769574081015946e-01,8.492049177548119943e-01,8.535955467594690260e-01,8.593859418398687167e-01,1.000000000000000000e+00
