1.000000000000000000e+00,8.550473620873167979e-01,8.435764851305030954e-01,8.435282542750464074e-01,8.538891193451920714e-01,8.569496014140908224e-01
8.550473620873167979e-01,1.000000000000000000e+00,8.446684638744228479e-01,8.397017403757516263e-01,8.518050588453237593e-01,8.470093546972353726e-01
8.435764851305030954e-01,8.446684638744228479e-01,1.000000000000000000e+00,8.346390156270812044e-01,8.416803263460455042e-01,8.434735780950500805e-01
8.435282542750464074e-01,8.397017403757516263e-01,8.346390156270812044e-01,1.000000000000000000e+00,8.526195633962242448e-01,8.419546180677306424e-01
8.538891193451920714e-01,8.518050588453237593e-01,8.416803263460455042e-01,8.526195633962242448e-01,1.000000000000000000e+00,8.541349117306628047e-01
8.569496014140908224e-01,8.470093546972353726e-01,8.434735780950500805e-01,8.419546180677306424e-01,8.541349117306628047e-01,1.000000000000000000e+00
