1.000000000000000000e+00,8.405324731043348763e-01,8.236180626396971682e-01,8.302648118226882978e-01,8.343082598580574549e-01,8.441998656168591131e-01
8.405324731043348763e-01,1.000000000000000000e+00,8.402254100225626798e-01,8.362724120093055769e-01,8.523599482691074369e-01,8.559713172169889361e-01
8.236180626396971682e-01,8.402254100225626798e-01,1.000000000000000000e+00,8.261473548727957805e-01,8.364206783880817619e-01,8.372316855600941965e-01
8.302648118226882978e-01,8.362724120093055769e-01,8.261473548727957805e-01,1.000000000000000000e+00,8.534917433302312562e-01,8.495003968335025357e-01
8.343082598580574549e-01,8.523599482691074369e-01,8.364206783880817619e-01,8.534917433302312562e-01,1.000000000000000000e+00,8.647430454670484989e-01
8.441998656168591131e-01,8.559713172169889361e-01,8.372316855600941965e-01,8.495003968335025357e-01,8.647430454670484989e-01,1.000000000000000000e+00
