1.000000000000000000e+00,8.382208428093389507e-01,8.363757461598285703e-01,8.466697605167193830e-01,8.338704737704204506e-01,8.298503340980382115e-01
8.382208428093389507e-01,1.000000000000000000e+00,8.435084526604893496e-01,8.472715169906482879e-01,8.383296354672489237e-01,8.383459706896493335e-01
8.363757461598285703e-01,8.435084526604893496e-01,1.000000000000000000e+00,8.396778407487511808e-01,8.416514034137750899e-01,8.400925893248020193e-01
8.466697605167193830e-01,8.472715169906482879e-01,8.396778407487511808e-01,1.000000000000000000e+00,8.477999318452617006e-01,8.610571974935999906e-01
8.338704737704204506e-01,8.383296354672489237e-01,8.416514034137750899e-01,8.477999318452617006e-01,1.000000000000000000e+00,8.414233793202655631e-01
8.298503340980382115e-01,8.383459706896493335e-01,8.400925893248020193e-01,8.610571974935999906e-01,8.414233793202655631e-01,1.000000000000000000e+00
