1.000000000000000000e+00,8.550686379678730242e-01,8.459660224451702737e-01,8.478503863568146448e-01,8.374211731549952020e-01,8.517503746674743859e-01
8.550686379678730242e-01,1.000000000000000000e+00,8.578458653154684699e-01,8.530065095079343296e-01,8.466251889355947968e-01,8.576761182221718238e-01
8.459660224451702737e-01,8.578458653154684699e-01,1.000000000000000000e+00,8.494574538127177554e-01,8.370461886463363976e-01,8.494972268760490053e-01
8.478503863568146448e-01,8.530065095079343296e-01,8.494574538127177554e-01,1.000000000000000000e+00,8.622022044225010617e-01,8.609394690832753438e-01
8.374211731549952020e-01,8.466251889355947968e-01,8.370461886463363976e-01,8.622022044225010617e-01,1.000000000000000000e+00,8.509693982531167933e-01
8.517503746674743859e-01,8.576761182221718238e-01,8.494972268760490053e-01,8.609394690832753438e-01,8.509693982531167933e-01,1.000000000000000000e+00
