1.000000000000000000e+00,8.527715578400343333e-01,8.600411274409661688e-01,8.453241181087975953e-01,8.415908843746406909e-01,8.382804295840667885e-01
8.527715578400343333e-01,1.000000000000000000e+00,8.587453789632856216e-01,8.479779391491505391e-01,8.316651344928822631e-01,8.426232946492748788e-01
8.600411274409661688e-01,8.587453789632856216e-01,1.000000000000000000e+00,8.536248675069754155e-01,8.395862152798198030e-01,8.493263883443903373e-01
8.453241181087975953e-01,8.479779391491505391e-01,8.536248675069754155e-01,1.000000000000000000e+00,8.436432979629530093e-01,8.425674572244147287e-01
8.415908843746406909e-01,8.316651344928822631e-01,8.395862152798198030e-01,8.436432979629530093e-01,1.000000000000000000e+00,8.460984885468633143e-01
8.382804295840667885e-01,8.426232946492748788e-01,8.493263883443903373e-01,8.425674572244147287e-01,8.460984885468633143e-01,1.000000000000000000e+00
