1.000000000000000000e+00,8.402733317632197219e-01,8.416462786527106887e-01,8.280283803410033450e-01,8.340246359828754619e-01,8.324091295937133816e-01
8.402733317632197219e-01,1.000000000000000000e+00,8.527214822857511756e-01,8.366520885353843084e-01,8.403604472776969869e-01,8.397932702266334148e-01
8.416462786527106887e-01,8.527214822857511756e-01,1.000000000000000000e+00,8.444707774842198367e-01,8.520703844447452546e-01,8.611125482515037399e-01
8.280283803410033450e-01,8.366520885353843084e-01,8.444707774842198367e-01,1.000000000000000000e+00,8.430118135079673891e-01,8.417465279786738863e-01
8.340246359828754619e-01,8.403604472776969869e-01,8.520703844447452546e-01,8.430118135079673891e-01,1.000000000000000000e+00,8.446485302205631873e-01
8.324091295937133816e-01,8.397932702266334148e-01,8.611125482515037399e-01,8.417465279786738863e-01,8.446485302205631873e-01,1.000000000000000000e+00
