1.000000000000000000e+00,8.212652459173623853e-01,8.383457813816711512e-01,8.249000141539136743e-01,8.186866962484019572e-01,8.327780371908087842e-01
8.212652459173623853e-01,1.000000000000000000e+00,8.394434929536237489e-01,8.264178230402444703e-01,8.324530509431088410e-01,8.355001917095460362e-01
8.383457813816711512e-01,8.394434929536237489e-01,1.000000000000000000e+00,8.313442867959595084e-01,8.356364918574724632e-01,8.469453557457532478e-01
8.249000141539136743e-01,8.264178230402444703e-01,8.313442867959595084e-01,1.000000000000000000e+00,8.373973963712596502e-01,8.506470522347450158e-01
8.186866962484019572e-01,8.324530509431088410e-01,8.356364918574724632e-01,8.373973963712596502e-01,1.000000000000000000e+00,8.576501640390324921e-01
8.327780371908087842e-01,8.355001917095460362e-01,8.469453557457532478e-01,8.506470522347450158e-01,8.576501640390324921e-01,1.000000000000000000e+00
