1.000000000000000000e+00,8.547122511945460799e-01,8.551328452144271175e-01,8.502301372437656157e-01,8.486631784963298841e-01,8.359144180117407119e-01
8.547122511945460799e-01,1.000000000000000000e+00,8.562312092367712069e-01,8.453681321818923289e-01,8.434313883429959136e-01,8.392476413691145609e-01
8.551328452144271175e-01,8.562312092367712069e-01,1.000000000000000000e+00,8.570331102314555638e-01,8.571059186917039385e-01,8.458510203735274402e-01
8.502301372437656157e-01,8.453681321818923289e-01,8.570331102314555638e-01,1.000000000000000000e+00,8.489175829021856634e-01,8.486541847602976363e-01
8.486631784963298841e-01,8.434313883429959136e-01,8.571059186917039385e-01,8.489175829021856634e-01,1.000000000000000000e+00,8.435721122499577618e-01
8.359144180117407119e-01,8.392476413691145609e-01,8.458510203735274402e-01,8.486541847602976363e-01,8.435721122499577618e-01,1.000000000000000000e+00
