1.000000000000000000e+00,8.485986079956523431e-01,8.515419808925860368e-01,8.425661990346661190e-01,8.305786294146745297e-01,8.400307810318065060e-01
8.485986079956523431e-01,1.000000000000000000e+00,8.440135591969606388e-01,8.443523028653993068e-01,8.325025540081183451e-01,8.324700563252128704e-01
8.515419808925860368e-01,8.440135591969606388e-01,1.000000000000000000e+00,8.474926027810507634e-01,8.342010539872014574e-01,8.438994099075326494e-01
8.425661990346661190e-01,8.443523028653993068e-01,8.474926027810507634e-01,1.000000000000000000e+00,8.338505870465670045e-01,8.411045541551546156e-01
8.305786294146745297e-01,8.325025540081183451e-01,8.342010539872014574e-01,8.338505870465670045e-01,1.000000000000000000e+00,8.310796493096961335e-01
8.400307810318065060e-01,8.324700563252128704e-01,8.438994099075326494e-01,8.411045541551546156e-01,8.310796493096961335e-01,1.000000000000000000e+00
