1.000000000000000000e+00,8.349729944935755377e-01,8.400035187680942039e-01,8.339121975374795825e-01,8.423155223951042103e-01,8.377368274496764800e-01
8.349729944935755377e-01,1.000000000000000000e+00,8.509348952970975377e-01,8.559341574513709139e-01,8.533873954145509977e-01,8.454146509788914576e-01
8.400035187680942039e-01,8.509348952970975377e-01,1.000000000000000000e+00,8.415485052121581822e-01,8.465008139035224977e-01,8.463574844971205602e-01
8.339121975374795825e-01,8.559341574513709139e-01,8.415485052121581822e-01,1.000000000000000000e+00,8.572283028548354222e-01,8.456648949820243510e-01
8.423155223951042103e-01,8.533873954145509977e-01,8.465008139035224977e-01,8.572283028548354222e-01,1.000000000000000000e+00,8.525628183213210809e-01
8.377368274496764800e-01,8.454146509788914576e-01,8.463574844971205602e-01,8.456648949820243510e-01,8.525628183213210809e-01,1.000000000000000000e+00
