1.000000000000000000e+00,8.501456577824542116e-01,8.491287630977405465e-01,8.473786575147070899e-01,8.435044734535713795e-01,8.401450085558243019e-01
8.501456577824542116e-01,1.000000000000000000e+00,8.597519491939170644e-01,8.529498788884328775e-01,8.452800156496386164e-01,8.398867099142223180e-01
8.491287630977405465e-01,8.597519491939170644e-01,1.000000000000000000e+00,8.626381725625380525e-01,8.493267476483450373e-01,8.509400434575110639e-01
8.473786575147070899e-01,8.529498788884328775e-01,8.626381725625380525e-01,1.000000000000000000e+00,8.564218973376677146e-01,8.552039392990410382e-01
8.435044734535713795e-01,8.452800156496386164e-01,8.493267476483450373e-01,8.564218973376677146e-01,1.000000000000000000e+00,8.448434852572739295e-01
8.401450085558243019e-01,8.398867099142223180e-01,8.509400434575110639e-01,8.552039392990410382e-01,8.448434852572739295e-01,1.000000000000000000e+00
