1.000000000000000000e+00,8.409439150323990697e-01,8.476786521710598654e-01,8.493126840592251092e-01,8.464984067738431373e-01,8.390759707631400000e-01
8.409439150323990697e-01,1.000000000000000000e+00,8.541502330881823868e-01,8.452518367721011394e-01,8.437679299811461364e-01,8.540962469062831630e-01
8.476786521710598654e-01,8.541502330881823868e-01,1.000000000000000000e+00,8.498567994934514980e-01,8.441938928237551210e-01,8.544428671327750635e-01
8.493126840592251092e-01,8.452518367721011394e-01,8.498567994934514980e-01,1.000000000000000000e+00,8.525507669595793203e-01,8.527724849422617659e-01
8.464984067738431373e-01,8.437679299811461364e-01,8.441938928237551210e-01,8.525507669595793203e-01,1.000000000000000000e+00,8.518296958751352399e-01
8.390759707631400000e-01,8.540962469062831630e-01,8.544428671327750635e-01,8.527724849422617659e-01,8.518296958751352399e-01,1.000000000000000000e+00
