1.000000000000000000e+00,8.496524841162327313e-01,8.443183450971409876e-01,8.366612632782133296e-01,8.414601725680616040e-01,8.395783116872458374e-01
8.496524841162327313e-01,1.000000000000000000e+00,8.434794585705313041e-01,8.395690474526184000e-01,8.338294142127131714e-01,8.445501056006706753e-01
8.443183450971409876e-01,8.434794585705313041e-01,1.000000000000000000e+00,8.335415923007828409e-01,8.430938512701861010e-01,8.427309743538780040e-01
8.366612632782133296e-01,8.395690474526184000e-01,8.335415923007828409e-01,1.000000000000000000e+00,8.310384340075587239e-01,8.328506616909145954e-01
8.414601725680616040e-01,8.338294142127131714e-01,8.430938512701861010e-01,8.310384340075587239e-01,1.000000000000000000e+00,8.450135647935336225e-01
8.395783116872458374e-01,8.445501056006706753e-01,8.427309743538780040e-01,8.328506616909145954e-01,8.450135647935336225e-01,1.000000000000000000e+00
