1.000000000000000000e+00,8.378574526384191534e-01,8.372366229205773225e-01,8.365321010357652520e-01,8.357941617367572462e-01,8.346233525574998646e-01
8.378574526384191534e-01,1.000000000000000000e+00,8.567570597754478046e-01,8.481356664986495764e-01,8.476679832987223939e-01,8.394947838271825669e-01
8.372366229205773225e-01,8.567570597754478046e-01,1.000000000000000000e+00,8.460712209512606385e-01,8.435932456583797867e-01,8.474907549638226456e-01
8.365321010357652520e-01,8.481356664986495764e-01,8.460712209512606385e-01,1.000000000000000000e+00,8.469227773642590273e-01,8.379573076245625529e-01
8.357941617367572462e-01,8.476679832987223939e-01,8.435932456583797867e-01,8.469227773642590273e-01,1.000000000000000000e+00,8.452194162890984686e-01
8.346233525574998646e-01,8.394947838271825669e-01,8.474907549638226456e-01,8.379573076245625529e-01,8.452194162890984686e-01,1.000000000000000000e+00
