1.000000000000000000e+00,8.496305790748223119e-01,8.396015549636449693e-01,8.502606231008525972e-01,8.499540065051581772e-01,8.503414939722621080e-01
8.496305790748223119e-01,1.000000000000000000e+00,8.534532595859255499e-01,8.501384318122733319e-01,8.537176453383373831e-01,8.560933852414693845e-01
8.396015549636449693e-01,8.534532595859255499e-01,1.000000000000000000e+00,8.494915144401099516e-01,8.519393093579074039e-01,8.455870280277251183e-01
8.502606231008525972e-01,8.501384318122733319e-01,8.494915144401099516e-01,1.000000000000000000e+00,8.482641157791803721e-01,8.521417094416090521e-01
8.499540065051581772e-01,8.537176453383373831e-01,8.519393093579074039e-01,8.482641157791803721e-01,1.000000000000000000e+00,8.443823083364736526e-01
8.503414939722621080e-01,8.560933852414693845e-01,8.455870280277251183e-01,8.521417094416090521e-01,8.443823083364736526e-01,1.000000000000000000e+00
