1.000000000000000000e+00,8.413599582463592297e-01,8.292710092585552362e-01,8.328263648034175404e-01,8.201538747405363594e-01,8.377989835534322971e-01
8.413599582463592297e-01,1.000000000000000000e+00,8.428418252782122755e-01,8.438951833012148240e-01,8.372299902313343756e-01,8.442993684390783793e-01
8.292710092585552362e-01,8.428418252782122755e-01,1.000000000000000000e+00,8.398350696062220067e-01,8.258856992119166796e-01,8.351058727939388859e-01
8.328263648034175404e-01,8.438951833012148240e-01,8.398350696062220067e-01,1.000000000000000000e+00,8.374721725473937006e-01,8.417067725486823138e-01
8.201538747405363594e-01,8.372299902313343756e-01,8.258856992119166796e-01,8.374721725473937006e-01,1.000000000000000000e+00,8.402008074950638727e-01
8.377989835534322971e-01,8.442993684390783793e-01,8.351058727939388859e-01,8.417067725486823138e-01,8.402008074950638727e-01,1.000000000000000000e+00
