1.000000000000000000e+00,8.513423601784869676e-01,8.551057319790702493e-01,8.405180355486604471e-01,8.337050662797333977e-01,8.578630166323949480e-01
8.513423601784869676e-01,1.000000000000000000e+00,8.633186045862147884e-01,8.420955036035961960e-01,8.427854058265132897e-01,8.524543080200324141e-01
8.551057319790702493e-01,8.633186045862147884e-01,1.000000000000000000e+00,8.458001277077026314e-01,8.473535651003781810e-01,8.633961929022788695e-01
8.405180355486604471e-01,8.420955036035961960e-01,8.458001277077026314e-01,1.000000000000000000e+00,8.410324132413418141e-01,8.464422583004465039e-01
8.337050662797333977e-01,8.427854058265132897e-01,8.473535651003781810e-01,8.410324132413418141e-01,1.000000000000000000e+00,8.433837260748728859e-01
8.578630166323949480e-01,8.524543080200324141e-01,8.633961929022788695e-01,8.464422583004465039e-01,8.433837260748728859e-01,1.000000000000000000e+00
