9.240922901191476318e-08,5.436184397883003578e+06
1.830158795210256759e-07,3.358508040484475903e+06
1.851094176891257539e-07,4.741759471836710349e+06
2.589235379060365850e-07,3.477315171214820351e+06
3.417074008367585954e-07,2.969838449789097067e+06
4.829481661592853773e-07,2.174438750038971193e+06
4.370513799858605212e-07,2.502876062793246470e+06
2.597660155956822196e-07,4.385870991852913052e+06
5.668893784957722316e-07,2.247928754292577039e+06
5.319262133282247904e-07,2.470457466840793379e+06
5.137179929608148752e-07,2.694209350608568639e+06
9.708632518403715495e-07,1.709553177798822057e+06
2.839134185947810995e-07,1.938274993759361096e+06
1.963268450881340183e-07,3.008378903082724661e+06
2.561778685092557992e-07,2.860291717279302888e+06
4.983400579255469681e-07,6.425741211031039245e+06
7.660852899297399541e-07,1.157678285262435442e+06
5.126708359535936714e-07,2.043624359658938600e+06
7.217330729022204439e-07,1.478713357413467020e+06
7.521196040827626699e-07,1.412396940568593098e+06
6.459127316301393070e-07,1.690231256949297618e+06
6.146074873898445437e-07,1.795741942114151781e+06
2.567794798283983976e-07,3.801421416110836715e+07
1.129403477290550408e-07,6.667805317108116299e+07
6.453151381319374015e-07,1.536513608114252100e+06
4.544221897612679116e-07,2.103948478253619280e+06
5.685400207272002851e-07,1.714239186383603839e+06
7.097348771910856031e-07,1.428650769268992590e+06
5.428205385050950429e-07,1.880284544693933334e+06
7.217330729022204439e-07,1.478713357413467020e+06
7.521196040827626699e-07,1.412396940568593098e+06
6.146074873898445437e-07,1.795741942114151781e+06
5.810126043330193765e-07,2.020160058131890604e+06
1.515350167768140666e-07,1.073679817802721076e+07
2.513797452051192917e-07,3.770931890935355425e+07
4.689020719758334837e-07,1.680995280728014885e+06
2.011461565899107791e-07,3.650382851410245057e+06
5.485086046902775339e-07,1.584961611044636695e+06
4.544221897612679116e-07,2.103948478253619280e+06
7.444810560522629114e-07,1.350358609108244767e+06
4.898108937246776352e-07,2.401187893727879971e+06
1.341731782289463230e-06,9.893800953978811158e+05
7.653746318190937716e-07,1.831326135041000787e+06
2.191441358028249545e-07,2.581609315029398538e+06
4.689020719758334837e-07,1.680995280728014885e+06
8.607569090872104563e-07,9.974548527424110798e+05
5.485086046902775339e-07,1.584961611044636695e+06
8.891317735973699275e-07,1.023957859337589471e+06
8.308018157024279797e-07,1.152450259037407814e+06
1.014152651916625856e-06,9.153424616616037674e+05
7.395759336642472868e-07,1.369283926383919548e+06
6.832054597387437882e-07,1.610269519837087020e+06
8.573074735242037403e-07,1.442789438592497027e+06
1.436973427420889639e-06,9.759402645075033652e+05
4.422675924772727338e-07,1.082773645439176587e+06
8.838275130853992101e-07,9.803794588673930848e+05
1.100989383441963209e-06,8.117886623082457809e+05
8.891317735973699275e-07,1.023957859337589471e+06
5.165893865343044573e-07,1.811249099713355536e+06
5.841535740859484273e-07,1.655918209651296725e+06
8.308018157024279797e-07,1.152450259037407814e+06
4.637234898877753674e-07,2.061821760049665812e+06
7.592252262482340133e-07,1.275033633765668143e+06
2.953552908717302904e-07,3.786201546040291432e+06
6.349883149163347698e-07,2.420738838478631806e+06
2.220338916205898490e-07,3.888525949134900235e+06
3.456357912812005869e-07,1.702701025259336457e+06
2.528474320475055182e-07,2.474022887879556511e+06
6.079287913378454172e-07,1.526773922433458036e+06
4.139711725605349685e-07,2.458361003807184286e+06
4.182205342733075421e-07,2.447955475050732028e+06
3.075142464051158763e-07,3.464885393649706151e+06
4.303227125987173464e-07,2.741099979532152414e+06
3.424169261095768783e-07,3.349677104308667127e+06
3.332806478310390544e-07,3.942192265641875099e+06
6.896971971005353315e-07,2.147372261303714011e+06
2.220338916205898490e-07,3.888525949134900235e+06
3.456357912812005869e-07,1.702701025259336457e+06
2.528474320475055182e-07,2.474022887879556511e+06
5.205388139122261185e-07,1.797834982162387809e+06
5.462792956345305149e-07,1.764622752718823263e+06
3.528117695840640039e-07,3.092748817951987963e+06
6.824241100693065903e-07,1.825202219485709444e+06
7.083122537411997155e-07,1.750150769363452913e+06
7.068032778424953704e-07,1.931971031054639956e+06
5.554264914428450981e-07,2.498147567587138619e+06
1.159718266904820785e-06,1.351393579967889469e+06
1.229445833553206071e-06,1.274301382735634921e+06
5.585792381331396082e-07,1.645579681781142019e+06
5.154467453575189730e-07,1.809114917939101811e+06
5.205388139122261185e-07,1.797834982162387809e+06
8.659933067836985096e-07,1.127925951529418351e+06
5.462792956345305149e-07,1.764622752718823263e+06
8.739149708592735240e-07,1.118673716272882884e+06
7.215693742033826436e-07,1.374797707694952609e+06
8.528286522516392756e-07,1.151416868843404576e+06
7.667381911086257794e-07,1.349528380905611673e+06
6.119287733905668889e-07,1.727120459136287915e+06
7.874038857103805735e-07,1.406733923168998677e+06
5.606828355406455419e-07,1.991475581837814767e+06
1.111116748075857540e-07,2.073435087581353262e+07
6.260290846515022344e-07,8.297819937942441320e+05
8.315255225206935367e-07,1.030678777979208855e+06
7.397232305946673948e-07,1.249465346730369376e+06
5.585792381331396082e-07,1.645579681781142019e+06
5.154467453575189730e-07,1.809114917939101811e+06
8.164678573373701655e-07,1.151224928571356460e+06
9.497688414667031285e-07,1.021984129213936976e+06
6.935729858747361769e-07,1.495887310009851120e+06
7.760413720756813417e-07,1.307359947822873713e+06
7.981183366804505260e-07,1.271361219709534431e+06
1.077759056835967521e-06,1.021479277841785108e+06
4.409927386735692415e-07,2.627337686643413082e+07
8.315255225206935367e-07,1.030678777979208855e+06
9.760874352486656993e-07,9.072707900991626084e+05
9.107151749698926495e-07,1.026170977326233406e+06
1.247583702865733199e-06,7.845882692238272866e+05
6.854169170534505244e-07,1.462463848046961706e+06
1.102498990283565847e-06,9.456134843048320618e+05
9.304237947217524741e-07,1.083888146499494324e+06
8.356265829895096739e-07,1.264723085137413116e+06
9.430752141348408702e-07,1.168121316214841790e+06
1.131533218808643821e-06,1.022641518085977994e+06
1.158812552827738415e-06,1.038011934253423708e+06
4.419713328070795620e-07,6.933029337368069217e+06
3.909166468100861828e-07,1.406099536240110360e+07
9.577779398437899549e-07,9.730291336635261541e+05
7.626876905405899204e-07,1.364914070525389398e+06
1.148044357662825653e-06,8.682698662206628360e+05
1.206060273131800417e-06,8.497528123766273493e+05
1.097283696350641997e-06,9.518548543701168383e+05
9.037602391293653379e-07,1.167116896757157752e+06
1.163038219325776245e-06,9.931502288165385835e+05
7.285339159751347030e-07,1.631085312174492981e+06
1.032272200622210502e-06,1.127639928821527632e+06
1.474400492353743940e-06,1.007124878365528421e+06
1.692586137688369760e-07,1.381267636313440278e+07
4.683710105956953644e-07,5.499851300845749676e+06
5.743575326261749926e-07,9.686057504401281476e+05
5.341559376362382553e-07,1.049967716290901415e+06
5.340824019495222428e-07,1.749948409659160301e+06
1.199885808750411178e-06,7.688866806819996564e+05
9.334901336757537094e-07,1.044290033081811853e+06
7.626876905405899204e-07,1.364914070525389398e+06
6.829329673167879972e-07,1.507585483905162197e+06
7.292356984315002313e-07,1.452092662878324976e+06
1.097283696350641997e-06,9.518548543701168383e+05
5.743575326261749926e-07,9.686057504401281476e+05
2.606769758251893051e-07,2.255883161439190153e+06
5.341559376362382553e-07,1.049967716290901415e+06
5.765182610889910500e-07,1.503818073678044137e+06
7.731175871457113842e-07,1.240216846673966618e+06
1.034056725590901845e-06,1.043022388871277799e+06
6.276680455281641753e-07,1.801061685073821573e+06
1.073693685224983016e-06,1.086193273578228895e+06
8.205038663252431453e-07,1.429238185203739209e+06
9.162294244829265384e-07,1.311761770610418171e+06
8.894919366296459527e-07,1.432472440695817582e+06
3.979842538349675883e-07,1.289099923628924880e+06
1.652939316194070955e-07,3.589043104605886154e+06
3.428061001657302263e-07,3.859110611557995901e+06
2.782982816024827383e-07,2.257730028236267157e+06
5.039526172686161968e-07,1.559825090585998958e+06
8.014240130551856104e-07,1.097590108649844071e+06
8.205038663252431453e-07,1.429238185203739209e+06
8.894919366296459527e-07,1.432472440695817582e+06
7.763112587714876190e-07,1.795131943308302434e+06
8.526700729870526495e-07,1.706691054003544385e+06
1.518479358130058338e-06,1.162017878157081082e+06
3.979842538349675883e-07,1.289099923628924880e+06
1.732715840557427530e-07,3.765230521189820487e+06
3.837356565779163247e-07,2.212530898355446756e+06
4.974172248749871572e-07,1.641968318055388983e+06
9.240419081897912254e-07,1.000223396032755962e+06
1.040151668274213174e-06,9.729611548444747459e+05
1.164408005553634656e-06,9.573293131840276765e+05
1.139698985616769680e-06,9.785318974105486413e+05
5.784336423323244847e-07,2.034107015318427933e+06
4.706269545292055801e-07,2.553618673209731467e+06
9.688933957870143327e-07,1.446707942812630674e+06
4.174176550343110334e-07,5.008510622713184915e+06
5.431364192208201245e-07,1.083794458889785688e+06
6.251233059097435609e-07,9.474220859545606654e+05
4.199832183875132384e-07,1.781282775444085943e+06
7.199250846055359360e-07,1.519523719313810207e+07
6.757867322563336589e-07,1.449139859475621954e+06
7.788654790241621413e-07,1.408363819241287885e+06
8.463391405361271191e-07,1.304882032626407687e+06
7.838380735470934530e-07,1.443530732498909812e+06
9.211778610379985503e-07,1.250716347840810893e+06
1.040233934908587329e-06,1.187347536596963648e+06
1.430324231796221354e-06,1.033219717489823350e+06
1.565694116736459084e-06,1.002201973638914875e+06
3.618207080391647065e-07,5.516970660673339851e+06
6.251233059097435609e-07,9.474220859545606654e+05
5.431364192208201245e-07,1.083794458889785688e+06
9.846122457947031636e-07,7.340296765130894491e+05
4.199832183875132384e-07,1.781282775444085943e+06
7.311840399789194716e-07,1.206339754304154776e+06
8.128424852167226235e-07,1.102578583557368722e+06
9.192948749247907507e-07,1.107110676927238004e+06
8.416501615157081461e-07,1.280808729846312897e+06
6.686401854549719089e-07,1.697161761950593209e+06
7.105497021854979896e-07,1.658780561707376502e+06
1.207538880538015091e-06,1.226637748826748924e+06
4.714833873200552521e-07,2.090470421165727079e+07
6.830306589448240660e-07,8.873040380782249849e+05
7.524080114973540662e-07,1.128250405451301485e+06
8.382812241109683629e-07,1.046439490104913246e+06
8.822219224184841501e-07,1.021752913919937215e+06
7.921536509960706326e-07,1.178920092450075783e+06
6.154689602745202325e-07,1.642261507403122494e+06
8.569633818764210212e-07,1.226164675686524017e+06
8.416501615157081461e-07,1.280808729846312897e+06
1.385427722542114090e-06,9.117586780197861372e+05
1.178085075217898125e-06,1.259673275681237923e+06
2.165476048481606201e-07,1.086527931802325696e+07
6.830306589448240660e-07,8.873040380782249849e+05
4.247547549194169171e-07,1.678991986197501421e+06
7.432681786295497398e-07,1.140738133015793748e+06
9.341967142296791566e-07,1.030380276988505153e+06
3.681089704714773862e-07,2.267490043817711994e+06
1.036361191178188709e-06,9.461990174268991686e+05
9.769226703041629533e-07,9.890132068421583390e+05
5.794306305992490791e-07,1.828075180586355738e+06
5.785905343940193185e-07,1.916370373690928333e+06
2.014276866385280793e-07,1.974277481711634994e+07
3.343556815650035740e-07,1.905014962298657279e+06
4.285826722841376737e-07,1.607197350762746297e+06
5.467874446771703170e-07,1.188114711953700986e+06
7.432681786295497398e-07,1.140738133015793748e+06
7.678375684217258371e-07,1.256181842170005199e+06
8.433352100142158283e-07,1.261675958328170003e+06
4.624409374064640738e-07,2.325797920738824084e+07
8.604948399396863627e-07,1.501332240641247947e+06
1.196215971555586589e-06,1.172506240645787679e+06
5.467874446771703170e-07,1.188114711953700986e+06
6.112087512081576592e-07,1.827882350911105797e+07
2.712962480009600018e-07,3.254179592619762290e+06
7.678375684217258371e-07,1.256181842170005199e+06
8.433352100142158283e-07,1.261675958328170003e+06
7.226586888985274079e-07,1.506767083343087696e+06
8.267438193751309737e-07,1.316448597848317120e+06
8.107128053737896002e-07,1.365976723424543161e+06
4.872261747966725445e-07,2.453770679233822040e+06
8.857408821694374124e-07,1.393492378782517044e+06
1.287698740789287593e-06,1.087399786463016877e+06
1.013229662090341271e-06,1.396230100592598552e+06
1.498418909481938672e-06,9.879871539670362836e+05
7.449769265371705710e-08,3.080196526149303466e+07
2.197010702914339995e-07,3.176327386938204058e+06
4.979362826815206281e-07,1.347017049718093360e+06
8.881570187041347461e-07,1.079611309261645889e+06
8.864286981156113342e-07,1.107716681842017220e+06
9.121080592352174822e-07,1.120056555433004629e+06
6.760765111807653005e-07,1.544188937920944532e+06
5.278816251051192285e-07,2.067958140941555146e+06
6.868406392169948756e-07,1.660216518756276462e+06
9.289313106122871706e-07,1.264262745480245212e+06
7.482199718515707275e-07,1.593900002941763029e+06
7.087066943879179251e-07,1.933225372692173347e+06
1.495741258585595258e-06,9.379187050789147615e+05
1.290158929577949783e-06,1.146181583531339886e+06
4.866316840177784586e-07,1.292511386959473370e+06
2.142276095243268563e-07,3.420149044100556057e+06
6.495735296252096321e-07,1.295492348572587594e+06
1.487775589416758460e-06,6.341049302170961164e+05
1.451483388145328493e-06,6.761055402288520709e+05
8.761032333433141448e-07,1.122497800303002587e+06
8.864286981156113342e-07,1.107716681842017220e+06
1.066132902974732664e-06,9.874553239160807570e+05
1.218423002809485100e-06,9.558612800430607749e+05
7.960899327241634018e-07,1.510137812398490263e+06
1.153125785067437441e-06,1.056692028483562171e+06
1.730545002744767241e-06,8.578277708199839108e+05
3.537702734629527478e-07,1.901495047797488794e+07
4.720474521318474182e-07,1.342040733284084126e+06
3.523845161606129645e-07,1.858477247151316842e+06
8.875416756815105926e-07,1.084158576480304124e+06
1.096660172677257438e-06,9.160414471135884523e+05
8.472335824063433775e-07,1.251419833153064828e+06
1.215995625829733141e-06,9.755178306103430223e+05
1.112911521223327373e-06,1.160024612184607191e+06
1.090165826903120160e-06,1.203492041738409316e+06
1.774708095132783809e-06,8.347466307738069445e+05
2.098394229202333539e-06,7.468319981659888290e+05
3.033855823980256855e-07,6.146286021644074470e+06
3.284309258408401873e-07,2.974982246501477808e+07
3.397040232593903800e-07,2.317046537844343111e+06
3.610005656104003717e-07,1.765936882085610414e+06
5.675026420352886842e-07,1.622685468961532926e+06
3.842079341332634757e-07,2.386497053416379262e+06
6.317203369026935959e-07,1.803461572181578958e+06
6.514321100310310866e-07,1.837258458603912033e+06
4.459291352158659849e-07,2.639162707054692786e+06
5.941846495632380197e-07,2.037474854142733384e+06
8.983119113902548120e-07,1.412644797276797937e+06
1.170506802806612492e-06,1.338919738672533073e+06
1.396995039679649105e-07,1.333111393827227317e+07
3.527117015344966522e-07,1.625473450774817495e+06
3.410980295092253561e-07,2.202868256946669891e+06
3.443865165335447200e-07,2.366611363256017677e+06
5.675026420352886842e-07,1.622685468961532926e+06
7.818108204979238123e-07,1.271468352503312053e+06
4.428610520066885304e-07,2.383153352202164941e+06
4.680850455461500395e-07,2.398832951545302756e+06
1.052376769431920083e-06,1.151599268644009950e+06
5.147384693498410388e-07,2.377751816262925509e+06
8.988845311793141068e-07,1.484248930472790962e+06
1.396995039679649105e-07,1.333111393827227317e+07
3.527117015344966522e-07,1.625473450774817495e+06
5.121824153431465961e-07,1.362831046330167213e+06
3.181839525201476832e-07,2.289155001624743454e+06
4.486980699918724819e-07,2.491644150690973271e+06
7.313183724402768573e-07,1.542896755078085698e+06
7.754375684751943041e-07,1.452056656696944498e+06
6.307242996319341214e-07,1.855148886642114725e+06
6.138131940594320214e-07,2.128793423710915726e+06
1.119016171125056902e-06,1.321617861796193989e+06
9.835898241004029761e-07,1.505779385694117984e+06
1.269166067465618354e-06,1.236624083685246762e+06
4.439737391737398332e-07,1.677063893107594457e+06
5.577957270941920123e-07,1.410997772927930346e+06
6.092974227273849926e-07,1.322797687945895363e+06
5.408133548069399402e-07,1.519687335779463174e+06
8.621959159456009896e-07,9.986971431057625450e+05
3.817799562412712674e-07,2.526469211820367258e+06
7.466284102005796374e-07,1.249595852818433661e+06
6.783834082118128620e-07,1.469487569048382575e+06
7.313183724402768573e-07,1.542896755078085698e+06
7.010001813460628928e-07,1.773085188477016520e+06
1.293118389563868623e-06,1.084590801817037631e+06
4.439737391737398332e-07,1.677063893107594457e+06
2.128170937070693676e-07,3.461645123938322999e+06
5.408133548069399402e-07,1.519687335779463174e+06
5.385225975383810546e-07,1.656271902060137363e+06
4.197440416730495406e-07,2.132615712322661653e+06
5.621447201812034280e-07,1.669588600719542708e+06
7.498660273883105200e-07,1.315129909202443203e+06
8.396454644986815830e-07,1.151307161675648065e+06
4.690841302712549579e-07,2.293491747152197175e+06
6.588313077559014207e-07,1.648086816470984137e+06
5.476837105322698423e-07,2.537183949372728821e+06
1.716382859143112055e-07,3.345898654177109711e+06
1.305806084766450574e-07,6.199889718469584733e+07
1.985875522328634332e-07,3.486898255596844479e+06
4.733041123859889670e-07,1.662967695355453528e+06
7.628855966840776616e-07,1.340185564316293690e+06
4.690841302712549579e-07,2.293491747152197175e+06
7.215282940534428375e-07,1.487667522073177388e+06
6.588313077559014207e-07,1.648086816470984137e+06
6.992305332985851718e-07,1.758850290103798267e+06
5.687098128023011055e-07,2.299950066624211147e+06
1.093152639246330319e-06,1.435094336182161933e+06
1.717422582469087407e-07,2.804925330461377278e+06
1.383136468022018921e-07,5.136754537298477441e+07
4.733193806020360061e-07,1.661369395484464709e+06
4.970945035849481841e-07,1.571000382143559167e+06
4.732623378852185668e-07,1.734138059574628249e+06
4.570585020841333575e-07,2.220161058045712300e+06
5.590933991106489269e-07,1.988139697397059062e+06
5.092758296154751321e-07,2.301116103886667639e+06
7.039410026358833275e-07,1.897095927993875463e+06
5.662095014458910894e-07,2.441692201210034080e+06
1.077101192048120907e-06,1.453115368833199376e+06
2.688799249483037285e-07,4.627232996227702126e+06
2.745840298489737296e-07,1.828156650966208428e+06
1.892129137397119045e-07,3.870644944385706447e+06
4.072875542781743655e-07,2.941579656446114182e+06
4.984721549338338871e-07,1.923102827035395196e+06
4.453715134019482152e-07,2.332717997191306669e+06
4.165314172123341563e-07,2.506426720485286321e+06
5.511563269115673090e-07,1.925120633082537213e+06
5.590933991106489269e-07,1.988139697397059062e+06
5.632224170051695113e-07,2.380955284252133220e+06
1.904808071511978807e-07,6.367557976738939062e+06
2.801831415807505348e-07,1.838493896649247035e+06
1.892129137397119045e-07,3.870644944385706447e+06
4.749615789066798620e-07,1.961801774438141845e+06
4.737880885139165501e-07,2.092108443879651604e+06
5.986479265002291485e-07,1.673474052817098796e+06
4.406279821712310265e-07,2.652058555713614449e+06
6.868620080902882883e-07,1.683332534422947327e+06
5.713901963225893806e-07,2.107860202358834911e+06
6.106243993947748661e-07,2.020903727321126964e+06
2.153107948293557223e-07,8.201696750555749051e+06
3.366523945626473948e-07,2.593944948321450967e+06
4.749615789066798620e-07,1.961801774438141845e+06
4.220319928520033375e-07,2.148557443455289584e+06
4.489151103794208073e-07,2.130876639100744389e+06
4.842512678544220412e-07,2.023897609330754261e+06
5.986479265002291485e-07,1.673474052817098796e+06
4.253401343769002590e-07,2.493660641415631864e+06
4.108754235277659576e-07,2.617833528339014854e+06
6.868620080902882883e-07,1.683332534422947327e+06
5.713901963225893806e-07,2.107860202358834911e+06
4.898937066832515018e-07,2.517435244802584872e+06
6.106243993947748661e-07,2.020903727321126964e+06
3.416762940904655833e-07,3.910822846714710351e+06
1.600842251177121041e-07,2.726986754795708694e+06
1.527247828489243878e-07,5.909870022838054597e+07
3.366523945626473948e-07,2.593944948321450967e+06
4.760664554809196373e-07,1.780597672607407672e+06
3.276781425126634256e-07,2.902768381892110687e+06
4.527307747257459356e-07,2.185775194936247077e+06
2.692224741509581581e-07,4.377001297079700977e+06
3.540641926322286161e-07,3.399098697029557079e+06
3.653342852900439160e-07,3.600541634087702725e+06
6.854595995877635996e-07,2.285580335951107088e+06
1.517125669262974606e-07,1.160712055756953545e+07
2.623900050795949720e-07,2.390012000134844799e+06
1.048105324322843840e-07,6.614681794556923211e+06
1.529841554541069577e-07,5.341717633917561732e+06
1.270135125224813729e-07,7.065992959868796170e+06
2.422133591788797051e-07,4.035893033115877304e+06
3.223940530735466021e-07,3.128738821053833701e+06
2.488957266551214529e-07,4.346739443210221827e+06
2.908648042800373059e-07,3.632869962298358791e+06
2.677631622526857494e-07,4.214260900301989168e+06
2.896562377737275091e-07,3.997347939309243578e+06
3.155216242187629583e-07,4.159088177372467238e+06
5.194185004071758714e-07,2.835777122597116977e+06
2.991472032721048282e-07,1.801012902151413495e+06
3.175211464854034289e-07,2.018457516270529013e+06
4.159977870180295583e-07,1.477762891969961580e+06
2.623900050795949720e-07,2.390012000134844799e+06
3.395902402917300146e-07,2.246351365419853944e+06
6.628596773085792782e-07,1.311447115595195675e+06
2.906878950799151283e-07,3.125623993342030793e+06
6.761927581835298788e-07,1.720856994104089681e+06
6.534061007771245256e-07,1.790081368048351957e+06
5.659701936932361595e-07,2.395818161333323922e+06
2.415387008339502323e-07,2.726149561722552404e+06
3.400475619130688247e-07,2.092624063719924772e+06
4.279366219312580694e-07,2.220453999426139984e+06
3.737826728320574120e-07,2.622891610019969754e+06
3.441494303180585075e-07,2.904001735572855920e+06
4.661545436584177590e-07,2.092920783250806620e+06
5.861127539272637817e-07,1.766426788386364933e+06
6.701071416347103896e-07,1.640445384719541762e+06
4.092219360164356050e-07,2.871723658114977647e+06
6.534061007771245256e-07,1.790081368048351957e+06
6.761927581835298788e-07,1.720856994104089681e+06
6.798316201105825538e-07,2.174782921089221258e+06
1.179396411313772228e-07,1.935768604982000589e+07
4.904970590299440212e-07,1.203216126368450467e+06
2.434364174205254819e-07,1.030961614148065820e+07
4.049029186666821922e-07,2.132020008614118677e+06
4.889656622779576242e-07,1.920922900338492356e+06
4.279366219312580694e-07,2.220453999426139984e+06
4.481688736610561802e-07,2.367107621758299414e+06
4.768498088205908849e-07,2.049200729846559931e+06
4.661545436584177590e-07,2.092920783250806620e+06
4.753125971725862285e-07,2.118720662986132782e+06
3.862405181079120200e-07,2.788581332223188598e+06
5.240923653400027632e-07,2.010082230004800484e+06
3.061958131967563645e-07,1.969114113177139685e+07
4.904970590299440212e-07,1.203216126368450467e+06
2.383352947241488524e-07,5.669344352466046810e+06
5.769991225797570310e-07,1.524326914108526194e+06
6.270050812583107420e-07,1.424707015956368763e+06
4.753125971725862285e-07,2.118720662986132782e+06
5.028505040971605104e-07,2.065008087601744104e+06
3.862405181079120200e-07,2.788581332223188598e+06
5.001793073608110450e-07,2.353478965094588697e+06
4.196483947975590498e-07,3.246694832537033129e+06
3.351275989604693259e-07,4.127174913492449094e+06
2.297661334472342964e-07,2.860433280164468102e+06
2.534218891729074019e-07,4.908360043448141776e+06
1.880699302519592147e-07,4.281272662359219976e+06
3.403230739147268108e-07,2.903272447558121756e+06
3.413740147247052907e-07,2.765230554205654655e+06
4.495281890912450073e-07,2.340075955087597016e+06
2.500091662622680743e-07,4.597304313428837806e+06
3.002276653991819938e-07,3.686633160522091202e+06
4.910343671638909055e-07,2.221310625709617976e+06
4.476691973763389453e-07,2.916945339053541422e+06
4.439051476751611551e-07,3.035671854686735664e+06
5.342713166553412799e-07,2.822643219998225104e+06
8.031792976027570763e-07,2.068108902788969455e+06
3.077978619417412493e-07,3.568895137235052884e+07
2.282585327990488243e-07,2.789436458940231241e+06
3.711134766807647758e-07,2.453178394051293842e+06
5.131236925158648534e-07,1.621516233832395636e+06
5.821385289629868914e-07,1.571331284801038913e+06
3.003009526489976713e-07,3.230103439928030595e+06
4.611256751076661279e-07,2.436656297165812925e+06
5.555592284767757201e-07,2.402258049878710881e+06
6.773253672881222471e-07,2.049571317921647569e+06
7.552523444460563604e-07,1.808841014838936273e+06
7.280074888402686600e-07,1.989126420822458807e+06
1.251976445423889631e-06,1.251021084131332580e+06
1.297393268059059579e-06,1.279122256755759707e+06
4.310024285700430632e-07,1.485622016196332173e+06
2.776006712209543111e-07,3.077135991620320827e+06
5.176504597673377386e-07,1.487914623149743536e+06
4.042188748657767219e-07,2.191388493395044003e+06
3.631486677556602222e-07,2.715679229396636132e+06
5.787093227411457829e-07,1.735471566449369770e+06
8.883800167579220868e-07,1.208063139606760815e+06
9.416857056870558936e-07,1.177443151296343422e+06
5.124508367412657709e-07,2.245617272386387456e+06
5.555592284767757201e-07,2.402258049878710881e+06
7.552523444460563604e-07,1.808841014838936273e+06
1.251976445423889631e-06,1.251021084131332580e+06
1.463956502874710547e-07,2.334219668417534977e+07
3.418518918914966559e-07,1.887080057348457864e+06
2.003790242627093645e-07,5.737599592741657048e+07
1.585911370397185274e-07,7.526604673863166571e+07
3.075562662377684912e-07,2.965466632399027236e+06
3.659309015385517877e-07,2.876585216150823515e+06
5.243031136626644401e-07,2.225301183684140444e+06
5.396131270428459573e-07,2.271199736262009945e+06
6.200312199828974047e-07,2.167553125164135825e+06
4.724300999136231746e-07,2.827074168318097014e+06
4.740353180040107918e-07,2.895047340170857031e+06
1.463956502874710547e-07,2.334219668417534977e+07
3.007958403994064129e-07,2.020158096314215567e+06
3.418518918914966559e-07,1.887080057348457864e+06
3.422676927179000207e-07,2.582261519054991659e+06
3.623826012384549733e-07,2.500759011576375924e+06
1.611706387212484932e-07,6.721962009677101858e+06
5.546884695632356742e-07,2.108575648157827090e+06
5.849887614048468133e-07,1.980559709547573933e+06
5.212769202786592456e-07,2.478504763856570702e+06
3.862435809266292811e-07,3.442949167679548729e+06
8.065626305794131013e-07,2.061265479603291024e+06
2.027072709611453747e-07,2.406877763784728199e+07
4.929466129775576231e-07,2.327920275536645949e+07
3.524008298816251328e-07,2.407984861606606748e+06
3.519120472854416263e-07,2.682060792604631279e+06
5.332629538819624852e-07,1.871604581115296576e+06
4.740376976599822765e-07,2.113353436711833812e+06
6.405831982638866459e-07,1.558089973053253954e+06
6.152455843074887644e-07,1.714233910748878028e+06
1.123634621606031577e-06,1.083569486587218940e+06
8.407483074670270283e-07,1.665927652407017071e+06
1.383367290288303435e-06,1.074541335131325061e+06
2.886319926040333138e-07,2.011612773955713958e+06
3.022448925949248629e-07,1.921927217598262243e+06
3.047667661658808315e-07,2.053992050978650572e+06
2.946551644344905330e-08,3.069204002379464358e+07
1.405797762411404203e-07,4.575407019372907467e+06
4.134553891700543054e-07,2.607200736177270301e+06
4.792324217476581730e-07,2.193035860342032742e+06
4.334274213954356365e-07,2.924769616353136953e+06
4.932187740278137214e-07,2.625751513444772922e+06
4.893187121384528589e-07,2.685932324471938889e+06
9.085125604548930051e-07,1.723085451541488757e+06
7.041285408823923017e-08,1.654884882488900423e+07
3.512235895068124102e-07,3.230299390143912286e+07
3.268077093798686545e-07,1.960311504634968238e+06
2.547466599125862351e-07,3.672328668395564426e+06
5.678757151716745143e-07,1.767750688047103118e+06
6.787273651070006039e-07,1.496044297536519822e+06
4.134553891700543054e-07,2.607200736177270301e+06
4.792324217476581730e-07,2.193035860342032742e+06
4.916162607498703172e-07,2.397164397491974756e+06
6.851257653968074978e-07,2.394467100701429415e+06
6.954309985076786414e-08,1.540693098201944679e+07
1.188455991892707616e-07,5.805760120791914873e+06
1.801885839160325381e-07,4.765479381698398851e+06
2.249687165701327778e-07,4.402238108581434935e+06
1.330689491961444936e-07,8.099386069389082491e+06
3.003918261186357108e-07,3.644312644022340421e+06
3.068488288992097087e-07,4.113151293361083604e+06
4.093285012361009994e-07,3.223180605498126242e+06
3.172288878751185762e-07,4.339369024037374184e+06
2.392990648649411013e-07,6.055396807552186772e+06
7.470951816251617744e-07,2.265486253536828328e+06
5.806103807908198814e-07,2.859166507971889339e+06
2.610904982465871965e-07,1.451321835879473202e+07
1.188455991892707616e-07,5.805760120791914873e+06
1.805848364668981786e-07,4.571658722975928336e+06
3.839564677768013697e-07,2.263676711069815326e+06
3.682538884831839103e-07,2.459383089521524496e+06
3.459505667150478889e-07,2.752442937779578846e+06
4.030476171538292671e-07,2.514532397481505759e+06
4.305291840902129619e-07,2.222069177776962984e+06
3.785868886847591606e-07,2.740949569437059574e+06
1.304232603519745020e-07,8.610984618070548400e+06
4.525118476595969405e-07,2.671589516754513141e+06
2.864267898856517238e-07,1.925959454153669067e+06
1.989410165814443236e-07,2.871825151563396212e+06
2.570192709854278673e-07,3.608664381222624332e+07
1.551232776335604260e-07,4.630088754133319482e+06
3.565627273456731965e-07,2.433659605841333512e+06
3.690134327566273761e-07,2.654129501271090470e+06
5.285291526232002322e-07,1.986887074124346487e+06
3.265012580924280526e-07,3.581022824736911338e+06
3.829023651573507930e-07,3.016140537101313006e+06
4.525118476595969405e-07,2.671589516754513141e+06
5.116436181782660671e-07,2.752078467407927848e+06
2.864267898856517238e-07,1.925959454153669067e+06
1.551232776335604260e-07,4.630088754133319482e+06
3.376897248653111834e-07,2.796935166127453558e+06
2.782971770109329461e-07,3.640367022614703979e+06
1.337817562227130874e-07,8.373988812493978441e+07
2.145061627068388108e-07,4.567673674207674339e+06
3.982132966802944674e-07,2.664141545110617764e+06
4.355777146751514393e-07,2.658566193899202161e+06
4.383718607658698246e-07,2.815615817843195517e+06
4.707281494006589614e-07,2.744946236623689998e+06
4.641554805181151351e-07,2.802691368040515110e+06
8.242479305694569624e-07,1.699353429143426474e+06
7.121000258993132123e-07,2.204189206769931130e+06
2.351661122799359573e-07,3.219486557089914102e+06
2.289319621535495198e-07,5.089376111169978976e+06
3.095301136291396302e-07,3.027452385824045632e+06
1.525706636426377216e-07,5.218691987789758481e+06
4.292640354449402591e-07,2.232377657944908366e+06
3.982132966802944674e-07,2.664141545110617764e+06
4.585714910376238452e-07,2.228822867636316456e+06
2.651850910805540388e-07,3.970047174571330193e+06
4.997358422768008958e-07,2.125852567123186309e+06
4.641554805181151351e-07,2.802691368040515110e+06
6.327708299343774599e-07,2.111601643408606295e+06
6.805852049440328325e-07,2.069862037384953815e+06
8.242479305694569624e-07,1.699353429143426474e+06
2.227780642107888658e-07,3.083282766917446163e+06
3.095301136291396302e-07,3.027452385824045632e+06
1.525706636426377216e-07,5.218691987789758481e+06
4.292640354449402591e-07,2.232377657944908366e+06
4.779745892389905130e-07,2.139017613687512465e+06
4.417353837027570487e-07,2.423874209700062405e+06
5.666294139460554138e-07,1.884142345106310444e+06
4.956930454577980624e-07,2.130316968048485462e+06
5.642698618927488854e-07,1.892286641508591827e+06
5.018923614845461945e-07,2.106275789294916205e+06
4.474505633626415166e-07,2.517004206656353548e+06
6.473345953995630760e-07,2.060984477809171658e+06
1.673364351092076403e-07,1.108862304989745282e+07
3.425604752512556420e-07,1.942104526901431615e+06
2.746336847405267477e-07,2.421360525491643231e+06
2.050194217576120061e-07,4.206006458855490200e+06
3.537392143199656344e-07,2.739357217911298387e+06
4.257604912067443343e-07,2.383997234690935817e+06
4.779745892389905130e-07,2.139017613687512465e+06
3.482561880242781998e-07,2.909444244932992384e+06
5.642698618927488854e-07,1.892286641508591827e+06
5.666294139460554138e-07,1.884142345106310444e+06
4.956930454577980624e-07,2.130316968048485462e+06
4.847407529415525198e-07,2.289282340985863935e+06
3.527578885118184461e-07,3.413485213008119259e+06
1.278172442763692456e-07,4.305360808058314957e+06
1.560172223109194291e-07,4.262828805621209554e+06
3.425604752512556420e-07,1.942104526901431615e+06
1.954633606625418825e-07,5.752596403439314663e+07
2.746336847405267477e-07,2.421360525491643231e+06
1.526599502299912521e-07,5.334212224592369050e+06
2.050194217576120061e-07,4.206006458855490200e+06
3.879347144045205495e-07,2.535712997700427659e+06
3.251384878544838486e-07,3.419103929399432614e+06
4.624204986909175628e-07,2.877998485134555493e+06
1.632902898091841448e-07,4.292701389416567050e+06
1.243360598310446558e-07,5.753057464463989250e+06
2.319839323954902307e-07,1.276682179476882890e+07
1.560172223109194291e-07,4.262828805621209554e+06
1.269417019676904348e-07,6.251280243539998308e+06
3.318831674057680943e-07,3.220686899810044561e+06
3.039941192897578188e-07,3.670061838960876223e+06
3.488700561994188903e-07,3.324860044496869668e+06
3.602816925787617748e-07,3.310471253822018858e+06
3.341566062330580905e-07,3.681258903965824284e+06
6.245858592305992902e-07,2.238554184704768471e+06
5.131259352802188948e-07,3.063280580861419439e+06
4.099301633162323668e-07,1.580807975832196185e+06
2.945212454110659192e-07,3.754152883736572415e+07
3.714732932354273661e-07,1.991578725786365336e+06
3.724768125032719713e-07,2.386400073818006553e+06
4.440476070706520875e-07,2.312355241469996981e+06
4.161873873738227652e-07,2.482733510025884025e+06
3.345890795080896706e-07,3.093373379423567560e+06
3.157473209179807688e-07,3.379049612733839545e+06
2.152383408920951006e-07,4.869679734123725444e+06
5.336524602588609920e-07,2.488113486681588460e+06
3.583513180226498125e-07,3.761639133201200981e+06
1.155838647540214580e-07,1.135842180630322360e+07
3.238979132353781030e-07,5.717462282473461702e+06
2.472354377439441145e-07,1.155402037120662816e+07
5.703296189315525844e-07,1.057874106263180496e+06
3.670733394429025230e-07,1.890174547003454762e+06
4.099301633162323668e-07,1.580807975832196185e+06
3.714732932354273661e-07,1.991578725786365336e+06
5.498608596297708169e-07,1.745296359924955061e+06
6.531881256557215190e-07,1.613988961458229460e+06
3.970931958840592590e-07,2.887999976105522364e+06
5.542808296040164952e-07,2.205911138821674511e+06
5.431828649265281909e-07,2.387496869012243114e+06
8.380759594077501233e-07,1.676483883839017712e+06
9.676375799407020133e-08,5.803838114010421559e+06
6.352993627380471167e-07,1.233773682907467475e+06
4.058564699320592911e-07,2.382193513255513739e+06
6.219489962391318981e-07,1.447291930976106320e+06
5.026059745730377264e-07,1.976004067249411484e+06
4.391788793266768404e-07,2.393438038511960302e+06
6.232358574311173970e-07,1.781289934090814553e+06
5.553937738730402209e-07,1.986173936510836007e+06
4.996529220678931474e-07,2.727977040683598723e+06
5.300744240383433702e-07,2.568087683087941725e+06
8.536525229108471529e-07,1.643064859691299498e+06
4.496086840470362736e-07,3.234535748340695631e+06
9.676375799407020133e-08,5.803838114010421559e+06
2.035412688035332811e-07,4.799755088390549272e+07
5.665832752221210532e-07,1.537391223608689848e+06
4.058564699320592911e-07,2.382193513255513739e+06
5.093773979969731379e-07,2.151343601974516176e+06
3.434431123889572874e-07,3.260427665624299087e+06
5.553937738730402209e-07,1.986173936510836007e+06
5.506163017822333703e-08,1.902518764210944995e+07
5.131538142690608402e-07,2.540288070405567996e+06
5.901489524875022794e-07,2.248690827260117978e+06
9.325670068438681515e-07,1.680067242289024405e+06
2.120645108718701860e-07,4.038620080246539414e+07
3.019675950117135204e-07,1.790731211171179777e+06
9.125939536925568891e-08,1.075679752958251387e+08
3.058167390092797729e-07,2.689063239406906534e+06
3.151637349383262280e-07,2.941619754826491233e+06
5.093773979969731379e-07,2.151343601974516176e+06
3.434431123889572874e-07,3.260427665624299087e+06
3.181041108247077027e-07,3.551545485767554492e+06
3.448436695743297678e-07,3.377151642067068256e+06
5.880974617170939969e-07,2.381443413882978726e+06
9.411589184601310982e-07,1.486855220016033622e+06
3.560039198550272310e-07,1.513970140575913014e+06
3.019675950117135204e-07,1.790731211171179777e+06
2.765141651021745668e-07,2.163607616633665748e+06
3.613363013447954091e-07,2.239048688319891226e+06
4.035419592232925341e-07,9.319276389863504097e+06
5.538680090341974727e-07,1.635242494015160715e+06
6.751359501251125584e-07,1.485062325126378564e+06
8.391566690284670751e-07,1.520827110346199246e+06
6.046666829522482650e-07,2.317143845398223493e+06
7.021450429859275424e-07,1.964099706944903824e+06
1.257156406160833400e-06,1.319619015964412596e+06
6.589296657209435043e-07,9.360496675725666573e+05
3.742671587617342840e-07,1.876598513186807744e+06
4.776670330819268785e-07,1.418127384737890214e+06
5.884399489386586356e-07,1.338416175482414197e+06
5.696605374374049778e-07,1.355161104617822915e+06
7.444982644768252122e-07,1.094449378735174192e+06
6.752922082603527515e-07,1.458814710965511622e+06
6.802197514190779505e-07,1.444064267106086016e+06
8.175703224178286852e-07,1.324766399220920401e+06
9.023861006127975365e-07,1.182805304676658707e+06
1.981037867580886144e-07,2.062449472782551544e+06
1.897262718248851976e-07,2.652429789806717541e+06
4.073854435771272588e-07,1.412464265740171075e+06
3.528132864912117729e-07,2.380397610935969744e+06
4.231110716128302983e-07,2.363681271674921270e+06
6.305782301360423429e-07,1.707838531594162341e+06
5.690697980218038008e-07,1.867300903258698527e+06
5.518698149861536004e-07,2.028587227995831054e+06
4.863201569378972022e-07,2.510831472440985497e+06
9.122895744273234781e-07,1.461518311869421974e+06
1.241566851403805837e-07,5.432750416736012325e+06
2.684598484924695159e-08,2.813237083343418315e+07
1.386750480210130922e-07,6.913936208680821583e+06
1.658373216625085710e-07,6.021215966115586460e+06
2.142144178153711656e-07,4.794435255814170465e+06
2.038732553792462838e-07,5.477651962660647929e+06
2.789824005170928601e-07,3.877618874661123380e+06
3.353190935986219600e-07,3.421018086188644171e+06
1.925684485131817583e-07,5.983830564085157588e+06
2.150946239523314679e-07,5.711596640376108699e+06
4.272403853905706240e-07,2.969938121099382173e+06
2.549441741176085980e-07,5.021962666625674814e+06
1.123633709197699996e-07,2.118530087436988950e+07
8.927930667773996596e-08,2.238084900298959017e+07
1.026566855618056265e-07,7.387202096166654490e+06
2.684598484924695159e-08,2.813237083343418315e+07
1.392426850341871699e-07,7.405195511589622125e+06
1.621741214998984595e-07,6.589903003150269389e+06
2.038732553792462838e-07,5.477651962660647929e+06
2.595516958145535474e-07,4.164711726150768343e+06
1.601778171525750832e-07,6.866120211359020323e+06
2.393130436862326533e-07,4.643297132738743909e+06
2.346115847241740308e-07,4.734090948215259239e+06
2.549441741176085980e-07,5.021962666625674814e+06
8.927930667773996596e-08,2.238084900298959017e+07
1.578471780584143378e-07,7.118622234782515466e+07
2.550456065557699677e-07,3.951420526253451593e+06
1.647417898914378382e-07,6.356770236381616443e+06
1.338426431930926662e-07,8.055564727405720390e+06
1.553970721724082309e-07,7.207452546792645007e+06
2.479427414572736207e-07,4.503115752928190865e+06
2.503321709207916523e-07,4.726325244635839015e+06
1.933955623691569889e-07,6.041420525609627366e+06
3.589381240437457917e-07,3.711667635051352438e+06
3.922674980479481342e-07,3.396455683474432211e+06
2.896818579867981980e-07,4.854399725237425417e+06
8.343232448019582851e-08,2.378021411929405853e+07
8.860933245084813192e-08,2.817444664744218066e+07
1.471422397439433218e-07,5.148918994329415262e+07
1.859027327601134183e-07,5.033986194367175922e+06
1.127496666091555693e-07,9.649865539770679548e+06
2.138936399166319341e-07,5.528581928028419614e+06
2.503321709207916523e-07,4.726325244635839015e+06
2.036012408327421994e-07,6.111638479940799996e+06
1.716128510932886139e-07,7.333245262895772234e+06
1.848644892581185277e-07,6.642309645220236853e+06
2.930087103322884116e-07,4.792832508352469653e+06
3.977849011694682604e-07,3.725581168760953937e+06
3.693754064634956885e-07,4.243053586514665745e+06
8.773404577112574668e-08,2.868935718719036132e+07
1.460153900302144985e-07,1.880098604485439882e+07
1.682239461630504814e-07,3.978214099102413282e+06
1.688925974221389826e-07,3.836136641401115805e+06
1.137213499355098913e-07,7.963014338331198320e+06
3.994676985213581266e-07,2.725643164628887549e+06
4.518375306420925728e-07,2.370509347428486682e+06
4.433818667379136463e-07,2.626391176852594595e+06
7.172748338185929412e-07,1.953673027472441318e+06
1.542618390509560795e-07,1.106950964049566537e+07
6.698813624721456719e-07,1.179477503755884711e+06
4.049276834915977786e-07,2.049383673677855404e+06
4.262014370355655532e-07,2.071137528052757028e+06
5.018944904402780230e-07,1.873065936922496418e+06
5.368867613167296950e-07,1.737274075251827948e+06
5.704562831723002695e-07,1.779242164531556191e+06
5.386886559793443174e-07,1.984200836416163715e+06
3.994676985213581266e-07,2.725643164628887549e+06
4.433818667379136463e-07,2.626391176852594595e+06
9.835866372552179208e-08,2.002932002731523663e+07
6.916143736772233998e-07,1.166163564785646740e+06
4.049276834915977786e-07,2.049383673677855404e+06
4.262014370355655532e-07,2.071137528052757028e+06
6.466669221555317244e-07,1.474824997237757314e+06
7.512465361782977235e-07,1.237850553450969746e+06
6.724299307608767305e-07,1.471782050695278682e+06
7.315257706839986873e-07,1.386337867470866535e+06
5.579516207344987342e-07,1.827734494014008436e+06
5.583436003277912602e-07,1.845830883423319552e+06
5.845858523653417315e-07,1.750328598197009880e+06
5.518850725536068821e-07,1.925981742612862261e+06
3.304495937202686470e-07,4.649778858369505033e+06
5.209658751875029762e-07,1.217229712228143588e+07
5.975127297794323144e-07,1.434718923339617439e+06
5.621830236643367579e-07,1.518916731751460116e+06
8.026972191960411482e-07,1.061254737454347312e+06
6.057969753048537456e-07,1.497773058811630355e+06
2.556543706907594048e-07,3.452175160297913942e+06
6.687532030592542177e-07,1.368070655387670267e+06
6.440087385224731448e-07,1.410808595458932687e+06
7.315812830133196847e-07,1.327103429630353581e+06
5.442166716152765071e-07,2.292408139651628211e+06
9.301893269276523092e-07,1.283213567211326212e+06
4.133909600280820666e-07,1.939109287627422484e+06
5.621830236643367579e-07,1.518916731751460116e+06
2.652564903387036540e-07,3.113093765707087703e+06
7.095928441601539555e-07,1.266602824252513004e+06
5.191097997729740043e-07,1.729472539954557782e+06
6.057969753048537456e-07,1.497773058811630355e+06
5.370675252991266672e-07,1.798244040935418801e+06
8.986069900567265487e-07,1.032966492094064015e+06
5.349220200490834254e-08,1.878887430244120955e+07
7.193566480021908715e-07,1.454327254447803600e+06
6.762319194688262121e-07,1.604618349668376613e+06
4.295681907475418866e-07,4.338372789569714107e+06
3.664495635790222520e-07,2.172542037901408039e+06
3.599131429850365980e-07,2.416987857413134538e+06
3.947548447996829122e-07,2.201308738822157029e+06
4.599286853148169050e-07,1.964609730969578028e+06
3.126744413513738002e-07,3.606996417705848068e+07
3.246249074401731816e-07,3.455126698624530341e+06
4.061110955730924632e-07,2.786205411064463202e+06
6.746095722869777929e-07,1.782566585836844519e+06
6.432694724796667702e-07,2.136232197225308977e+06
6.505698656246767614e-07,2.051615971613131231e+06
9.086446374972138471e-07,1.744182881695097778e+06
3.473331509699128827e-07,5.659016615693226457e+06
1.561846832703699324e-07,6.078812221111448854e+07
1.801510536713430310e-07,3.943416322532620747e+06
4.888167607663851455e-07,1.737733573447349016e+06
4.199827815061224179e-07,2.021846893094272353e+06
4.629303162746916846e-07,1.939360062112872023e+06
4.468987632541047731e-07,2.106454143518564757e+06
4.591982816458113177e-07,2.129427209145158064e+06
2.943923057700242864e-07,3.472062038746084552e+06
3.144641176014737848e-07,3.717564335008858703e+06
5.458752004294499066e-07,2.445081879815158900e+06
5.412630799301238250e-07,2.595034270194056910e+06
4.652190377587975584e-07,3.216332723676209804e+06
3.173973241162615757e-07,1.415817560211072490e+07
2.656113408685419703e-07,8.017799624172355048e+06
4.891371825464335469e-07,1.640067445432068314e+06
5.492779155457923627e-07,2.027215308451765403e+07
1.034356810411100057e-06,9.142638647330236854e+05
8.098687213221058820e-07,1.152321551265550079e+06
1.068833272326199621e-06,9.226452725559157552e+05
7.138278779543458361e-07,1.537699867019163677e+06
1.062591070201569494e-06,1.142083651125187753e+06
1.223460463403784057e-06,1.209702592501559295e+06
5.644708471081492462e-07,1.099229168562670937e+06
1.010707226564312274e-06,6.773984974728040397e+05
8.808404518637130241e-07,9.061214458295368822e+05
7.948097827910359280e-07,1.018007760739612742e+06
9.075722937745721105e-07,9.842816932951131603e+05
1.126807197180251271e-06,8.253532554482471896e+05
8.532467288599064019e-07,1.125537986700051697e+06
9.627123318404185278e-07,1.009873939708471065e+06
8.379683003397936786e-07,1.421060767312969780e+06
7.157031708120300993e-07,1.759764702745326329e+06
1.482917351364397775e-06,9.976081443244063994e+05
3.927240964451817971e-07,1.290394661372445757e+06
1.788210653049988109e-07,2.938058961550429929e+06
1.894578591079615154e-07,4.030210962680070661e+06
4.482506505341826872e-07,2.581728622747153416e+07
6.725340961126584886e-07,1.578646946722714230e+06
4.430049082691662646e-07,2.216253978592925705e+06
8.208956304909842116e-07,1.514358481318294071e+06
8.705196332297921319e-07,1.408458621726714075e+06
6.641732515742668298e-07,1.820741187868633773e+06
1.289717537184021822e-06,1.087517256248519989e+06
1.457286515622179269e-06,1.015657647761002067e+06
2.071296090119021235e-07,2.558470010944951698e+07
1.788210653049988109e-07,2.938058961550429929e+06
2.976933801921722870e-07,2.499199715119392145e+06
3.854528233456913747e-07,2.769672105002672877e+06
3.457714239493070725e-07,3.289039398399433121e+06
6.210541075961744402e-07,1.862014316724715056e+06
3.788987157079082973e-07,3.109522414147460368e+06
5.642156897273572352e-07,2.077877373495737789e+06
5.958257550545491492e-07,2.195553084769958630e+06
9.096392661594059582e-07,1.555172249790186528e+06
2.816698488374312314e-07,3.624407254515754431e+07
1.117062554961674805e-06,1.488799099142943742e+06
6.368097103215705027e-07,8.773031622927318094e+05
5.845839497847050758e-07,1.517353653923819074e+06
2.976933801921722870e-07,2.499199715119392145e+06
8.118412021171541477e-07,1.158941138804523507e+06
8.116554828354675321e-07,1.157103224564830773e+06
8.309532811433031546e-07,1.198527605121875647e+06
9.228724787319011524e-07,1.285809997707622591e+06
9.057740941897249165e-07,1.297897088557838928e+06
2.013180881338658064e-07,5.841477485508015379e+06
8.631348686732330133e-07,1.510349633133396739e+06
7.643347191044255912e-07,1.727310600080208154e+06
1.559483794546750805e-06,1.005146906978937564e+06
1.517719609564826317e-06,1.032857319510745700e+06
2.122435801655798696e-07,2.184176052278729156e+06
2.551260471649447270e-07,1.911844974902948597e+06
3.592478163313178996e-07,1.300857774597330950e+06
5.635590171017530948e-07,1.532207654042697977e+06
8.309532811433031546e-07,1.198527605121875647e+06
9.057740941897249165e-07,1.297897088557838928e+06
8.195624417399179832e-07,1.605835166946189012e+06
8.631348686732330133e-07,1.510349633133396739e+06
1.138171976172794034e-06,1.319823620008392259e+06
1.517719609564826317e-06,1.032857319510745700e+06
1.554353866325178953e-06,1.068711102046446642e+06
2.721345729624445253e-07,2.831173659659903962e+06
2.418320766779671320e-07,3.233388488367069047e+06
2.028560340333974414e-07,3.817554769272724632e+06
2.111445368472585096e-07,4.169976234517100267e+06
1.659110665078273642e-07,5.764750942242573947e+06
3.115582719335272865e-07,3.062671428353330586e+06
3.157275455089175883e-07,3.122992864992631134e+06
2.414464219657209198e-07,4.081756771420023870e+06
3.521486647609397883e-07,2.879642110553201288e+06
2.406984552472906719e-07,4.347759371845949441e+06
3.323643277713038268e-07,3.190120090282252524e+06
1.312285816700700088e-07,4.294977768219063990e+06
1.774700536949515108e-07,2.784294584801679477e+06
2.166213850414900675e-07,3.628495350921028294e+06
2.721345729624445253e-07,2.831173659659903962e+06
3.157275455089175883e-07,3.122992864992631134e+06
2.656310358694115306e-07,4.314762367577778175e+06
3.323643277713038268e-07,3.190120090282252524e+06
3.650125990620959477e-07,3.093300047326257452e+06
4.221338348825654698e-07,2.867400661522296257e+06
3.618278648396526818e-07,3.528891926531727891e+06
6.213681846105468159e-08,2.372813048765906319e+07
1.312285816700700088e-07,4.294977768219063990e+06
1.372212268663517117e-07,6.680359316321183927e+06
1.688196829731773655e-07,4.200236343902979977e+06
3.650125990620959477e-07,3.093300047326257452e+06
3.112204122478530793e-07,4.028013914191415999e+06
4.221338348825654698e-07,2.867400661522296257e+06
3.618278648396526818e-07,3.528891926531727891e+06
3.192310302765944379e-07,4.248923914442178793e+06
1.014624502868116591e-07,1.450515882873715274e+07
7.579509086570537200e-08,3.049359202956083417e+07
6.319524385123367394e-08,3.327986308682870120e+07
1.372212268663517117e-07,6.680359316321183927e+06
1.688196829731773655e-07,4.200236343902979977e+06
2.440899215168614518e-07,3.560430479162216652e+06
3.390117349808581242e-07,2.912168464508255012e+06
3.108262524271178404e-07,3.523906446777838748e+06
3.923503769274656906e-07,2.926143653930319939e+06
3.929222933607627211e-07,3.109459725789998658e+06
4.578406901557706201e-07,2.654509601828132290e+06
4.010897979601366265e-07,3.046118241563335061e+06
3.192310302765944379e-07,4.248923914442178793e+06
2.656271534306763630e-07,2.217261500644700136e+06
4.615873207022394002e-07,1.347518338045120938e+06
4.658855751294088339e-07,1.494401055243507028e+06
2.352885097035698676e-07,3.826602753001147415e+06
2.431768998858997011e-07,3.657136579679538496e+06
3.453948318942690623e-07,2.729711729796428233e+06
3.108262524271178404e-07,3.523906446777838748e+06
3.923503769274656906e-07,2.926143653930319939e+06
3.521829327490831848e-07,3.395758659786183387e+06
4.803734504871711327e-07,2.553152230558225885e+06
7.364622833395752321e-07,2.012839352379662683e+06
3.063411233028984785e-07,6.079860979808587581e+06
2.640126965253297599e-07,2.566023949492714833e+06
2.487121681149535258e-07,3.006309167798856273e+06
4.514581983901937958e-07,1.614135199823372532e+06
3.371697002559358403e-07,2.476535565290377941e+06
4.640622717973242036e-07,1.994223436770189786e+06
7.035771420584438042e-07,1.343524776647184743e+06
7.128636824622326105e-07,1.320478183550230460e+06
4.923831354105321559e-07,1.853627859253548784e+06
5.869688264859356524e-07,1.575290567459662911e+06
4.965069553599321017e-07,2.361323127017015126e+06
3.864136392270337836e-07,3.558568704610519111e+06
3.643630322410916250e-07,1.405758841657019919e+06
3.688671653695763367e-07,1.353710286523740739e+06
4.936250507293514280e-07,2.284985930853250995e+07
3.488526989946164178e-07,2.156940641188358888e+06
7.928003280726463934e-07,1.251376010644948343e+06
7.122957405117264295e-07,1.401427281126956688e+06
5.628737187912660957e-07,1.816015036729184445e+06
9.939597136390988582e-07,1.006964252469721250e+06
8.467056080758774157e-07,1.207989710391185945e+06
1.213767665937571289e-06,1.092925889263853198e+06
3.825160414040195738e-07,1.400827980380727211e+06
5.342609705768831103e-07,1.571948906935481355e+06
5.429012106496802720e-07,1.650276764420211082e+06
3.043864995810743893e-07,3.011093329907892738e+06
7.401762947030867961e-07,1.294879152192263398e+06
5.170654655435549893e-07,2.157252109798341244e+07
7.928003280726463934e-07,1.251376010644948343e+06
8.467056080758774157e-07,1.207989710391185945e+06
7.025408811662254605e-07,1.477190105463562999e+06
1.196145816323352118e-06,1.109433767630582443e+06
1.122318542489697235e-06,1.249331363442241447e+06
1.068619969438780420e-07,1.513446407080508582e+07
3.168543606413388527e-07,2.041482197500425391e+06
2.853929928515612291e-07,3.997998200575524569e+07
3.403824158735911427e-07,2.594017557230618782e+06
3.438712838469405844e-07,2.724945038557104301e+06
5.148039216353769499e-07,1.888362354189571459e+06
3.525241452399933759e-07,2.755199674652487971e+06
2.530109443758598559e-07,3.599138439911342226e+06
4.028385003387781174e-07,2.892842741087441798e+06
7.156658405427845884e-07,1.640553639762711711e+06
5.744487104061453544e-07,2.181989713410189375e+06
7.275552446570625062e-07,1.827443475772270933e+06
1.125370123549786634e-06,1.394005933676928049e+06
5.077009145352307559e-07,3.233459775114657357e+06
3.601086005975700086e-07,1.455174432989013614e+06
3.726296131586130550e-07,1.725962868233008776e+06
3.168543606413388527e-07,2.041482197500425391e+06
2.338594089369834267e-07,3.159281120993326884e+06
3.438712838469405844e-07,2.724945038557104301e+06
3.525241452399933759e-07,2.755199674652487971e+06
7.058691076594730093e-07,1.519182796741648577e+06
2.314547269388344730e-07,4.787289258317852393e+06
5.235467491288902629e-07,2.099316037926557939e+06
6.364967116439034308e-07,2.002125607766245259e+06
9.782532244403183881e-07,1.363600226353262318e+06
3.342374591774864908e-07,1.425575457317411434e+06
3.812879628794732111e-07,2.006924728525782702e+06
3.060493920841100894e-07,2.125654766630365513e+06
5.782970368510851314e-07,1.585372022998035885e+06
6.959040941536329360e-07,1.373552172192470403e+06
7.575062326380199457e-07,1.292001603974699043e+06
5.545212005249321292e-07,1.835511749337243615e+06
5.191376622293055477e-07,2.083126694397496525e+06
5.488849086269848436e-07,2.022232282400172669e+06
5.013662728793053509e-07,2.338988621170176659e+06
8.681389477305210594e-07,1.706945650433818111e+06
1.318550589840702095e-07,7.459375169880691916e+06
2.396639554289229957e-07,2.695861996250889730e+06
1.828043166143682516e-07,4.157158193381308578e+06
5.471346319400183914e-07,1.835102818303286564e+06
6.761112311095158040e-07,1.489084143989418168e+06
8.391139689300604885e-07,1.290580586306882557e+06
5.570815744374449791e-07,1.962957026079007983e+07
5.857893541307173991e-07,2.062605072864330374e+06
1.357167279564961128e-06,1.031604352717607399e+06
1.210600387462666471e-06,1.300257437001995044e+06
1.283314745123359207e-06,1.225860374810042558e+06
2.311108710646128835e-07,4.221609356171464175e+07
6.813487814792950441e-07,8.357044748938640114e+05
8.220807491776373978e-07,1.071102794025576441e+06
9.404854831599196077e-07,1.010765764504684485e+06
8.992533836203536943e-07,1.077829339719922980e+06
1.004859918699494611e-06,1.011044756321007386e+06
6.558368033863130115e-07,1.609756047263436718e+06
7.301171185661502081e-07,1.489671850311813876e+06
7.074100229324540296e-07,1.722332106881377287e+06
8.016055491839109599e-07,1.539041173414620804e+06
1.349971308804092074e-06,1.097336761650095461e+06
1.623557473979713729e-07,9.874450971820868552e+06
2.231707411968137108e-07,2.501778629456250928e+06
2.105018792240739361e-07,3.402370719124728814e+06
5.176795549840244171e-07,1.923823536932607880e+06
8.070289391248691837e-07,1.422651683480047854e+06
5.696013912681177793e-07,1.938899379171940964e+06
6.021296252743698754e-07,1.965100194232973736e+06
6.617697431588232271e-07,1.836224580573160201e+06
6.509795654217839539e-07,1.905888098985939287e+06
7.520189308571236670e-07,1.631458343498890754e+06
1.547341956006330657e-06,9.552934708216995932e+05
1.192477942800716809e-06,1.241912309726234758e+06
1.623557473979713729e-07,9.874450971820868552e+06
6.235708728984403873e-07,7.575987176284514368e+06
6.019691256017045039e-07,1.283084368974018143e+06
7.297935771929923055e-07,1.164629909537439933e+06
1.025981283898145855e-06,9.198205738662352087e+05
1.001760379518760925e-06,9.792510807798535097e+05
1.039588383314346703e-06,1.134556894553562393e+06
9.271439487584006409e-07,1.273076637391290162e+06
8.845578984422755263e-07,1.482931776228031609e+06
1.660101871077535020e-07,9.198839037637097761e+06
1.738879707529110737e-06,8.508461600996553898e+05
1.517831400809922187e-06,1.033091347952308017e+06
1.278771815523600803e-07,3.418193356564240064e+06
2.864226131828507450e-07,1.945182134526006877e+06
4.281436327820134945e-07,1.384926502854102757e+06
1.025981283898145855e-06,9.198205738662352087e+05
1.001760379518760925e-06,9.792510807798535097e+05
6.651903818313778147e-07,1.517988050074276282e+06
6.207291646940677555e-07,1.716534900456737261e+06
1.039588383314346703e-06,1.134556894553562393e+06
9.908935113482291992e-07,1.196733112334719393e+06
7.743759777635608624e-07,1.785057980924066622e+06
1.709796703149596317e-06,9.717972457478590077e+05
1.485969998836842880e-07,5.923454785612218827e+07
1.454917182648669110e-07,3.448177126529758796e+06
2.864226131828507450e-07,1.945182134526006877e+06
2.168281796305213487e-07,2.165869312814923376e+07
3.032676191291170774e-07,3.423479819127161056e+06
3.367226290699771186e-07,3.337934492432774510e+06
3.835772541468615262e-07,3.048931678360109683e+06
5.121912363711488927e-07,2.548075388022327796e+06
5.299229836716815012e-07,2.391359476935230196e+06
4.118255107427248836e-07,3.088699073014890309e+06
2.807706333653411511e-07,1.854654391643395647e+06
1.102790173494081051e-07,6.072437447578362189e+06
3.440323761540398043e-07,2.501012935944692697e+06
4.089592665684472667e-07,2.107255696753080934e+06
3.305665708699306035e-07,3.538775304917138070e+06
5.915774755408364725e-07,2.075662733925064094e+06
5.919811743342211036e-07,2.106737795202814974e+06
5.755949978719566825e-07,2.258987165331269149e+06
5.397710126511416363e-07,2.389173400741022546e+06
5.706808218659432614e-07,2.402880615152346902e+06
8.139640518427394382e-07,1.725332073584972415e+06
1.056762633195106697e-06,1.482820578465270810e+06
9.979911907685119678e-07,1.571029685344464378e+06
2.405388966002703070e-07,9.247756198354149237e+06
7.181370627969247349e-07,1.358404693233178928e+06
7.409869656626977414e-07,1.322656247151708929e+06
7.385423014005915567e-07,1.313807948704392882e+06
5.030697062534827719e-07,2.040689760140936123e+06
5.312799654487495409e-07,1.909415463050192920e+06
7.537803402529327530e-07,1.353017602748049889e+06
5.960913713264854974e-07,1.815192511453168234e+06
7.802142973924458688e-07,1.360799428610797040e+06
6.304184217321665373e-07,1.672355985048345989e+06
7.517162844020093846e-07,1.482240906000682851e+06
6.824332147921707448e-07,1.619149854378048563e+06
5.139382835811949657e-07,2.258356558561452664e+06
6.798015506564435960e-07,1.713032517874287674e+06
3.826352352234403732e-07,2.209049971509655006e+06
4.195198875711647993e-07,2.117184770722573623e+06
3.362275117700620156e-07,2.891087165421093814e+06
4.941155345554096473e-07,1.994436773987230146e+06
5.030697062534827719e-07,2.040689760140936123e+06
5.312799654487495409e-07,1.909415463050192920e+06
4.091237524799618542e-07,2.588423252202719916e+06
5.960913713264854974e-07,1.815192511453168234e+06
6.824332147921707448e-07,1.619149854378048563e+06
5.327624745502096684e-07,2.073246281939230859e+06
7.206927209162598882e-07,1.625295791683477117e+06
6.776841337654471586e-08,1.923850788593838364e+07
9.809362742541334733e-07,1.357871212377544260e+06
3.826352352234403732e-07,2.209049971509655006e+06
4.195198875711647993e-07,2.117184770722573623e+06
1.937888109237176339e-07,4.585261690770720132e+06
2.862751853273959658e-07,3.358118994805785827e+06
5.105455514191451321e-07,1.847256820057568606e+06
3.362275117700620156e-07,2.891087165421093814e+06
7.346558360621572346e-08,1.215624113560789637e+07
3.530918132557235410e-07,2.696678974796359427e+06
3.173285375287685595e-07,3.041119187053377740e+06
4.091237524799618542e-07,2.588423252202719916e+06
3.459983087763922569e-07,3.554143848314587958e+06
2.156364984256862471e-07,6.487740111157615669e+06
2.375597011022304628e-07,2.780566107967153192e+06
2.238872145638394527e-07,3.665162635005649179e+06
3.758130659388400716e-07,1.974584567903375952e+06
3.042414610899883394e-07,3.002511687347819563e+06
3.250949294476940175e-07,2.842779265753868502e+06
3.223304389461596273e-07,3.107275261701704934e+06
3.239646765264171782e-07,3.546293363636260387e+06
3.932977235084890256e-07,2.886690033465000801e+06
3.150893099656426855e-07,3.710275208786849864e+06
6.447874603968127968e-07,1.957661840303664096e+06
5.566474843749886626e-07,2.393813277824611869e+06
6.672589105631482377e-07,2.218831962114272639e+06
3.550198731597799818e-07,2.245874012078460772e+06
4.367787878636541338e-07,1.966455655695070280e+06
4.761056383555909417e-07,1.909691478130182484e+06
5.155312703640075510e-07,1.706846144174581626e+06
3.661740284195192750e-07,2.665642593593131285e+06
5.939086880799014726e-07,1.715206260073381709e+06
5.552364749381707892e-07,1.848462834679346532e+06
6.505588273843426855e-07,1.566109103890866507e+06
6.304931999719920523e-07,1.689314526973927859e+06
6.417404572417660114e-07,1.665658008857227862e+06
5.499836633593439391e-07,2.090161833226510789e+06
8.883140792267147920e-07,1.422745724047570024e+06
2.402929192332098661e-07,3.446083040539987385e+07
4.559687901808179008e-07,1.305708153516745009e+07
5.149403319856809252e-07,1.527030598025643732e+06
1.851860007362376775e-07,3.772790837973701768e+06
6.244079887684232850e-07,1.382086857119414723e+06
6.389196622421837640e-07,1.360791773101429688e+06
6.505588273843426855e-07,1.566109103890866507e+06
6.657362608058524983e-07,1.533978042736917967e+06
7.217096988510591446e-07,1.401018720924069639e+06
6.304931999719920523e-07,1.689314526973927859e+06
2.526665980166315907e-07,2.904180770664236322e+07
2.520357426222443641e-07,2.992725749725027476e+06
1.851860007362376775e-07,3.772790837973701768e+06
4.327042574740106360e-07,1.970899500531880185e+06
4.427698956238197312e-07,2.172876258389894851e+06
6.304362422607896909e-07,1.441553675104336115e+06
5.235437870144566962e-07,1.865881137967532966e+06
4.240135877150121008e-07,2.991905447482116055e+06
1.421350606717384741e-07,8.417592325692228973e+06
5.222495246167571161e-07,2.494393565769557841e+06
9.006049850265512886e-07,1.738898557738962118e+06
2.305206683088794217e-07,9.584640596141604707e+06
9.203303178640061589e-08,5.855335735295790248e+06
8.239744680741878776e-08,8.183127834740305319e+06
2.271847868071447070e-07,3.551019235880379099e+06
2.101377327843920610e-07,4.619761104094452225e+06
4.073371149767525556e-07,2.922544265626340639e+06
4.044077392802531956e-07,2.792872036670517176e+06
5.062688754792754764e-07,2.359232167629179079e+06
4.906493254470096763e-07,2.803959127034589648e+06
3.861742429096539395e-07,3.698064056064618751e+06
8.944063208965471232e-07,1.856302800692128018e+06
6.567673110027452972e-08,2.554098898996536434e+07
1.200782699128963711e-07,7.335954117434465885e+07
4.810824101771536036e-08,2.151316150052476823e+08
1.226944426096158213e-07,7.116301347231219523e+06
1.304854745528497150e-07,9.132865030374368653e+06
2.222433207106932896e-07,5.238436532140056603e+06
2.194422495283364738e-07,5.156862561210054904e+06
1.151896852863616926e-07,1.095420745266543142e+07
3.162963573721803082e-07,3.932035348506701179e+06
3.183644041141025255e-07,4.655737713976330124e+06
1.391591054870114854e-07,1.133450444269014709e+07
4.821272483457356214e-07,3.668426143443457782e+06
1.175115283626643251e-07,7.372352233943180740e+07
1.914495134204076417e-07,2.930359654672833625e+06
1.281318720711560460e-07,4.728205304196150042e+06
7.849684238589221044e-08,2.585646436077518389e+07
1.792520826283486302e-07,4.110838593078801408e+06
1.425150004744471645e-07,6.349798834959026426e+06
1.946486534738656705e-07,6.288896919071356766e+06
2.222433207106932896e-07,5.238436532140056603e+06
2.815801255880222770e-07,4.277336636144600809e+06
2.791599546336379366e-07,4.967992553451882675e+06
5.036208414419791839e-07,3.103899424369035289e+06
1.681709421200940044e-07,6.252986709624029696e+06
1.234805415582122303e-07,4.437885406639900990e+06
1.281318720711560460e-07,4.728205304196150042e+06
1.686350706771956317e-07,5.750867856937986799e+06
3.196188958299601126e-07,3.045902041788619012e+06
3.085804568344009207e-07,3.519373433524655178e+06
7.819100894281006393e-08,1.204999132293288969e+07
3.495385621836689998e-07,3.171756437104104087e+06
1.946486534738656705e-07,6.288896919071356766e+06
2.570457705723338068e-07,4.439264609957354143e+06
2.815801255880222770e-07,4.277336636144600809e+06
2.200799216853582870e-07,2.225804998743741307e+06
2.772390836071079220e-07,3.886562010150298476e+07
1.337831772424472805e-07,5.856064074436197057e+06
1.636413726362410183e-07,5.421333267842666246e+06
3.196188958299601126e-07,3.045902041788619012e+06
3.085804568344009207e-07,3.519373433524655178e+06
4.202299089402603932e-07,2.482540722099221312e+06
3.495385621836689998e-07,3.171756437104104087e+06
5.142201854400877642e-07,2.116674172139926348e+06
5.048932132408498730e-07,2.296713891306336038e+06
4.962888274758596545e-07,2.459446796471327543e+06
2.836753795338044274e-07,3.653456865296795964e+07
4.821147977802486388e-07,1.306840310223106062e+06
2.342903603365929446e-07,2.861365241240337025e+06
1.411938188546741259e-07,5.520701451717363670e+06
5.295381113238066592e-07,1.741032910337224370e+06
4.866402178314539087e-07,2.132483727021899074e+06
5.540769929606774418e-07,1.904149107431403594e+06
4.202299089402603932e-07,2.482540722099221312e+06
5.048932132408498730e-07,2.296713891306336038e+06
4.993373176932071897e-07,2.298605570361135527e+06
4.962888274758596545e-07,2.459446796471327543e+06
5.096536349992493352e-07,1.103682821003146004e+06
4.821147977802486388e-07,1.306840310223106062e+06
2.342903603365929446e-07,2.861365241240337025e+06
3.670503134685896031e-07,1.881180150582456961e+06
4.866402178314539087e-07,2.132483727021899074e+06
9.779218811783932437e-07,1.052965008185263723e+06
5.540769929606774418e-07,1.904149107431403594e+06
5.694731798995202115e-07,1.917423020789756207e+06
4.532192713107073357e-07,2.496592715949867386e+06
5.622389033306044520e-07,1.410210594109951705e+07
1.310194664777076164e-06,1.133957481038272846e+06
5.173583735215460146e-08,4.315196552109123766e+07
4.799051875264642476e-07,1.176591227318582358e+06
5.468394728591802820e-07,9.709550257615534356e+05
3.670503134685896031e-07,1.881180150582456961e+06
6.480471127428609066e-07,1.284960202558355872e+06
8.042221611318899004e-07,1.035087591862645699e+06
9.779218811783932437e-07,1.052965008185263723e+06
1.063248194502831747e-06,9.971272701874108752e+05
6.817835430870159020e-07,1.679963430138624273e+06
8.992322710761580743e-07,1.244550323849354638e+06
1.403272558906420287e-06,1.056491159804349067e+06
3.819641552846233971e-07,3.987006692374667153e+06
1.694092377837396986e-07,2.952432950244512875e+06
3.654806377024879351e-07,2.980721451247391850e+07
3.372635337956261951e-07,2.071701226545137353e+06
1.586767018163362211e-07,5.147305082622855902e+06
4.196845745778455909e-07,1.949023534493406769e+06
8.235011978242503384e-07,1.170486467513626209e+06
5.605453252392529879e-07,1.726663014821752207e+06
1.419528104237349019e-06,8.895389888285303023e+05
5.579982757127886904e-07,2.339484352218180429e+06
1.055019575126303439e-06,1.259497778539259220e+06
1.713582068150482133e-07,3.001562252247809432e+06
1.371711795432651398e-07,6.551513913877210580e+06
2.819178976423479324e-07,2.891411881586715579e+06
4.859862772841477575e-07,1.745064857368134893e+06
2.072777372495135762e-07,4.881179696624130011e+06
5.310771798153930893e-07,1.858034738808262162e+06
6.806285884436746275e-07,1.507465288066494744e+06
6.955124658656559796e-07,1.467062138668701518e+06
5.777570417283635451e-07,1.754428911976818461e+06
6.617598035338455238e-07,1.602984553926719120e+06
6.363190398387515898e-07,1.751964637236931128e+06
2.100801237698086444e-07,4.516376788501793891e+07
3.058616170411783510e-07,1.649429481443668483e+06
1.870407540248489769e-07,3.045318121812978759e+06
6.439756682467942018e-07,1.272759527463159524e+06
6.806285884436746275e-07,1.507465288066494744e+06
6.955124658656559796e-07,1.467062138668701518e+06
6.617598035338455238e-07,1.602984553926719120e+06
4.631469316203522126e-07,2.326985721409434453e+06
6.363190398387515898e-07,1.751964637236931128e+06
3.310264089313554610e-07,3.696419635618482251e+06
1.628406817195818879e-07,1.372169821885121614e+07
1.920845436196364961e-07,3.096670210803090595e+06
2.984915709842637715e-07,1.969490492811952019e+06
2.714645194439001674e-07,3.791074600189480931e+06
2.896265833908877846e-07,3.651040217028809246e+06
3.881649469664072573e-07,2.977163290182031225e+06
2.190981411725452993e-07,5.079899279589417391e+06
2.441793283343447667e-07,4.972181518297234550e+06
3.310264089313554610e-07,3.696419635618482251e+06
3.333127329678814363e-07,3.839214849830952007e+06
3.625268711756768397e-07,3.680352981246136129e+06
8.027964549702208829e-07,1.838991975954476744e+06
2.984915709842637715e-07,1.969490492811952019e+06
4.215477900191671808e-07,1.675354137333059218e+06
2.679933607017054583e-07,3.118384937619479373e+06
2.946674746832093899e-07,3.001792892066566274e+06
4.755202132621399062e-07,2.041480029307980323e+06
5.961111041208214580e-07,1.628662430466649355e+06
4.893322170301527817e-07,2.032853926333292155e+06
5.520319000756393646e-07,1.914291018635615008e+06
5.262817287596652507e-07,2.263939000743438490e+06
4.672734012831442448e-07,2.819082745727146976e+06
3.333127329678814363e-07,3.839214849830952007e+06
9.266980329100560246e-07,1.690467024257044308e+06
3.922020639940243423e-07,2.441565896877525374e+06
4.595936200802661694e-07,2.109903992331334855e+06
4.893322170301527817e-07,2.032853926333292155e+06
4.494754474359859897e-07,2.352452120861509349e+06
5.520319000756393646e-07,1.914291018635615008e+06
3.391008118984397899e-07,3.155936247198961675e+06
3.939125726532096512e-07,2.674109919449538924e+06
4.170959920373787853e-07,2.552743521859268192e+06
3.850621218588845258e-07,2.924235564063970931e+06
2.805671752149397453e-07,4.154065308780053165e+06
5.262817287596652507e-07,2.263939000743438490e+06
4.672734012831442448e-07,2.819082745727146976e+06
4.046254685646426600e-07,3.605306312296309508e+06
9.266980329100560246e-07,1.690467024257044308e+06
3.181203456228796802e-07,1.112882558686722815e+07
3.160639642882694182e-07,2.861457100241773296e+06
3.697959891976958467e-07,2.371362439504784998e+06
2.305232770961364177e-07,3.984963424009412993e+06
3.922020639940243423e-07,2.441565896877525374e+06
2.200294803127399284e-07,4.328528758175197057e+06
4.741050030019024164e-07,2.030269013335019816e+06
4.595936200802661694e-07,2.109903992331334855e+06
3.018611216067560320e-07,3.500649960713049863e+06
2.929166633366365393e-07,3.959931656032004859e+06
3.846008647724789604e-07,2.988081086290078238e+06
4.092221254906323866e-07,3.117109955769394990e+06
3.160639642882694182e-07,2.861457100241773296e+06
3.697959891976958467e-07,2.371362439504784998e+06
2.200294803127399284e-07,4.328528758175197057e+06
5.748491257991800242e-07,1.662925194202710874e+06
2.499906839597160363e-07,3.784638260442488827e+06
7.884578285437319058e-07,1.233656479012516327e+06
2.148376953680177233e-07,4.623841087023613974e+06
7.592992554585724414e-07,1.289518981488852762e+06
6.215651223845396306e-07,1.637832489223651122e+06
3.826756212584724545e-07,2.749970495229498018e+06
6.588622271756669472e-07,1.671675179146243492e+06
5.913002730863805177e-07,2.003182108334462391e+06
2.006928948776181904e-07,2.076136162075799704e+07
2.224271839310820539e-07,6.002077756627361290e+06
5.074950197404606865e-07,1.668568932894973084e+06
7.098993326408066656e-07,1.341421606252931757e+06
6.791246748809971917e-07,1.652481583702599863e+06
4.289983306946662457e-07,2.939066374430559576e+06
4.986057061941199705e-07,2.607183377408512402e+06
5.254436002711161433e-07,2.504787416550026741e+06
5.740511965295632311e-07,2.398156774757333100e+06
8.629020546560731451e-07,1.814891769358637743e+06
1.058877537441231402e-06,1.569961935912105953e+06
1.024517654733029305e-07,2.149799683044524863e+07
2.080288252311594901e-07,7.074315762342168950e+06
8.342410956881386316e-08,8.414654934477256611e+06
5.555804261714296873e-07,2.039996106071865931e+07
5.143578473324465418e-07,1.581838143219870981e+06
7.819198313476761334e-07,1.223149026360135293e+06
7.100334494284247948e-07,1.400410981154866517e+06
5.890158141301938066e-07,1.841092568851524265e+06
1.245484990636165526e-06,1.068021006867575226e+06
1.144220813372154297e-06,1.161916129381417297e+06
7.125538316981374574e-07,1.897498936769591179e+06
1.020907060309864376e-06,1.536296877360307612e+06
7.455559271326975670e-07,7.873969922945529688e+05
4.796279433211973985e-07,1.429581417810972081e+06
7.267814099038964688e-07,1.164569281612477498e+06
6.831742812135168497e-07,1.250338073696414707e+06
3.238484756294968390e-07,3.116466173905256670e+06
6.903654051608128727e-07,1.575938366340128938e+06
6.620997407016659893e-07,1.571682777156748576e+06
7.236736758179005836e-07,1.563989803015296347e+06
7.151267040282155477e-07,1.571714124278846430e+06
6.571088115708689860e-07,2.058597290506164311e+06
1.146663502274088979e-06,1.161082805015438935e+06
1.262109947324646695e-06,1.173215034632142866e+06
2.477435975111691292e-07,8.387200978411908261e+06
5.506628297844832971e-07,1.043490625739252660e+06
4.796279433211973985e-07,1.429581417810972081e+06
4.505261328783583393e-07,1.531768665931202471e+06
2.712422285938286681e-07,5.083413258735209703e+06
5.553866129911245186e-07,1.916333642497665714e+06
6.620997407016659893e-07,1.571682777156748576e+06
6.164176952524174725e-07,1.704949883945214096e+06
7.190332810410013089e-07,1.572629267627586378e+06
6.402265449516349183e-07,1.924162572396422038e+06
6.956025489436745229e-07,1.759550205653944053e+06
9.798495986174298970e-07,1.228717292829635553e+06
6.832404631373550820e-07,1.794743495482873172e+06
5.506628297844832971e-07,1.043490625739252660e+06
3.646476204753208716e-07,1.708964010702753440e+06
5.442849028860204923e-07,1.175098326827608515e+06
3.344713544339715516e-07,2.406838786613667849e+06
4.802408426272658035e-07,2.031766055530944839e+06
6.164176952524174725e-07,1.704949883945214096e+06
5.553866129911245186e-07,1.916333642497665714e+06
7.521854632770493038e-07,1.432639767030907329e+06
7.815570414397354389e-07,1.350929417206728831e+06
7.675335093230171409e-07,1.382816086926682619e+06
8.441449284129899945e-07,1.310656733798649162e+06
5.442849028860204923e-07,1.175098326827608515e+06
3.583304633166471656e-07,2.344825867026170250e+06
2.301469131719938299e-07,3.380750695214347914e+06
2.257622888650135437e-07,4.008460620631585363e+06
3.344713544339715516e-07,2.406838786613667849e+06
3.571973562433027892e-07,2.528956700286183972e+06
3.829697033474908482e-07,2.467286268115861807e+06
3.715540043184465175e-07,2.757841800699751358e+06
3.738781709046370002e-07,2.978643149175949860e+06
5.343819735815900352e-07,2.347097438954579644e+06
6.109512431318459827e-07,2.236542124345939141e+06
1.056323899084219567e-06,1.572445957707375055e+06
2.336002563408662837e-07,2.383803790755461436e+06
2.056375904057496133e-07,2.956586314189887606e+06
3.583304633166471656e-07,2.344825867026170250e+06
4.045849583087155830e-07,2.171047889737780206e+06
4.658539764248031458e-07,1.987114979070929345e+06
3.829697033474908482e-07,2.467286268115861807e+06
6.485005735917505354e-07,1.534081426729487721e+06
3.715540043184465175e-07,2.757841800699751358e+06
8.681187150136332250e-07,1.270589267657319549e+06
3.738781709046370002e-07,2.978643149175949860e+06
1.334246651798534912e-07,1.034992635095384531e+07
2.114648274061504742e-07,2.483148180126376450e+06
2.434880978640519542e-07,2.034350270124907373e+06
5.844672304704267487e-07,1.484497492272354895e+06
4.045849583087155830e-07,2.171047889737780206e+06
4.688415015237485294e-07,1.879493763550639898e+07
4.658539764248031458e-07,1.987114979070929345e+06
6.463913072124842329e-07,1.607606296516390517e+06
5.665466294480428966e-07,2.014498390168267768e+06
4.971535150989335743e-07,2.777292215565533377e+06
1.026665353154702361e-06,1.365279178810279351e+06
1.008747513644887748e-06,1.466014067575427704e+06
3.022352868579620393e-07,1.603500156334760832e+06
2.426011316191356508e-07,2.108602562199487817e+06
2.646507942593075421e-07,2.020812826872287085e+06
3.770709774597887783e-07,2.775890972898771521e+06
4.975212369708464608e-07,2.175646986466327216e+06
3.034295130146519146e-07,3.561174170726775192e+06
5.865472359476716283e-07,1.873584177636274137e+06
5.571550924263102841e-07,2.143582910289457534e+06
3.397178713139130376e-07,3.812065778938504867e+06
5.878047676135229475e-07,2.222696924073375296e+06
1.054614471030304838e-06,1.485284456878384342e+06
1.593525346066265354e-07,1.441471311705794372e+07
2.132707660066122859e-07,8.425748906193127856e+06
2.636269992885880478e-07,2.241541207231932785e+06
3.044708081642396277e-07,3.203253250827874523e+06
3.034295130146519146e-07,3.561174170726775192e+06
2.823356132742138871e-07,3.815843252227580640e+06
3.618383318933123892e-07,2.967493287172294222e+06
3.770709774597887783e-07,2.775890972898771521e+06
4.036538299237554555e-07,2.616859313693445176e+06
2.591212611061018634e-07,4.367308404777747579e+06
2.949470670467568859e-07,3.950401887766625267e+06
4.444507399657549050e-07,3.148509085580869112e+06
8.569982501237181773e-07,1.824187515849920921e+06
2.094462454449924351e-07,7.717417219923785888e+06
3.087997454479094216e-07,1.718475740298553370e+06
4.282632158054138383e-07,1.973408060446186457e+06
4.120912776518779918e-07,2.175674662983802147e+06
5.963670810139883638e-07,1.607416531624617055e+06
7.420361856854288258e-07,1.440657476791905006e+06
3.808156201757453984e-07,2.941077302044478711e+06
7.123211501849377901e-07,1.575412104059553007e+06
5.977693356822516424e-07,1.962542125279704574e+06
6.231697394629705740e-07,1.956422073653180152e+06
8.478865526004552939e-07,1.649495743621966569e+06
5.844206543426321641e-07,6.001944537514094263e+06
4.127142191430251653e-07,2.121643872640294489e+06
3.319392314795401951e-07,2.654995200188098941e+06
4.890113848821656510e-07,1.862739798698944971e+06
6.074825709224612207e-07,1.511217614819141570e+06
5.785429797979251511e-07,1.644686955394813791e+06
7.931678947750447668e-07,1.224839049215859501e+06
8.115986750705627672e-07,1.258782867191340774e+06
6.620425194496797828e-07,1.516212793029084802e+06
7.724538789466390426e-07,1.392428875471365871e+06
6.201528966375200106e-07,1.971872940480754478e+06
2.849973304560666001e-07,5.291779502155517228e+06
2.848697350021010924e-07,1.564934455033948878e+06
3.416909972081050908e-07,2.486012127954210620e+06
5.662409904078037061e-07,1.759364473507504212e+06
8.115986750705627672e-07,1.258782867191340774e+06
7.724538789466390426e-07,1.392428875471365871e+06
4.096051180627898628e-07,2.709023702510744799e+06
4.363156625541429490e-07,2.713409014004910365e+06
6.351328280937619267e-07,1.838856781103570014e+06
7.091401709479780363e-07,1.739086132206791779e+06
6.333633121969640109e-07,1.930137299913718365e+06
9.571064372558510311e-07,1.468476150236602640e+06
1.102406358216312316e-06,1.343508729458290385e+06
4.652269039768021333e-07,3.271795857067897916e+06
2.848697350021010924e-07,1.564934455033948878e+06
1.781712889625146137e-07,3.367858557525068521e+07
3.795391527608853193e-07,1.402498385409690440e+06
4.221825588731011280e-07,2.431957669267503079e+06
4.565431151934750910e-07,2.235185426237673033e+06
4.717183017679602205e-07,2.237140915981855709e+06
7.743982659982826497e-07,1.440750920478441287e+06
6.056002926543622508e-07,2.029898487934537232e+06
1.014102468288733217e-06,1.253644791220500600e+06
9.713436282008672920e-07,1.525523869017576100e+06
1.161881270116649857e-07,1.910643269339628890e+07
1.781712889625146137e-07,3.367858557525068521e+07
4.359048062056153908e-07,1.802562432777753100e+06
4.498757139634407537e-07,1.009272812783436850e+07
4.849030530754668949e-07,1.877030607352288207e+06
2.880452851982853152e-07,3.620558280410190579e+06
4.415279813797496910e-07,2.370448901912332047e+06
4.215890966013638075e-07,2.438861998586767819e+06
4.074174347053113524e-07,2.531054336272430606e+06
4.948396011765799902e-07,2.224483844583783764e+06
3.965824791391194054e-07,2.894782279282178730e+06
3.686273245526283493e-07,3.180069146659570280e+06
3.786025143475920164e-07,1.436832868122590007e+06
1.817778694991527864e-07,3.932245904992948752e+06
3.484866540164503373e-07,2.201589825171922334e+06
4.386186460102716026e-07,2.129130022318887524e+06
3.800526572739626640e-07,2.514108833334080409e+06
4.368365916295143649e-07,2.365737650865507312e+06
3.911643237812838428e-07,2.762577149914209265e+06
5.279224134170624498e-07,2.067844517365482636e+06
5.359240840382364855e-07,2.095959301511320285e+06
5.577280736780943996e-07,2.186258395086991135e+06
5.335556981343759336e-07,2.376350120010340586e+06
1.960253122097135028e-07,1.077685278032300994e+07
4.747267724155289065e-07,1.280816785376723623e+06
4.011145284060761552e-07,1.640159251015200745e+06
1.579257288872083818e-07,7.441922713597017527e+07
6.350673616529453439e-07,1.277967568185228156e+06
3.411902313341645470e-07,2.535404031441674568e+06
4.546027838266392970e-07,1.960481580161427846e+06
4.258393161623884059e-07,2.637002010678720661e+06
2.683463344912164622e-07,4.207312982242075726e+06
4.847206124139064731e-07,2.268682603432259057e+06
4.785356333801896100e-07,2.307033650158485398e+06
4.812583705211983506e-07,2.401039916066667531e+06
2.433487916232226231e-07,1.381919750073016621e+07
3.611861606722598884e-07,1.790270092636119109e+06
9.876184118784939530e-08,7.123507637210370973e+06
3.616488729441749177e-07,2.174043480244569946e+06
4.315204168719007914e-07,2.485117119351700880e+06
4.030678484207328034e-07,2.580489207196888514e+06
4.728060224483790404e-07,2.468515050516940653e+06
4.665110584978610711e-07,2.623235171627801843e+06
5.117540300577944550e-07,2.348103689300767146e+06
5.544291115122474895e-07,2.361210499075468164e+06
4.826557346160697128e-07,3.027989060658196453e+06
4.518894003628707667e-07,3.618491576306522358e+06
9.708363518553500976e-07,1.709839781421688851e+06
2.828867347291352504e-07,1.716535639040776528e+06
5.013654129374326201e-07,1.096545601115657482e+06
4.717111873025284029e-07,1.279020401112679625e+06
5.502159012699025156e-07,1.414942617608577013e+06
4.604150147719954184e-07,2.437282711372350156e+07
6.767380372404930188e-07,1.580662864191473462e+06
6.768395083559481060e-07,1.577365520096864318e+06
6.410755561316687769e-07,1.932542774289661087e+06
5.422757635103940410e-07,2.265563832753922790e+06
8.244548793686923895e-07,1.796761808519561542e+06
1.061794762308855102e-06,1.392777945040208986e+06
3.281725745927682411e-07,3.351787060379931703e+07
4.717111873025284029e-07,1.279020401112679625e+06
1.750368103046002277e-07,4.279314067304750904e+06
1.692738301369823829e-07,5.006550768391270190e+06
5.905280869460592778e-07,1.381143279598524794e+06
6.303445204994702918e-07,1.603971370329217054e+06
5.826517879817432309e-07,1.824824922989545390e+06
4.535139358656658419e-07,2.571347008418606594e+06
6.613425197982341056e-07,1.785038444634253159e+06
4.961036674805952343e-07,2.321520251773810014e+06
1.046840887090638730e-06,1.414126540639124578e+06
1.593164050323913691e-07,4.892177615848910064e+06
3.622787825407342540e-07,2.388778847824493423e+06
2.508863221180736309e-07,3.289651073781474028e+06
1.609013661421997822e-07,5.534221830334857106e+06
1.554479073752606197e-07,6.014305680450653657e+06
4.507997231494105117e-07,2.222246763365751132e+06
2.531311348091215277e-07,4.756677661371359602e+06
4.486388589793610524e-07,2.747632946251951624e+06
4.213922528781125514e-07,3.081086516486867331e+06
3.444693124610306158e-07,4.018740242400004994e+06
1.047113902016074757e-07,1.382501442121159658e+07
7.036888346512650801e-07,2.098311075789138675e+06
7.147163330072900644e-07,2.194585685024976730e+06
2.665204031115428701e-07,7.335714799442050979e+06
1.236548669884140436e-07,2.376654698089742288e+07
3.622787825407342540e-07,2.388778847824493423e+06
3.905830243957096577e-07,2.317843127372976393e+06
1.405611930287518939e-07,6.682467475659531541e+06
5.665297944955528921e-07,1.820449054093864979e+06
5.224687366066729092e-07,1.946083677225986961e+06
4.507997231494105117e-07,2.222246763365751132e+06
5.929140204309627446e-07,1.795424354214628693e+06
4.149460806711043243e-07,2.597449577478714753e+06
6.201685693217128784e-07,1.681922969464162597e+06
4.267409965105041449e-07,2.735396952739231288e+06
1.937110303190466952e-07,2.516100300694747828e+06
8.844254358344413226e-08,6.010964884402957745e+06
2.215881735657788377e-07,2.619323123240815010e+06
1.209675498854467188e-07,7.148804761830858886e+07
4.149460806711043243e-07,2.597449577478714753e+06
4.267409965105041449e-07,2.735396952739231288e+06
4.931122248001025249e-07,2.408271095615461934e+06
5.640222301434674564e-07,2.159804179934144951e+06
5.175601718475595588e-07,2.391854109382641967e+06
3.782090781752403043e-07,3.882998319902901538e+06
8.211618467726841557e-07,2.024736058846027358e+06
8.844254358344413226e-08,6.010964884402957745e+06
1.550336781884891635e-07,6.897882225204043090e+07
1.488707684715294929e-07,6.437083758680793457e+06
2.238336767321209706e-07,4.099287236464131158e+06
2.020224053821431435e-07,4.795242781122557819e+06
3.256351619751246235e-07,3.262314621894196607e+06
2.061718998492364562e-07,5.525401381038642488e+06
1.797883947575363144e-07,6.340862161203461699e+06
2.361222412462093456e-07,5.133330744987257756e+06
2.840488767735179037e-07,4.231566901343643665e+06
2.367776901169610008e-07,5.307031745006651618e+06
4.082673245395479929e-07,3.421427218531158287e+06
2.183113462161496655e-07,2.708415510928421281e+06
2.420143065821722933e-07,2.473579703092638403e+06
3.124583477413236251e-07,2.025182933261738159e+06
1.506548786155392685e-07,5.046864474125087261e+06
6.316451403463180702e-07,1.646602227749859681e+06
4.551133063665658216e-07,2.273096098667583894e+06
8.011627641618092098e-07,1.346660199844930787e+06
6.869540568505021192e-07,1.556167848246258218e+06
7.192962034764511950e-07,1.525127247909215279e+06
8.240398476322122495e-07,1.416729971533062635e+06
8.851145568074531879e-07,1.682911938909524120e+06
2.510611919509856533e-07,1.565126455810988555e+06
2.615181740833507109e-07,2.598741685934411827e+06
3.416623568437232984e-07,2.565946773875970859e+06
1.197033150235261030e-07,7.626566028447759338e+06
4.733056560772964277e-07,2.100740863641705364e+06
6.569779446005652627e-07,1.511412043511525961e+06
5.988819513886127437e-07,1.758511416037501767e+06
8.011627641618092098e-07,1.346660199844930787e+06
8.240398476322122495e-07,1.416729971533062635e+06
6.700443591642915888e-07,1.811325930046269670e+06
9.207758292240957226e-07,1.529854514058130328e+06
2.228525702291423099e-07,9.609222285779029131e+06
1.488002192827962524e-07,5.102853088570659980e+06
2.542996704965615921e-07,2.526431989891694393e+06
1.971778267183815313e-07,4.524530330361207947e+06
2.956470410737404552e-07,3.140790478720790241e+06
2.777627405894715695e-07,3.543296091759682633e+06
3.705378400249860767e-07,2.685303183146452997e+06
3.823932451790195038e-07,2.764723593255364802e+06
3.648634979875759683e-07,3.156518451474462170e+06
3.651143302160417376e-07,3.424411951450609602e+06
6.905983644246822006e-07,2.268376669249488972e+06
1.053324203178985537e-07,4.894904467273505405e+06
1.574465841700163672e-07,5.939267260926485062e+07
5.425277687404410421e-08,5.167847175173652172e+07
3.091981186644441875e-07,2.774614457019798458e+06
4.662927193162741533e-07,2.296592512824196834e+06
1.450531735639023255e-07,7.182717203857215121e+06
3.004391042275052555e-07,4.063798346288096625e+06
3.003776287930522972e-07,4.439904539216115139e+06
4.326682537947283830e-07,3.633579673156890552e+06
6.630236492628785469e-07,2.510069965717431623e+06
5.425277687404410421e-08,5.167847175173652172e+07
6.784870188039553844e-08,3.523279400782735646e+07
1.146510007774202315e-07,7.262114833337872289e+06
1.533572622014806158e-07,6.756839563408949412e+06
1.766581641196286390e-07,6.559055836755184457e+06
1.656737552416414431e-07,7.012683360624918714e+06
1.319993284923629559e-07,9.144366449403218925e+06
1.316118023821876953e-07,9.208609831673081964e+06
1.635503104762443986e-07,7.826785491829695180e+06
1.299396679224273439e-07,9.910420410726826638e+06
1.756331401959447406e-07,7.796890248294637538e+06
8.475416805326911430e-08,1.737966779129679501e+07
2.533317064906859751e-07,5.853400957864314318e+06
1.213701375182068707e-07,2.794957971261645854e+07
1.181393980614775035e-07,8.114913399567151070e+07
1.775792835115325927e-07,3.344577512812496163e+06
2.443972102608698775e-07,3.310784809773384128e+06
2.052273255715768299e-07,4.477495593492779881e+06
1.748360420445803613e-07,5.394269183686575852e+06
4.551535803385585518e-07,2.259643344027798623e+06
7.536561062834145735e-08,1.335916310934284329e+07
6.627953034864374037e-07,1.722376279197745491e+06
8.590809139668727208e-07,1.534635245834704023e+06
1.657998434696461704e-06,1.001522972653215402e+06
1.703967741391802331e-07,1.060007377842118964e+07
2.053170084342981317e-07,1.396479707152359746e+07
5.077134047317796602e-07,1.421951778300341452e+06
7.209538315933396783e-07,1.240255943439932307e+06
7.350370114541251272e-07,1.307418389315411681e+06
9.087314523790493992e-07,1.062322855922945775e+06
1.111425394103898399e-06,9.287393124194273259e+05
1.207828895176538605e-06,8.765074627592432080e+05
9.746591366884829475e-07,1.277935352098812815e+06
1.064251990952854504e-06,1.281607827232280280e+06
1.746944234095779631e-06,9.508855028177946806e+05
3.156594265602656991e-07,1.393889995761042228e+06
4.459277823071087070e-07,1.142728506933261640e+06
2.867018259942315992e-07,2.278203467670731246e+06
4.725114305168255567e-07,1.871474432565453462e+06
7.350370114541251272e-07,1.307418389315411681e+06
9.087314523790493992e-07,1.062322855922945775e+06
6.320927955799592950e-07,1.748729413878042251e+06
1.123838855127811514e-06,1.149383310820182320e+06
9.187116873977364212e-07,1.427204271272836020e+06
9.449492510923607743e-07,1.454920496934223222e+06
1.735415704379408231e-06,9.578295787086492637e+05
1.444736292969558593e-07,5.215363839155727625e+07
2.867018259942315992e-07,2.278203467670731246e+06
7.149048295100370477e-07,1.299158594253705814e+06
3.150721530185355191e-07,2.953496222661124542e+06
2.831580394602667808e-07,3.324891998826840892e+06
9.017552904122974266e-07,1.069881491030703764e+06
3.904510392091557969e-07,2.801799682718595490e+06
4.094678510021468180e-07,2.732163038993418217e+06
7.047568574333810190e-07,1.845548149576780386e+06
7.002739261323459969e-07,2.004521751079333480e+06
1.041664411151304951e-06,1.508326710696938448e+06
2.022536917308011240e-07,8.693023188955113292e+06
1.546930914660273964e-07,5.557282364793032408e+07
3.090674184543860120e-07,2.639399029691263568e+06
2.099639462784792894e-07,4.292580825520076789e+06
2.289948316889634331e-07,3.977039057365629822e+06
3.246488370522263064e-07,2.903075544279964641e+06
2.506309544714631256e-07,4.378422317440483719e+07
4.524959616590589406e-07,2.682637431266483851e+06
6.620844031445357374e-07,2.078453735891605495e+06
6.502731113968070048e-07,2.215856643255665433e+06
8.862449451871013905e-07,1.689635555833512219e+06
1.083589362404325505e-06,1.533366555524281459e+06
1.131114584187572932e-06,1.469242428577883169e+06
2.696558547722928139e-07,2.077528031677199295e+06
2.170923234750613432e-07,4.008546353221192490e+06
3.050247680758620166e-07,2.786689229821025394e+06
3.346324779421420532e-07,2.701245370571657550e+06
4.190437740723875457e-07,2.359910015812719241e+06
2.463736090552160306e-07,4.074889349998808466e+06
4.262857953119217693e-07,2.407357167857910041e+06
4.172633371496825807e-07,2.594389037058529910e+06
3.031681041043593680e-07,3.934909943525396753e+06
4.429006499487374114e-07,2.745981062944081612e+06
6.304156378786205051e-08,2.133067324893789366e+07
6.535666741807051624e-07,2.269619231117706280e+06
4.349032775744475662e-08,5.394218870646019280e+07
2.338192208354470600e-07,2.203259829050992616e+06
2.696558547722928139e-07,2.077528031677199295e+06
5.870157371264804081e-07,1.422658829806166003e+06
4.171227036755053115e-07,2.146297579486759380e+06
3.723939404875890236e-07,2.420510956566415261e+06
7.146547572485355682e-07,1.303565042169553228e+06
5.148601305240253380e-07,1.854184877681172220e+06
5.500008323325469107e-07,1.758443653806181159e+06
4.190437740723875457e-07,2.359910015812719241e+06
4.262857953119217693e-07,2.407357167857910041e+06
2.574713238867408164e-07,2.373365607008735184e+06
3.588172545619159110e-07,3.188438656371491030e+07
3.579604348910032182e-07,2.615262065774564631e+06
7.311601306294922140e-07,1.302667660245652311e+06
5.245770650332218469e-07,1.741311236384083284e+06
4.597798596315394769e-07,2.160688339281486347e+06
6.721058742505495031e-07,1.472098445132071851e+06
5.219536625509728907e-07,2.035838253951637540e+06
6.749200477443568538e-07,1.508751623340909835e+06
1.053462440836007406e-06,1.145104332798170857e+06
1.062912828747564778e-06,1.253145081842532614e+06
8.691323983573261076e-07,1.539687787687102566e+06
7.778408315925366895e-07,1.129320531105519040e+06
7.943742396880912481e-07,1.107348361520079197e+06
4.834089672659935683e-07,1.979066038782198215e+06
3.021888513308335949e-07,2.987842658743629698e+06
5.543087955096575686e-07,1.812248757254983066e+06
7.615625190461079510e-07,1.296341078565742821e+06
6.466280559206442390e-07,1.597445861035026144e+06
4.664612141122172732e-07,2.483339872673046775e+06
6.624700590337869046e-07,1.764629837035326986e+06
5.654253586315688328e-07,2.084070256383748958e+06
1.073690156210941761e-06,1.239582692566804821e+06
1.014461564052064470e-06,1.311976623065802734e+06
1.127133024848010125e-06,1.183854365020646015e+06
2.961867034659097432e-07,6.149301857580634765e+06
3.021888513308335949e-07,2.987842658743629698e+06
5.012455170103183523e-07,1.803726469829260372e+06
5.778689060853047685e-07,1.666892244891718263e+06
6.337946067231631587e-07,1.509024316190089565e+06
3.487992628086602599e-07,3.166725749643819872e+06
5.728548534564123477e-07,1.838082679395621875e+06
7.030618346375329327e-07,1.535601646831626538e+06
5.918436625497603622e-07,1.899594895481414162e+06
6.474106522170875905e-07,1.893035795755544677e+06
1.163029914712345403e-06,1.144647003575777868e+06
4.409381092495492462e-07,3.271527145288201049e+06
1.000868380007151805e-06,1.480806224107802846e+06
2.908360949505483090e-07,7.545865799642297439e+06
4.932420917369773242e-07,1.918027022720406530e+06
6.337946067231631587e-07,1.509024316190089565e+06
3.812352723105774344e-07,2.993789817013209686e+06
5.540271596165312043e-07,1.995707079942068318e+06
5.959375333449563639e-07,1.860808607729677577e+06
5.394234692937849930e-07,2.185848862738052849e+06
5.415170289333059661e-07,2.285905131298205815e+06
3.794091782372900499e-07,3.196411259432470892e+06
4.441068150983434483e-07,2.788021903972687200e+06
5.194331181526130176e-07,2.359433624661204405e+06
4.642986433774312070e-07,2.850051979016965721e+06
9.513466102703200734e-07,1.553762573929423466e+06
8.042661596494726018e-07,1.843334750441775657e+06
6.105564557177326672e-07,8.839250391332861036e+05
3.829856852907759102e-07,1.484563615515556652e+06
4.900426038341572311e-07,2.341839289648775011e+07
7.625101054890266639e-07,1.011168421039894223e+06
9.015465442109575059e-07,1.133769382720234571e+06
4.973262559015325702e-07,2.200606033130660653e+06
7.732781968405924996e-07,1.433499173487136606e+06
6.361681087541896434e-07,1.714414617926544277e+06
8.963962045634373176e-07,1.245582642998735886e+06
8.237202628361542559e-07,1.461267752087939996e+06
9.133911392913534506e-07,1.392502005539349746e+06
4.398368167971108807e-07,1.374844581669723382e+06
4.148689051033738136e-07,2.282619516151863150e+06
3.155917559746367097e-07,3.137297344408168457e+06
9.015465442109575059e-07,1.133769382720234571e+06
7.244525006060459012e-07,1.419577205184237566e+06
7.991045044490674691e-07,1.322262938897166401e+06
4.973262559015325702e-07,2.200606033130660653e+06
8.963962045634373176e-07,1.245582642998735886e+06
6.361681087541896434e-07,1.714414617926544277e+06
6.452506134779341957e-07,1.794131841300593689e+06
3.312696482817348791e-07,3.575433653023870662e+06
5.847612588497414018e-07,2.099758194720323198e+06
3.940250507745536935e-07,3.631719270822733641e+06
1.518383561720991290e-07,3.235288528750844672e+07
3.511101814110973760e-07,1.796005067746265791e+06
4.398368167971108807e-07,1.374844581669723382e+06
3.472580716828347017e-07,2.540981967557724100e+06
3.616748206005048516e-07,4.846776620452241972e+06
3.312654702536775331e-07,3.025766257777917664e+06
4.674703046015365220e-07,1.923851312989102211e+06
4.991960891628497312e-07,2.066474059028791729e+06
6.452506134779341957e-07,1.794131841300593689e+06
5.847612588497414018e-07,2.099758194720323198e+06
1.667025133537678244e-07,1.931404094180091470e+07
3.192683917580033915e-07,1.729156539559010416e+06
3.831497186550464406e-07,1.943379252983568236e+06
3.840090174164764551e-07,1.620615431187464856e+06
2.425995021452851643e-07,3.164623868542338256e+06
4.677969982115537406e-07,2.032872333510104800e+06
4.802528764119234837e-07,2.040023983359948266e+06
4.625990257727323653e-07,2.035907887445293833e+06
3.350916990843679099e-07,3.589161044824108947e+06
8.525497412835602745e-07,1.758411645132757956e+06
3.192683917580033915e-07,1.729156539559010416e+06
3.887152481752402343e-07,1.072465887277374603e+07
7.308254076343912569e-07,1.242677895165342605e+06
4.677969982115537406e-07,2.032872333510104800e+06
4.802528764119234837e-07,2.040023983359948266e+06
3.972019132294803771e-07,2.663680368248755578e+06
2.546359132893383616e-07,4.197928500920021906e+06
6.740342902880004190e-07,1.747086995087598683e+06
8.424174372240626766e-07,1.570553411452140659e+06
7.968058464175569272e-07,1.595339860640637111e+06
8.144761025955493083e-07,1.794135462411333341e+06
9.817831284711966583e-07,1.440120754249930615e+06
1.594661699251277230e-06,1.040433103769119480e+06
5.155916089552991464e-07,1.365306284808444558e+06
7.584120435776165151e-07,9.844965277716092533e+05
5.600791002855739164e-07,1.485564013449609745e+06
6.676701220223438970e-07,1.247113133022577036e+06
4.946347500987937423e-07,1.746596729754249332e+06
4.092617253791294166e-07,2.057617821874067420e+06
4.851342701184180995e-07,2.182307343218945432e+06
8.964776561268190022e-07,1.151956266453195596e+06
6.172301655675390127e-07,1.809982182333366713e+06
8.424174372240626766e-07,1.570553411452140659e+06
8.144761025955493083e-07,1.794135462411333341e+06
1.594661699251277230e-06,1.040433103769119480e+06
1.839347501214847264e-07,2.947141725213464815e+06
3.245667192301228742e-07,2.030018900474729249e+06
3.665438996647654933e-07,3.427334782663003542e+06
5.048983837325557947e-07,1.643110002089145128e+06
4.862070855513814684e-07,1.990286804535254603e+06
3.909374413297440106e-07,2.426065005435137544e+06
4.453384047996309423e-07,2.531410076495487243e+06
4.782625390733692472e-07,2.402309345132929739e+06
5.440573050810960268e-07,2.368126710346492473e+06
6.826684733992315401e-07,1.942507025980267441e+06
8.839187565211665383e-07,1.675978612409473630e+06
2.466425755233167151e-07,2.220940322873592842e+06
3.355537616361234853e-07,1.912282593203770462e+06
4.855481774704863644e-07,1.225090203991505783e+06
4.663616831545460504e-07,1.343341119619260542e+06
5.523275999132827248e-07,1.870692344666449353e+06
1.169499959374405444e-06,1.036136457363698748e+06
1.046583936960066559e-06,1.179451957223998848e+06
8.962648467460849994e-07,1.492545629292378435e+06
1.116235923741555722e-06,1.225720113308508648e+06
8.652028414059455435e-07,1.619041739632060751e+06
1.844912877745782574e-06,9.000783303945878288e+05
1.826853268851731095e-07,1.290187083187601529e+07
7.365238570236911894e-07,8.346336108696918236e+05
7.392573737217612378e-07,1.071049251971501624e+06
8.142845264074826328e-07,1.055961900642156368e+06
7.924488847372275205e-07,1.174989699056986021e+06
1.225199822361810258e-06,8.466142977015289944e+05
1.122203337175559819e-06,9.067741256256144261e+05
1.043142563083556771e-06,9.863286441385321086e+05
9.187692959079269908e-07,1.149555319326530909e+06
1.353646089581579441e-06,8.187755383436916163e+05
8.541628584510594022e-07,1.369736683200462954e+06
9.910061842136868307e-07,1.196314645755450008e+06
1.169499959374405444e-06,1.036136457363698748e+06
3.074673461707510895e-07,2.440682240206764080e+06
8.914964039582987027e-07,8.329969772089923499e+05
7.850875016619525278e-07,9.271020398721997626e+05
5.307182553851052235e-07,1.736382726341624511e+06
6.958452177659715646e-07,1.149139912951734615e+06
1.043142563083556771e-06,9.863286441385321086e+05
1.122203337175559819e-06,9.067741256256144261e+05
7.099262753098394562e-07,1.437702355121826055e+06
9.187692959079269908e-07,1.149555319326530909e+06
9.194669223121131309e-07,1.182675710516765248e+06
8.541628584510594022e-07,1.369736683200462954e+06
2.946663341729028969e-07,2.603202880294944160e+06
8.337380560463236386e-07,9.620580196192051517e+05
6.979230700051092609e-07,1.101296659575324738e+06
5.466797365907579054e-07,1.516327878397367662e+06
5.307182553851052235e-07,1.736382726341624511e+06
1.220437968468638848e-06,8.747303535640324699e+05
8.822718058875521527e-07,1.178225871322609251e+06
1.204206783227281795e-06,8.886218787147164112e+05
1.090928828890110898e-06,1.070559998382936232e+06
7.581438519059340613e-07,1.580636670499988366e+06
9.526716992360666422e-07,1.356155489593629958e+06
1.531234636954678040e-06,9.673652547821331536e+05
5.217318179989882500e-07,1.707365002887389855e+06
1.321769474401462073e-06,7.006887117068958469e+05
9.914823529408341073e-07,9.297838109431824414e+05
1.601093532770048081e-06,5.830919773219589842e+05
1.189670378606205102e-06,8.103325825565762352e+05
1.003840572027419546e-06,9.988532809869153425e+05
1.145914574068889657e-06,9.010272173584008124e+05
1.220437968468638848e-06,8.747303535640324699e+05
1.045833479908114408e-06,1.072829581481733127e+06
1.292967047420977650e-06,9.159838996302736923e+05
8.801159248785628024e-07,1.331720263767778175e+06
1.059021445336747388e-06,1.191492076678319369e+06
2.192117726463218471e-06,7.150066685280642705e+05
4.643258495508800067e-07,1.182382824305998161e+06
4.179821883007204502e-07,1.678594577361464966e+06
5.738935610519832187e-07,1.327961942714348435e+06
8.697538093907128622e-07,9.605068491277062567e+05
1.369073995836390987e-06,6.497564505508606089e+05
1.580563637445134102e-06,5.946918152932410594e+05
1.040880420531015518e-06,8.967951183000131277e+05
1.559116982387108256e-06,6.252814728103947127e+05
1.493382076997391628e-06,6.626366379226978170e+05
9.354857340867956823e-07,1.076502331074690912e+06
1.237258521034735429e-07,4.572733415711712092e+06
3.088995053198179598e-07,1.921627210610214621e+06
3.219276575852500521e-07,2.826783777114068624e+06
5.115584079665533208e-07,1.933884591451390879e+06
4.966804985461890041e-07,2.037729036515448242e+06
3.735684626070013417e-07,2.810324346690847538e+06
5.214471081438593266e-07,1.969906347220501630e+06
6.417935909614718410e-07,1.733760929357066052e+06
4.425295959150466152e-07,2.501353463578206953e+06
6.789989187545601083e-07,1.873919625619279454e+06
3.022503527454915405e-07,4.536166840413542464e+06
1.363315418397600399e-06,1.086953540245622862e+06
1.168544270683822098e-07,4.437692372195885517e+06
3.088995053198179598e-07,1.921627210610214621e+06
2.017900363248235635e-07,4.557459149805636145e+06
3.166640073984994165e-07,2.892308196629603393e+06
4.704659048901053880e-07,2.369801730046987068e+06
3.754895795269532163e-07,3.002904466191796586e+06
3.834074772216342405e-07,3.274215405036705546e+06
4.018032982231238412e-07,3.123357232384559233e+06
4.187472745044723081e-07,2.975787143466264941e+06
3.793725642685573795e-07,3.660803224544217344e+06
7.117350351904242643e-07,1.973950773599125445e+06
7.458794927864966303e-07,2.099746116571019404e+06
7.597329583274653966e-07,2.059967354103774531e+06
2.980213899299442649e-07,1.589938089071461000e+06
1.323065247661124639e-07,4.797603378218835220e+06
3.863494295714394573e-07,2.474760713199091144e+06
5.056622573608781467e-07,1.888626733998763608e+06
5.234049290497979417e-07,1.876656853349349229e+06
5.050193532097751613e-07,2.013714974965430796e+06
6.749634379592435615e-07,1.501720885556282941e+06
6.035242008499963276e-07,1.723489660541064572e+06
4.490602394080299510e-07,2.351787948200699873e+06
7.067979289801308911e-07,1.562391120865461417e+06
6.860460293902876626e-07,1.851201576598359039e+06
2.024000742454266744e-07,2.439623888487680349e+06
5.786013500310589444e-08,1.228864090029388666e+07
1.455767908607411032e-07,5.176000064594054595e+06
3.863494295714394573e-07,2.474760713199091144e+06
6.749634379592435615e-07,1.501720885556282941e+06
6.567705124312392719e-07,1.557252748329543974e+06
6.035242008499963276e-07,1.723489660541064572e+06
4.532782112009876986e-07,2.292620839253786020e+06
4.490602394080299510e-07,2.351787948200699873e+06
5.178433792026128869e-07,2.037413595276178559e+06
7.067979289801308911e-07,1.562391120865461417e+06
2.024000742454266744e-07,2.439623888487680349e+06
5.009359519882643099e-08,1.058577697565222345e+07
3.603392073863250482e-07,1.646443367473389953e+06
8.634226679959149736e-08,9.172615606115406379e+06
3.913847961973441000e-07,2.205750239611337427e+06
4.714216379996784267e-07,2.107683379180685617e+06
4.005960616678989046e-07,2.576091131426754873e+06
6.567705124312392719e-07,1.557252748329543974e+06
4.998610705841700306e-07,2.217010864378069527e+06
4.344370622502086102e-07,2.543158700307631865e+06
2.124033666206440993e-07,2.646474030969348270e+06
6.951295392061306824e-08,9.877707459339756519e+06
3.451281147924758811e-07,1.947719155784900067e+06
4.005960616678989046e-07,2.576091131426754873e+06
2.720530860799479213e-07,4.203870918926131912e+06
3.603177976273130133e-07,3.035431780463365372e+06
3.612826117453643353e-07,3.131821818693840411e+06
4.159274210592891907e-07,2.778507307111209724e+06
4.567636811850262283e-07,2.525928461323883850e+06
2.890917979882975655e-07,4.144070943257039879e+06
3.624877596929804007e-07,3.324120789571835659e+06
2.730280095854511019e-07,4.740938029353681952e+06
1.286986932701306964e-07,3.768749128321432322e+07
3.451281147924758811e-07,1.947719155784900067e+06
2.168943445384366499e-07,3.898043045450340956e+06
1.782430794508516682e-07,6.527866221988601238e+07
3.214782232826480158e-07,2.656457293888345826e+06
3.470712449908844565e-07,2.665925810794467572e+06
2.581755937844029617e-07,4.110613272048803978e+06
2.425669754797788036e-07,4.014062970640482847e+06
3.308783006912197903e-07,3.193495213207659777e+06
3.612826117453643353e-07,3.131821818693840411e+06
4.159274210592891907e-07,2.778507307111209724e+06
2.585554128645496817e-07,1.881757100248753326e+06
3.710212003497571705e-07,1.914201108154190937e+06
1.267736933608716297e-07,9.052911015043637156e+07
2.529129693574051580e-07,3.590260890583816916e+06
4.306587733967739120e-07,2.294761840205038432e+06
3.865205451443417343e-07,2.738441623685013503e+06
5.526825399973565149e-07,2.259363340883993078e+06
5.767644913389572505e-07,2.275879524790085852e+06
6.219087472097893047e-07,2.090468050543184392e+06
3.166788579615719555e-07,4.284925475350578316e+06
5.719425654548111765e-07,2.671434418202043045e+06
1.036278197132217538e-06,1.601648301733853994e+06
1.031484269358176561e-06,1.611239941000497434e+06
4.254389831918062103e-07,1.306915434773181332e+06
4.346769228548749670e-07,1.380189830451872898e+06
3.194535982777917017e-07,2.172731500944040250e+06
4.666010235771484122e-07,1.707911033073105849e+06
6.966514173412184212e-07,1.421496694140027044e+06
5.319358922489632174e-07,1.960552171252810629e+06
7.720814798117958810e-07,1.308129050452378113e+06
8.016495719915603930e-07,1.314545289384963457e+06
3.991748423942910661e-07,2.771523841358744074e+06
6.772534073267388602e-07,1.662748307507200865e+06
9.671413110685498017e-07,1.371665203760527307e+06
4.254389831918062103e-07,1.306915434773181332e+06
5.004568325889459443e-07,1.364545286280236440e+06
3.194535982777917017e-07,2.172731500944040250e+06
6.782479660371562206e-07,1.228530988046458224e+06
5.766715685833572140e-07,1.502944828114953358e+06
6.737106080439218852e-07,1.300504141290887957e+06
8.182484964629037259e-07,1.091044759240681771e+06
6.381744728080847039e-07,1.749461136282667285e+06
4.304528787768680242e-07,2.912837495308132377e+06
3.394314767759880291e-07,3.776085712597110774e+06
9.287153377463195055e-07,1.598389222100544488e+06
3.074775833452975519e-07,1.798979007457611850e+06
2.640860471838108991e-07,3.157083005100504030e+06
3.430445350777758553e-07,2.412524579954676796e+06
3.035387053045928272e-07,3.167192337125636172e+06
4.430562677851938340e-07,2.482379162208085880e+06
3.841820729850165617e-07,2.868628338990264107e+06
5.363782116539832445e-07,2.124199819231057540e+06
4.883159255836822604e-07,2.343633634960145224e+06
6.712530357753697546e-07,1.747464123869797215e+06
1.056891454042905517e-06,1.260388300306898775e+06
5.553507934735155823e-07,2.531653231411310844e+06
4.511151734039132647e-07,3.404769020230571274e+06
9.323368113791444097e-07,1.587408892898208229e+06
7.871281386204141296e-08,8.121333969103445299e+06
3.949536494106021607e-08,1.477899106527842209e+07
1.377100611828422690e-07,4.226659373077891767e+06
1.584041439417933118e-07,6.953181356306937337e+07
1.187497464086216570e-07,7.968220689870744012e+06
1.461568690068332309e-07,6.562438541217752732e+06
2.211960784847518827e-07,4.310797812323268503e+06
1.362383130540369724e-07,6.301678360750936903e+06
1.689670036943396590e-07,6.522359939812812954e+06
4.027583793739192377e-07,2.736304768461945001e+06
1.864653987335021404e-07,9.500062569345757365e+06
7.871281386204141296e-08,8.121333969103445299e+06
2.349813817453498553e-07,3.000374017848068848e+07
1.377100611828422690e-07,4.226659373077891767e+06
2.206465769999657791e-07,4.502806694891435653e+07
4.629212768313511267e-07,2.447025316685986239e+06
8.907370114856369742e-08,1.442979631827137247e+07
4.029118601667583112e-07,3.227941588035217952e+06
4.107318429192113088e-07,3.239744668969301973e+06
3.915807947570637395e-07,3.472104999904698692e+06
3.308674076007385978e-07,2.765758034802746028e+06
1.864653987335021404e-07,9.500062569345757365e+06
4.471876158580389759e-07,1.489690530992259737e+06
9.024976568724954016e-07,9.608539625083628343e+05
8.480799802580787512e-07,1.275172940112655051e+06
1.260125439938838475e-06,8.349263190890223486e+05
9.655764772644477359e-07,1.143061754469893640e+06
1.079423110895644769e-06,1.157156116105348803e+06
9.364650132018861563e-07,1.563076899774274789e+06
1.929628866679986632e-06,8.113087446377008455e+05
3.245152700185360897e-07,5.264295394565648399e+06
6.746391582670061999e-08,3.411647072803071141e+07
2.601962692117061235e-07,5.806646621368459426e+06
3.750495310164507094e-07,2.117990423018578906e+06
4.735634863894672376e-07,1.673868712332207710e+06
5.305518003288247687e-07,1.540748276419677073e+06
9.024976568724954016e-07,9.608539625083628343e+05
1.260125439938838475e-06,8.349263190890223486e+05
8.879363531816118587e-07,1.265605720747033367e+06
9.655764772644477359e-07,1.143061754469893640e+06
1.078912832756577154e-06,1.212878142789004836e+06
1.015303272161174968e-06,1.295641832261008909e+06
1.912149374734352616e-06,8.683732160703928676e+05
2.177736141854892614e-08,1.043794667748891711e+08
1.163313647204836390e-07,3.409067644352495670e+06
2.649848917985620048e-07,5.662658989247962832e+06
2.906510040339964757e-07,1.997669333856495563e+06
3.750495310164507094e-07,2.117990423018578906e+06
3.077536642133093555e-07,3.037337403709137812e+06
3.600293191728765061e-07,2.710062671136728022e+06
5.559948049914923522e-07,2.057247774583167862e+06
4.895282639453657058e-07,2.628378055377067998e+06
7.549817430769160157e-07,1.857690329958848190e+06
1.197294830220485370e-07,3.631348943944416475e+06
2.906510040339964757e-07,1.997669333856495563e+06
3.554179632884819102e-07,2.888275548770593479e+06
3.880630493747648484e-07,2.355884139130571391e+06
3.730554625342063515e-07,2.807429591577717569e+06
3.044188211398987477e-07,3.549270100843733642e+06
4.580531575302103510e-07,2.339182957328911871e+06
4.218316797908710251e-07,2.765386699034519028e+06
5.559948049914923522e-07,2.057247774583167862e+06
4.670565363110869142e-07,2.496054173686182592e+06
4.252829126996485087e-07,2.864385032871362753e+06
3.912426576551432493e-07,1.476507627393565839e+06
2.564225396871299231e-07,3.104677138023122773e+07
2.357515519268913639e-07,4.834618926603050530e+07
3.987598945662003825e-07,2.102063132528671529e+06
4.580531575302103510e-07,2.339182957328911871e+06
5.300456509872285547e-07,1.995123988986048615e+06
4.219632576610911204e-07,2.615962440956538543e+06
4.670565363110869142e-07,2.496054173686182592e+06
4.218316797908710251e-07,2.765386699034519028e+06
4.252829126996485087e-07,2.864385032871362753e+06
6.622911214941083846e-07,1.921755323618021328e+06
5.446955160486166079e-07,2.455573402761809062e+06
1.368023732241322892e-07,4.411537744980973192e+06
2.313420987646496156e-07,3.415242687703766860e+06
3.942116095581259380e-07,2.087740786091188435e+06
3.014959859865393138e-07,3.274400861335643101e+06
3.392150288525276031e-07,3.160717246624827385e+06
4.429897227697059552e-07,2.335849278048478533e+06
4.358876599230285835e-07,2.413886356690664310e+06
2.665085297789964351e-07,4.677691417764470913e+06
2.527909681587001922e-07,5.151829275600772351e+06
5.823710286154802550e-07,2.102681089147374034e+06
4.700499048835234703e-07,2.610701382541311439e+06
7.691741255684735955e-07,1.934429631744462764e+06
7.236991475892529004e-07,2.168329717583078425e+06
2.228157215045309616e-07,2.655653721562725492e+06
2.183640158205265969e-07,2.588245978917106520e+06
1.368023732241322892e-07,4.411537744980973192e+06
2.088939454178617644e-07,4.739559716568739153e+06
3.014959859865393138e-07,3.274400861335643101e+06
4.429897227697059552e-07,2.335849278048478533e+06
3.606800565171673106e-07,3.022861589616719633e+06
3.612765658355570769e-07,3.133370437732062303e+06
4.292991242726426058e-07,2.686247981903250795e+06
5.553033997908569258e-07,2.327220122122417204e+06
7.952462014785263011e-07,1.866575320545794209e+06
1.288926294527856895e-07,8.850893627907954156e+06
2.072936461745792240e-07,3.037497379594710656e+06
2.858411890514173309e-07,6.866416640026709065e+06
2.732333874529548620e-07,2.918995379396047909e+06
2.269666610395241831e-07,4.538538490642248653e+06
1.339344006537016031e-07,7.358875466446029022e+06
1.891825392558517307e-07,4.965820398915845901e+06
3.606800565171673106e-07,3.022861589616719633e+06
4.428740664149491856e-07,2.474832050077740569e+06
3.083827946498483721e-07,3.676799191693720408e+06
1.211269407695369672e-07,8.561269119257289916e+06
5.587342885315556366e-08,3.486953865196318924e+07
6.733875342452965309e-08,3.008861216719025746e+07
2.072936461745792240e-07,3.037497379594710656e+06
1.283430293611026913e-07,5.190756479593450204e+06
2.644119357367488883e-07,2.906979709093575366e+06
2.732333874529548620e-07,2.918995379396047909e+06
1.389267903216365582e-07,6.819859429126727395e+06
1.859831212522419853e-07,5.287824857689552009e+06
3.276941400064788766e-07,3.447709987187659834e+06
1.211269407695369672e-07,8.561269119257289916e+06
3.381946635607282543e-07,3.625357967434239574e+06
8.952612010473532180e-08,2.608996055206251889e+07
6.511466137686474328e-08,9.386874679321780801e+07
3.587181080279660015e-07,1.540467292320078239e+06
2.421776702602292543e-07,2.687267168127830140e+06
1.283430293611026913e-07,5.190756479593450204e+06
1.760318322433457335e-07,1.782362221941949427e+07
4.736589908665147149e-07,2.258768976300438866e+06
7.457115760280384561e-07,1.555583987970223185e+06
5.581927324020498081e-07,2.184055879922560416e+06
3.957286053840572114e-07,3.117065067613357678e+06
6.726727641119808478e-07,1.831583199577768333e+06
7.748784502579717752e-07,2.032051630663212156e+06
3.212182446853749058e-07,1.805697749752467033e+06
5.419374319109662455e-07,1.783741464322307846e+06
5.977783432431574515e-07,1.579407023452913156e+06
5.118047412773400369e-07,1.859563509613204747e+06
6.536442072305921563e-07,1.458160075002162484e+06
6.463580877346240199e-07,1.500702769292761572e+06
6.206259573088813285e-07,1.634891371234021615e+06
6.692196302673093451e-07,1.524539465401749127e+06
6.333934406229035500e-07,1.696927791715170955e+06
7.043543998377482486e-07,1.660167870989751304e+06
7.160711647041597901e-07,1.707774919342709240e+06
4.433559848705711172e-08,5.350898255218236893e+07
4.596303134801474728e-07,1.983312233906040667e+06
4.415693041581604992e-07,2.100377141110178083e+06
5.977783432431574515e-07,1.579407023452913156e+06
4.841904606127172413e-07,2.011934695325743640e+06
6.463580877346240199e-07,1.500702769292761572e+06
4.878815233905573804e-07,2.066539519350651186e+06
6.073797815466982810e-07,1.679980940789885353e+06
5.681340683058203247e-07,1.787261733407621505e+06
6.692196302673093451e-07,1.524539465401749127e+06
4.990796682077141372e-07,2.034513632778869942e+06
6.206259573088813285e-07,1.634891371234021615e+06
6.333934406229035500e-07,1.696927791715170955e+06
4.409283626652421594e-07,1.295121441162204137e+06
3.053134521146507277e-07,2.435872007349868305e+06
4.596303134801474728e-07,1.983312233906040667e+06
4.878815233905573804e-07,2.066539519350651186e+06
4.841904606127172413e-07,2.011934695325743640e+06
1.762223796581373205e-07,5.087265536713427864e+06
4.990796682077141372e-07,2.034513632778869942e+06
4.992800320104655338e-07,2.039370098256719531e+06
4.789794300431117686e-07,2.327870697973387782e+06
6.418247323269767129e-07,1.796167222238139948e+06
5.049585750729384395e-07,2.478866337336941622e+06
4.658431117584450570e-07,2.634092231655138079e+06
2.605424816710207473e-07,3.821939785041375458e+07
5.449033586944178006e-07,1.141660736210797215e+06
3.053134521146507277e-07,2.435872007349868305e+06
4.612606062169930761e-07,2.033633302228616318e+06
5.679203417793442006e-07,1.666120488643313758e+06
6.230281484703464302e-07,1.499911991268386366e+06
5.872947579600696109e-07,1.645035055163626559e+06
6.119308858322334107e-07,1.686255487960937200e+06
4.577920355696130823e-07,2.194419899921008386e+06
6.356028328517705117e-07,1.681561757467778632e+06
2.590923072073692596e-07,5.490543799864073284e+06
5.031027897666853648e-07,1.834241337121400749e+06
7.106009550804661121e-07,1.251817045664394973e+06
4.426376388845056384e-07,2.205717233132164460e+06
6.012771715630253971e-07,1.536443739901597612e+06
6.230281484703464302e-07,1.499911991268386366e+06
5.679203417793442006e-07,1.666120488643313758e+06
7.521878660256073964e-07,1.272383703047251329e+06
8.702980636008165820e-07,1.123422360667890869e+06
8.558260133588551935e-07,1.143046497823029989e+06
7.498177920100870617e-07,1.648576324414157309e+06
6.345093578865554835e-07,2.074578942874551518e+06
1.257654116493743595e-06,1.246122997454189695e+06
3.768524299358991042e-07,4.634290901302580722e+06
2.688212769901001117e-07,1.866417768773251213e+06
3.436659963293096152e-07,2.022373520853580441e+06
2.093950163789748310e-07,3.805390560324178543e+06
9.174612766154155276e-07,1.063001100524193374e+06
8.925580917790649624e-07,1.145302798930472229e+06
6.771014471102226003e-07,1.564122470705851912e+06
6.119246697368854567e-07,1.839703627169630723e+06
6.701653198990097857e-07,1.726752033357044216e+06
7.357894464125500986e-07,1.597870647837953409e+06
6.001689254442305832e-07,2.192637737874425482e+06
8.459326935233778796e-07,1.580731078697644873e+06
1.186503834185879185e-06,1.321162458778871689e+06
1.508217810028326090e-07,1.267235597242456861e+07
2.413930461301130002e-07,3.063111999071924016e+07
3.436659963293096152e-07,2.022373520853580441e+06
3.067370321640237341e-07,6.682432049348532222e+06
2.533000926248444406e-07,3.595445513543257024e+06
4.045177013431315086e-07,2.592230710740596987e+06
4.137375948191214167e-07,2.658413460024780594e+06
1.781691820569326948e-07,5.914788137777897529e+06
3.816650369600630304e-07,3.076778370807941537e+06
5.334026665444131500e-07,2.160127937138055451e+06
4.758282517741782156e-07,2.430412520475767553e+06
5.205150466440586347e-07,2.523974213790832087e+06
9.276359227742067393e-07,1.592048121619328856e+06
1.252249045160422836e-07,8.439600738770377636e+07
2.434270121544941149e-07,3.038351660774639808e+06
1.916068087939937506e-07,3.998669036853097845e+06
3.200646454358250108e-07,2.860188897485472262e+06
3.955167514311669850e-07,2.193432131520796567e+06
4.053480509007033706e-07,2.495332785990144126e+06
4.343563251279657039e-07,2.416852383700020146e+06
2.118458746284873257e-07,5.056178806077371351e+06
5.141514695029252995e-07,2.363447126587881241e+06
4.350875832246303127e-07,2.959047742680762429e+06
5.913887548938996344e-07,2.379064898824222852e+06
1.064202971422530836e-07,5.718334028978072107e+06
2.408389486059950845e-07,2.922556489491879940e+06
1.862982307862325308e-07,4.421594450886495411e+06
1.455176565452683701e-07,5.879357127510433085e+06
9.647947842284756911e-08,1.092217309736816436e+08
2.543230784804556814e-07,3.566673115224070381e+06
1.748402788768234122e-07,5.502830935129662044e+06
2.918420115369084969e-07,3.396574323350502178e+06
1.873865640007794976e-07,5.568723554465052672e+06
2.146806908002203237e-07,5.436409918978317641e+06
5.341722748641400631e-07,2.482630332875245716e+06
1.854635214335430492e-07,3.507958309262863826e+06
2.215259375403188008e-07,2.586681317580978386e+06
1.278950257980271210e-07,7.022758016998638399e+06
1.985155765247125581e-07,4.104045492873477750e+06
2.353953748894723465e-07,4.191681333739517722e+06
3.024569434575911249e-07,7.151932262131527998e+06
1.891046400381713703e-07,5.698435800274975598e+06
2.541221675646819533e-07,4.456207134739048779e+06
4.602625571428186268e-07,3.047779862408271059e+06
6.261758125068314428e-07,2.240432592320124153e+06
4.922053554351159247e-07,3.040621885936008301e+06
2.880527527744986231e-07,2.977617330431276467e+06
2.942575737471889119e-07,2.664719041827008594e+06
6.201835912515708916e-07,1.252629259590071160e+06
2.229473771117836616e-07,4.296300248628017493e+06
4.327947602816141638e-07,2.170524800992448349e+06
5.093955738486156055e-07,1.929476380355569301e+06
5.569567778687995109e-07,1.861928289502691943e+06
5.402356065953753503e-07,2.008771600274413824e+06
5.025960594265606687e-07,2.273949586896547582e+06
5.872084378367248441e-07,2.064190902167945635e+06
8.871479233857040057e-07,1.586736348658620147e+06
9.672323567966881505e-07,1.448923765766680473e+06
4.694578801302195719e-07,1.334998613063034602e+06
4.905756527855748769e-07,1.313632419860986993e+06
6.817333302074400232e-07,1.137473586241386132e+06
6.051683435998133417e-07,1.303728424100090750e+06
5.918140004897811925e-07,1.453258620905289659e+06
6.877470840968929569e-07,1.629282557720838115e+06
6.511009384500652538e-07,1.352183136085523525e+06
5.702653666533596139e-07,1.581079161472863751e+06
7.319496051151635353e-07,1.292804943908892339e+06
8.071468036480328478e-07,1.258706254659788217e+06
3.113448868702917537e-07,2.959426431418160349e+07
2.773543302798685954e-07,2.212744455746264663e+06
4.694578801302195719e-07,1.334998613063034602e+06
4.905756527855748769e-07,1.313632419860986993e+06
7.319496051151635353e-07,1.292804943908892339e+06
8.002585437495390871e-07,1.226265353024257347e+06
5.291854235353289612e-07,1.923320856090230402e+06
7.911254459248360052e-07,1.332266069985312875e+06
7.321237313270941095e-07,1.896872318689252017e+06
8.510648236652578481e-07,1.613777283538918244e+06
1.458772143672202988e-06,1.137931385209409753e+06
2.642198242164103698e-07,1.724553552136732033e+06
3.113448868702917537e-07,2.959426431418160349e+07
5.219788643176679821e-07,1.305729482658328256e+06
5.285034788322531930e-07,1.735003815017386340e+06
7.633450236097205879e-07,1.252815169610288925e+06
7.168965173363322578e-07,1.398726924035903066e+06
8.002585437495390871e-07,1.226265353024257347e+06
8.886291821473101810e-07,1.134999819493561750e+06
1.039905235993941308e-06,1.071528208852894371e+06
1.218861757413467451e-06,1.045196328552102437e+06
2.232227443902401863e-07,3.246725128143474087e+07
2.364568404788768659e-07,4.898240485950511694e+07
3.491824309002740843e-07,2.244966135598670226e+06
2.859943693395991213e-07,9.876982263687396422e+06
3.909418589887461075e-07,2.247428243658601306e+06
4.770350068131483256e-07,1.941756082730244612e+06
5.840309897087855337e-07,2.066913022050001193e+06
6.438925813861414321e-07,1.899832340755894547e+06
6.538307520968017314e-07,2.208258448158614337e+06
9.109291268012935098e-07,1.545086735518244095e+06
1.155703796079719152e-06,1.354894382650307147e+06
2.126668367124502861e-07,3.258788862813246436e+06
3.650880798201953587e-07,2.413962658616732806e+06
2.098111373381246925e-07,3.642758846518267412e+06
3.885275272106707803e-07,2.857289971139831096e+07
2.554448459755800593e-07,3.741049651765979361e+06
4.146805080602750181e-07,2.241388691659026314e+06
3.246724803687055586e-07,2.957046320177561138e+06
4.610702987055854937e-07,2.377069520604907069e+06
3.984598555654549883e-07,2.886009459884922951e+06
2.758403525492128477e-07,4.537276622952558100e+06
8.347008723613780472e-07,1.587962892030784162e+06
7.950301455302436731e-07,1.758288529451834504e+06
1.307098529539939944e-07,1.611994374378252029e+07
4.648839125312896841e-07,1.425965205120928353e+06
3.762665192517207144e-07,2.106407618845459539e+06
2.796279875820814914e-07,3.054757545541699510e+06
4.413604834935146226e-07,2.073145349244226003e+06
5.019210282714424620e-07,1.843383362431296846e+06
5.470763818022826088e-07,1.690464455709319329e+06
4.456725793315525494e-07,2.056919264747097855e+06
5.850829992005090786e-07,1.678640380222763633e+06
5.869377700450516152e-07,1.728125463452306809e+06
4.634757529617395395e-07,2.346195709688015282e+06
6.529918752942526795e-07,1.829390149567639455e+06
4.622946728894853380e-07,1.241487383671087446e+06
3.762665192517207144e-07,2.106407618845459539e+06
2.796279875820814914e-07,3.054757545541699510e+06
4.310325175678746451e-07,2.219965963230595924e+06
4.844124024717321955e-07,2.145426302644868847e+06
5.511310705485097932e-07,1.915913370861855336e+06
6.009374700351408697e-07,1.781338235726506682e+06
4.982668499424583877e-07,2.247471832383746281e+06
5.595477109360346784e-07,2.069412359818114899e+06
2.948798729902719523e-07,3.939914402416827157e+06
5.786898474472783716e-07,1.978075879428838613e+06
6.636520091865056158e-07,1.735041947698376840e+06
2.828068368175940391e-07,1.938140566433225293e+06
3.865537769493813310e-07,1.438507219577653334e+06
3.864580331076432689e-07,1.444435730255322531e+06
3.270466172789623774e-07,3.075870796265372075e+06
5.511310705485097932e-07,1.915913370861855336e+06
6.028256593742564071e-07,1.796500240221537184e+06
6.009374700351408697e-07,1.781338235726506682e+06
3.191812425306318190e-07,3.450935710249187425e+06
4.982668499424583877e-07,2.247471832383746281e+06
4.131167935226307596e-07,2.843864471961209085e+06
4.458134550527179865e-07,2.724927293309837580e+06
3.090360281072674692e-07,3.108348041048629675e+06
3.816115129370447756e-07,2.373343418374582194e+06
3.466754744207464356e-07,2.767207362063753884e+06
8.463997971181362545e-08,1.126621200818477198e+07
2.930319491063080877e-07,3.376054985434153117e+06
2.188589578590176866e-07,5.053028444093271159e+06
4.111199408912719284e-07,2.573411198400454130e+06
4.175925464363626217e-07,2.563001121014121920e+06
4.378136974147525329e-07,2.528302616711699869e+06
3.499103823718881187e-07,3.338151232205613516e+06
3.572121104854975120e-07,3.262721895576151088e+06
3.618900747440358291e-07,3.209342598883743398e+06
3.692138575262301478e-07,3.146813476105116773e+06
2.344222454183008633e-07,2.792590143422990572e+06
1.412790676407004947e-07,6.278597678668048233e+06
9.064362195688072193e-08,9.476972009449340403e+06
1.963310635274899298e-07,4.908942584494985640e+06
2.648491975172196966e-07,3.918941304880347569e+06
1.745262759388424800e-07,6.341580316351244226e+06
2.941360510071128340e-07,3.847783454409955069e+06
2.281527459545634554e-07,5.257440255472321995e+06
3.381538156475962495e-07,3.426103956349014770e+06
3.236841892758708480e-07,4.253519913193164393e+06
3.380807831011684525e-07,4.287819927466148511e+06
3.069710909700082993e-07,4.710576569139406085e+06
5.511155198065679321e-07,2.838106807533615269e+06
6.002121000368242746e-07,2.765301835748319514e+06
1.991087797450160133e-07,3.277288645562321879e+06
2.426970766709613769e-07,2.819969447817162611e+06
2.296945907456955018e-07,3.592235599863441661e+06
1.412790676407004947e-07,6.278597678668048233e+06
2.234082537902910066e-07,5.013235904795027524e+07
1.963310635274899298e-07,4.908942584494985640e+06
2.373428756584535881e-07,4.379911626296286471e+06
3.289288423346104688e-07,3.144111368841127027e+06
4.025461278000424654e-07,2.738892489705686923e+06
3.332424316039364126e-07,3.363082568248151336e+06
5.824951395069560783e-07,2.547139757213078905e+06
3.319266188779851679e-07,5.243124495678584091e+06
2.036700423201214548e-07,3.083424593148583546e+06
2.038055961417017917e-07,3.368581319840238430e+06
4.210581740183802775e-07,1.991702139642091002e+06
4.613452637459491014e-07,1.923601125066052889e+06
5.350025815871796554e-07,1.727593493120019790e+06
3.033185649590423321e-07,3.208602144064315129e+06
6.039271792996247425e-07,1.678859274114172906e+06
3.410769354320827626e-07,3.149948257553156931e+06
3.350559900547120777e-07,2.942163056258835364e+06
2.271144148054866671e-07,4.777914518884446472e+06
4.032559122884213026e-07,3.156808947765286546e+06
1.704518871478727193e-07,4.453290464664875530e+06
3.315376211608394489e-07,2.492062873431176879e+06
4.121479055588106295e-07,2.207559934316684958e+06
4.062653996509155809e-07,2.279196438985619228e+06
3.282899782692424551e-07,3.025026046166535001e+06
4.575738391197721958e-07,2.199507782099965960e+06
5.233350520227199886e-07,1.924341100491267396e+06
4.727434527852918275e-07,2.227391020024544559e+06
5.616468760000706744e-07,1.877926541554508731e+06
3.691679548088345201e-07,3.015341677511611953e+06
4.459267636982213623e-07,2.489991879076100886e+06
8.133713313926304703e-07,1.722297697515050415e+06
4.599295804220834807e-07,1.238560204867950175e+06
3.724249886595366829e-07,1.671967699263828807e+06
5.682011320131617233e-07,1.489328870836992981e+06
4.062653996509155809e-07,2.279196438985619228e+06
4.188625020365518044e-07,2.287627106354815420e+06
4.575738391197721958e-07,2.199507782099965960e+06
3.087402387137162217e-07,3.264053165794295259e+06
3.282899782692424551e-07,3.025026046166535001e+06
5.616468760000706744e-07,1.877926541554508731e+06
3.873258491627738368e-07,2.893273246344370767e+06
4.207889752856254776e-07,2.748754676420924719e+06
1.122748271372741024e-07,7.247166503200656734e+06
1.426335922144743878e-07,4.553103160550451837e+06
2.954162315037155852e-07,2.774843517402330413e+06
3.363543706100060113e-07,2.546364123667684849e+06
2.483192665328720539e-07,3.826706787238567602e+06
3.217881093449861376e-07,3.006442624475046527e+06
2.899437666253858823e-07,3.215589452986557502e+06
4.091232941981788010e-07,2.452463599910519551e+06
3.873258491627738368e-07,2.893273246344370767e+06
4.207889752856254776e-07,2.748754676420924719e+06
4.031118300277980155e-07,3.212450650280992966e+06
1.707111392266164922e-07,5.916689138038049638e+07
1.426335922144743878e-07,4.553103160550451837e+06
4.027711750819085361e-07,2.173955238348895684e+06
2.483192665328720539e-07,3.826706787238567602e+06
2.899437666253858823e-07,3.215589452986557502e+06
1.795035218172409986e-07,6.329695140095446259e+06
3.090488683029699220e-07,3.497860949568488169e+06
2.118664553210735120e-07,5.564158762927390635e+06
2.252114211266186235e-07,5.365024539927642792e+06
4.256227080546525231e-07,3.089778353062938433e+06
3.782077002002772524e-07,3.678389290055037010e+06
7.387454877532045219e-07,2.390560534906436689e+06
1.121519515350505874e-07,5.399175521460941061e+06
1.756882849098066409e-07,3.159450024305108469e+06
2.959133710700371906e-07,1.994780717396807391e+06
2.598192972361482303e-07,3.472287295701932162e+06
2.487700568452496929e-07,3.889686171383693349e+06
5.225279642372075342e-07,2.047102496460191905e+06
5.016525264522065912e-07,2.147826563179485500e+06
3.654391586701992403e-07,2.999644219247497153e+06
3.248125596598120637e-07,3.570571800580401905e+06
3.698056549672105229e-07,3.301306944484736770e+06
7.757046077668460592e-07,1.919186394301058026e+06
1.116178426507494961e-07,5.555084781401928514e+06
3.802853670273756298e-07,2.285267261564152315e+06
4.762024124942905270e-07,1.776111543997850735e+06
2.659919041694062582e-07,3.256494988525855821e+06
6.664221311317567249e-07,1.379782531592004234e+06
2.367913929984470598e-07,4.110725738609894644e+06
4.627276008939937419e-08,2.031962721621216834e+07
8.060016031441893424e-07,1.217726331157872453e+06
7.883348928177345838e-07,1.298202278946430422e+06
5.766274556676693550e-07,1.805791605954483850e+06
1.504671856544124697e-07,8.641997292481979355e+06
5.873064600791717520e-08,9.678591039235430956e+07
3.228157438043276548e-07,2.372913335673435125e+06
3.802853670273756298e-07,2.285267261564152315e+06
5.702373760059741368e-07,1.578539298921675421e+06
8.060016031441893424e-07,1.217726331157872453e+06
7.883348928177345838e-07,1.298202278946430422e+06
5.766274556676693550e-07,1.805791605954483850e+06
5.977838737831851559e-07,1.850059607105548494e+06
5.672200669270089453e-07,2.103774374193024356e+06
6.605373811207121870e-07,1.784151858418419724e+06
1.078547167506086330e-06,1.454756481421914184e+06
2.946845503613000807e-07,5.953895424466906115e+06
3.781235562426318291e-07,1.764857282720681978e+06
3.982149274387435279e-07,1.885515934725376777e+06
3.442546776438790308e-07,2.308441992947243154e+06
6.351858513964958543e-08,1.548322414568688720e+07
5.503442570217064638e-07,1.998996523400096921e+06
6.279651986921323550e-07,1.803045478215721669e+06
4.080547689128833952e-07,2.879000172018614598e+06
6.605373811207121870e-07,1.784151858418419724e+06
5.672200669270089453e-07,2.103774374193024356e+06
5.240864836190263723e-07,2.173781980012355838e+06
4.902351988186524457e-07,2.557283558203936554e+06
9.990500320090159240e-07,1.480592560047694249e+06
1.078547167506086330e-06,1.454756481421914184e+06
5.117587062706209277e-07,1.156363343158063712e+06
4.106333558271381144e-07,1.476304479663824663e+06
3.950670137875827957e-07,1.969797788786240853e+06
3.093289076275861230e-07,2.395214246664858889e+06
3.322135910902507101e-07,2.577417840852869675e+06
6.037731501593739649e-07,1.666779733673603041e+06
4.185680675974956624e-07,2.481140880320976488e+06
6.558093723546652342e-07,1.644243129003914073e+06
6.745078029380702388e-07,1.655340146539396839e+06
4.688332216529731275e-07,2.380321116457572207e+06
9.423548616907658724e-07,1.279252527309722733e+06
4.106333558271381144e-07,1.476304479663824663e+06
4.115727799067588761e-07,1.928596011182392947e+06
3.093289076275861230e-07,2.395214246664858889e+06
5.664918497596347869e-07,1.491100752165870741e+06
4.274591566503841898e-07,2.283184546545444988e+06
3.883240894697649843e-07,2.656755789491059259e+06
7.003146053949521183e-07,1.517907873620184837e+06
4.688332216529731275e-07,2.380321116457572207e+06
4.487444038173913113e-07,2.622391696357350331e+06
4.593966252246245453e-07,2.547321404037449043e+06
3.327768595255461257e-07,3.794826889960693195e+06
4.906000654449895363e-07,2.596788391825019382e+06
3.066822163602916404e-07,9.270205450185649097e+06
4.274591566503841898e-07,2.283184546545444988e+06
5.314359195414451309e-07,2.089419612195774913e+07
5.236067158229371461e-07,1.931128614911783021e+06
5.766488755113826563e-07,1.746076566446312936e+06
3.883240894697649843e-07,2.656755789491059259e+06
4.152859630380381075e-07,2.517669744537335820e+06
3.237977909270108086e-07,3.286161364955247380e+06
6.207106477935454854e-07,1.742271149071791442e+06
4.487444038173913113e-07,2.622391696357350331e+06
6.573268673807937077e-07,2.106372015920003410e+06
6.158007303209630146e-07,2.309238531185167842e+06
1.221828400121725407e-06,1.279262229277617997e+06
3.195319879701452269e-07,3.303184305579090957e+06
1.961326964613924344e-07,3.007610617715043016e+06
6.622349259437496504e-07,1.301747218885832233e+06
3.994425962851643114e-07,2.401624969444876071e+06
3.246523766899845437e-07,3.053622291503306944e+06
3.863944391328198647e-07,2.632952920440692455e+06
5.210986575088332051e-07,1.924454556677992223e+06
5.766488755113826563e-07,1.746076566446312936e+06
4.729955618328981955e-07,2.273184787271530181e+07
7.460778616982909880e-07,1.664802504235723754e+06
1.172080486105398123e-06,1.337374892605617875e+06
1.048145196773815038e-07,9.694560218768842518e+06
2.365138547182709518e-08,1.946453747975511849e+07
2.452480412117483272e-07,1.792016593639095314e+06
7.745726308449679783e-07,1.439312890272736084e+06
5.372284194600813864e-07,3.001842328100211918e+06
8.002747347191542910e-07,1.450602853934286162e+06
4.442419824176276386e-07,2.858685464746822603e+06
6.753715014472898138e-07,1.889843749315151479e+06
5.168540847519200055e-07,2.945839579380591866e+06
8.902622163720737514e-07,1.864376475507858675e+06
7.166953885137627033e-07,9.341305562830091221e+05
4.416245263310353651e-07,1.828925964712705929e+06
6.152816380287860447e-07,1.159411423668840434e+06
5.969393402225270283e-07,1.449857952925097896e+06
5.800229346064006582e-07,1.724317815909037599e+06
3.018213297094462512e-07,3.315402084653601050e+06
4.155174210916218792e-07,2.684627182286989409e+06
6.421404995392366475e-07,1.681950354737562593e+06
7.745726308449679783e-07,1.439312890272736084e+06
6.675513229901449836e-07,1.729317046500225319e+06
8.002747347191542910e-07,1.450602853934286162e+06
4.236997592972231083e-07,3.302047862188631203e+06
5.620307112536086482e-07,9.208375349369924515e+05
4.247964185060902433e-07,1.969298327734450810e+06
7.872078477373892353e-07,1.063881543810780160e+06
6.097933641548938809e-07,1.363010476594307926e+06
1.031353987378824518e-06,8.954674725818057777e+05
7.780982939086647200e-07,2.367857397156069055e+06
6.777933839717300932e-07,1.277429385267328005e+06
1.057787762900812266e-06,1.187174198977389606e+06
1.034174557781269642e-06,1.262428793502047891e+06
1.146357142573484198e-06,1.139982972347875359e+06
1.888441523434506892e-06,7.827152749899696792e+05
2.049904451047652596e-06,7.639970432341422420e+05
5.237712592208718864e-07,9.128168923365012743e+05
1.641162151703459202e-07,2.914545033221667632e+06
3.913911794134563706e-07,2.229500306483019609e+06
8.366498684433221306e-07,1.332309522195495851e+07
7.193431201377388564e-07,1.312223209077582927e+06
1.254261470131237374e-06,8.049677674877380487e+05
1.335901077009400776e-06,8.409627374378426466e+05
1.153442191903233468e-06,1.021382327785174362e+06
9.541887978192820569e-07,1.378861266544716666e+06
1.974816164274301779e-06,7.508252187796108192e+05
1.839358789966791788e-06,9.036422450005707797e+05
1.641162151703459202e-07,2.914545033221667632e+06
1.081559073260565047e-07,6.067936703430818394e+06
3.718851918993064234e-07,2.429896178574670106e+06
3.194295868802406384e-07,2.879332854115005583e+06
3.800943635697630203e-07,2.459288571372759063e+06
3.003716194504074194e-07,3.693169172820986807e+07
2.483136477307957004e-07,4.193752353690507356e+06
3.907749629501956290e-07,2.555268462870212737e+06
8.640707176202068292e-07,1.451925929220657563e+06
6.044588805763880415e-07,2.086390850218660198e+06
6.748576253520523137e-07,1.968162337218878325e+06
4.010194177866563624e-07,1.680682214651648421e+06
1.115323059187205786e-07,6.139257634707220830e+06
3.392334028040111976e-07,4.335089574325821362e+06
2.483136477307957004e-07,4.193752353690507356e+06
3.747603705052582443e-07,2.558640820518521126e+06
5.384335740211283160e-07,1.826608691709224600e+06
5.241996630537055324e-07,2.037707484993147897e+06
6.264157395774407519e-07,1.692060820870738709e+06
5.568117010333248146e-07,1.906440713633051142e+06
3.414940196659059000e-07,3.393348039085254539e+06
3.510202174136257979e-07,3.493222558265968226e+06
5.513431242410208583e-07,2.550253439952644520e+06
4.288025374209563360e-07,1.916571602591213305e+06
5.842481514464852776e-07,1.464133744403701276e+06
5.017306558904985758e-07,1.740275189881941304e+06
3.978275667292368375e-07,2.340971362198908348e+06
5.292353193354425764e-07,1.792438682278531138e+06
5.497688802468051705e-07,1.773966653571969364e+06
5.384335740211283160e-07,1.826608691709224600e+06
7.779784375357316403e-07,1.331491814657706069e+06
8.628822803142364322e-07,1.284036168809728697e+06
5.502034699563091185e-07,2.021188303705385653e+06
8.311534624369986305e-07,1.339775116600773530e+06
9.282329751227423132e-07,1.249873810256762430e+06
7.417346457334038217e-07,1.179735822497179266e+06
5.842481514464852776e-07,1.464133744403701276e+06
5.017306558904985758e-07,1.740275189881941304e+06
7.754438310205165021e-07,1.202010606774428627e+06
7.031818548439426827e-07,1.443799063119067810e+06
7.685574601985213276e-07,1.342073483716076938e+06
8.909084441436770590e-07,1.185091633287682198e+06
7.463154030534202792e-07,1.453733967719659908e+06
8.631204716852747247e-07,1.227861690932503669e+06
6.818979238715537780e-07,1.551408559285019292e+06
7.876509835935298111e-07,1.417441738247168483e+06
8.226067925379141381e-07,1.359919264910307946e+06
7.302626078776652681e-08,3.170018924417254329e+07
3.559963948414610125e-07,1.902813317410241812e+06
5.416327423345528222e-07,1.613717814721800154e+06
6.056675910065281287e-07,1.361333903079843847e+06
7.417346457334038217e-07,1.179735822497179266e+06
7.754438310205165021e-07,1.202010606774428627e+06
6.511007024347444304e-07,1.491578035117527936e+06
7.357662247372395746e-07,1.270163594729589764e+06
7.685574601985213276e-07,1.342073483716076938e+06
6.809913977994106876e-07,1.560389816668401239e+06
7.876509835935298111e-07,1.417441738247168483e+06
4.790272615489350398e-07,2.568912584684327245e+06
2.099022440477687746e-07,6.189861088370873034e+07
2.795905711396898522e-07,2.398476601986167952e+06
3.802910085926653298e-07,2.247815748436532449e+06
3.667525696641762953e-07,2.345935238469780888e+06
5.827778303090493918e-07,1.533527967885004357e+06
1.170011641680782988e-07,9.679773317203337327e+06
5.616569360436400018e-07,1.803403808563705999e+06
6.656704115874460022e-07,1.608062613800334744e+06
6.466658871495015423e-07,1.794716631946297828e+06
6.175772177461745817e-07,1.887190574319672771e+06
9.168341866366445504e-07,1.455668770725090522e+06
9.770525154465253246e-08,3.457571338293696195e+07
1.895689504363661477e-07,8.095143636994024739e+06
1.810721443523123046e-07,5.764452494196021929e+06
3.152144945829838442e-07,3.342847301133700646e+06
2.538545044635567730e-07,4.226167081164461561e+06
3.060962527874619979e-07,3.442780496686038561e+06
3.484121849082953619e-07,3.234522966894984245e+06
2.770298960680445717e-07,3.990081698011041619e+06
4.013260362441400166e-07,3.170791035620856564e+06
5.624529173866636623e-07,2.632192549155267421e+06
7.669899388700638272e-07,1.930678641371290199e+06
5.425935170565245364e-08,3.871449999528175592e+07
9.770525154465253246e-08,3.457571338293696195e+07
1.518252739716278234e-07,4.098607766987461131e+06
1.115370750718106283e-07,6.156398614427945577e+06
3.230684492293143502e-07,2.978364268038372975e+06
2.538545044635567730e-07,4.226167081164461561e+06
1.468102133301509245e-07,7.761451031694294885e+06
2.770298960680445717e-07,3.990081698011041619e+06
2.986562674023130288e-07,3.827168490090343170e+06
5.497305237110944074e-07,2.288192256175792310e+06
3.466357593423426664e-07,3.881416793400951196e+06
1.057098878664053888e-06,1.570209787634561770e+06
1.460243078419450716e-07,1.599064195341559500e+07
6.979169197498050917e-07,9.553377467437331798e+05
1.994039257788310679e-07,4.370161279096612707e+06
3.392307094269510121e-07,2.441111299865607638e+06
6.754828556859785173e-07,1.542835686670491705e+06
8.034138262571620360e-07,1.310688852338407421e+06
6.218971132653008170e-07,1.940567325093994150e+06
8.170189036408926936e-07,1.523515859622509917e+06
6.617627216092122891e-07,2.083005142603555229e+06
7.646994706561731787e-07,1.894410674077586504e+06
1.243472733791646010e-06,1.258821340103622293e+06
1.402369539151725252e-06,1.183945173914126819e+06
1.240363415285289773e-07,1.426442383798088878e+07
3.906635740885116871e-07,1.229864845556676388e+06
3.248395497970041052e-07,2.065725297554113204e+06
5.780556548401794849e-07,1.632488889707848430e+06
6.031107065540829749e-07,1.562657264748612652e+06
9.798165884408846254e-07,1.047803738726525800e+06
1.027975565547499151e-06,1.033943460743091069e+06
6.218971132653008170e-07,1.940567325093994150e+06
6.617627216092122891e-07,2.083005142603555229e+06
6.022038007507391179e-07,2.404299097038630862e+06
1.243472733791646010e-06,1.258821340103622293e+06
1.240363415285289773e-07,1.426442383798088878e+07
3.181021185399248235e-07,2.260015802084854338e+06
4.075393429087788471e-07,1.877787203651824733e+06
3.532016399468606266e-07,3.205098936330115050e+07
2.768415525215816083e-07,2.904027237781640608e+06
9.433249136207953044e-07,9.269966659162596334e+05
6.193494552810727218e-07,1.626934380720015382e+06
7.576913252753150821e-07,1.389755754610604141e+06
7.102333156124811951e-07,1.839417420979124960e+06
6.989453193002732414e-07,2.073525850489736535e+06
1.266160890851346518e-06,1.310667650212137029e+06
2.316373082003841763e-07,2.299928937722281553e+06
3.969982067291705082e-07,1.494667472013313323e+06
2.257125703177175383e-07,2.539739265199854970e+06
2.656940600008801228e-07,3.236618678935421165e+06
6.193494552810727218e-07,1.626934380720015382e+06
7.576913252753150821e-07,1.389755754610604141e+06
8.074167871746753507e-07,1.440705841809774050e+06
8.160705109019027605e-07,1.427659156481123529e+06
7.465911593573409519e-07,1.834349452755955746e+06
6.665402097635011540e-07,2.067577238091349136e+06
1.262310292460567209e-06,1.315204172959622461e+06
2.352725489432952969e-07,2.584264396869313903e+06
1.893925584671987753e-07,3.955091362117853016e+06
3.135453529796082935e-07,1.023810121404136717e+07
3.131122170505238456e-07,3.065854778295668773e+06
2.201736022528310850e-07,3.896451856983646750e+06
2.034055412253812970e-07,4.560823447601245716e+06
4.981963962762476232e-07,1.866924955614825478e+06
3.163702761523881245e-07,3.539639490539188031e+06
4.140660256258618267e-07,3.006065367558223195e+06
5.202600985035590881e-07,2.558093902455145959e+06
5.644676422842103589e-07,2.889977129727288615e+06
5.858030286397718899e-08,6.353313256654126942e+07
4.545913178582124016e-08,4.665367489901991189e+07
1.159589959213565361e-07,4.924724839728423208e+07
4.439337907602169431e-08,1.911125571290175244e+07
1.619412722311676143e-07,6.691187831965180114e+06
3.298043095780697206e-07,3.239504740409319755e+06
2.223587245267626869e-07,4.925629758787358180e+06
3.483716706049808004e-07,3.597095259787491988e+06
3.277797072524814470e-07,3.963022795225959737e+06
3.550418096476942574e-07,3.889049048755880911e+06
5.102894221448247071e-07,3.076323977222505026e+06
6.402800794207447523e-07,2.592366445090880617e+06
2.711379294809301100e-08,2.978128857575708628e+08
5.858030286397718899e-08,6.353313256654126942e+07
4.494035614540696148e-08,2.902602775495843217e+07
4.439337907602169431e-08,1.911125571290175244e+07
1.302344498687256075e-07,7.819635122906604782e+06
1.439857719788279315e-07,6.418565434939550236e+06
1.843011699205296070e-07,7.369640446426329203e+06
1.078932248088127203e-07,1.319305942692448758e+07
2.809098863666163493e-07,5.577197815282689407e+06
2.994013320833682735e-07,5.239572519276457839e+06
6.337321208103026457e-08,1.013836958467698097e+07
1.596304429024641028e-07,5.428624688503667712e+06
2.012906119092954713e-07,4.888388381931340322e+06
2.511567182804899177e-07,3.959226463737559505e+06
1.699854544660185774e-07,6.734563973598125391e+06
3.303561750479771073e-07,3.691305224054526538e+06
3.623695446053495346e-07,3.437436103057874367e+06
2.876349930986790692e-07,4.396421704385614023e+06
3.958210119385307380e-07,3.331512802574959118e+06
4.837632098869597304e-07,3.063780421379901469e+06
6.016221881634272839e-07,2.763566045289695263e+06
1.964386668756110538e-08,1.160992953387853205e+08
1.252995015247836102e-07,4.997337581922181882e+06
1.635578291209761337e-07,4.345117882286488079e+06
2.679926937556646491e-07,3.464968854450777639e+06
2.160340359784841048e-07,4.472643685514042154e+06
1.781006619076387127e-07,5.983127501575870439e+06
3.124062341768559532e-07,3.124603660480123479e+06
2.903134599509476484e-07,3.661585611901516095e+06
3.437079137483696480e-07,3.373518716138367541e+06
3.407429861125947114e-07,3.857362411111345515e+06
2.313122714606953477e-07,5.721230252572713420e+06
3.045329949328409808e-07,4.323875014724297449e+06
4.761040900702955770e-07,2.951882199505640194e+06
6.118638350364546198e-07,2.560600570815288462e+06
1.718659299084661218e-07,5.918538533102586120e+07
1.677703968481937331e-07,7.942082638277905062e+06
4.394508515754757172e-07,1.833571663899997016e+06
3.290256976451810622e-07,2.427872334808364045e+06
5.502131236986501401e-07,1.562037926701360149e+06
5.541357080906961117e-07,2.089346999250902561e+06
9.211734177962433595e-07,1.218107639988031238e+06
8.801858019339963480e-07,1.326745472665723413e+06
9.606851396745827077e-07,1.412434477708014427e+06
1.248720301767865285e-06,1.258895774527358357e+06
1.463780308916793735e-06,1.135701879475375172e+06
3.643205954856885963e-07,1.410663656980758300e+06
4.234429126872091199e-07,2.658188590291059390e+07
1.094649243421102726e-06,8.220798773448516149e+05
6.759185978781152179e-07,1.380859529271264561e+06
1.032693282697503745e-06,9.177866724945753813e+05
5.192667006647462265e-07,1.913161827442770125e+06
9.431623111246401588e-07,1.043786929378382629e+06
9.200678620349560764e-07,1.071448818374507595e+06
6.299865088140398266e-07,1.524871232780747814e+06
9.158115119060731767e-07,1.213781283005371923e+06
1.179702284165454899e-06,1.079432534162743017e+06
2.181767929323737885e-07,1.933867261279553873e+06
1.898793331508207735e-07,2.456228534994137939e+06
2.504862055789076982e-07,2.065667667067149188e+06
5.379727401908657248e-07,1.769233382212425815e+06
3.392116559306202756e-07,2.856841841645857785e+06
6.143624722336233574e-07,1.634953556837112177e+06
3.179686433833799054e-07,3.336373820642428007e+06
8.370901493752331055e-07,1.350113377920934232e+06
5.591616101864222663e-07,2.659665968692306429e+06
1.320117687927916089e-06,1.259332922823303845e+06
1.628413261349504143e-07,4.731695200935808942e+06
2.151306289813557725e-07,2.897697705633522477e+06
1.851657402648243365e-07,5.076511862120991573e+06
4.372672554210475239e-07,2.226189747393747326e+06
1.686716648905721500e-07,5.921113329096143134e+06
2.378208316839417477e-07,4.063120082760985475e+06
2.298680813497008412e-07,4.420941973021006212e+06
1.890214444762187891e-07,5.402784568112839013e+06
2.172016452348656639e-07,4.953154759914242662e+06
3.348459189291052251e-07,3.275319012438469101e+06
2.775980761400020058e-07,4.262780116452063434e+06
1.628413261349504143e-07,4.731695200935808942e+06
2.449885801749068072e-07,2.104552902474170551e+06
3.372172991410560731e-07,1.662371214852961944e+06
2.151306289813557725e-07,2.897697705633522477e+06
4.527860223650800304e-07,2.255699376195405144e+06
3.953224319490611358e-07,2.721310841059199069e+06
4.599350590044189157e-07,2.415336044767914340e+06
4.166462498452800794e-07,2.668578869107182603e+06
4.176371431158412702e-07,2.789104721704506781e+06
3.760552500736903527e-07,3.154421140696961433e+06
2.514642487397244680e-07,2.109227207030973863e+06
2.134849551173386315e-07,2.537202861952217761e+06
1.908077758699523897e-07,3.613417321279619820e+06
2.659214706768057155e-07,2.236986879585110117e+06
1.948091959328123975e-07,3.501305301567893941e+06
4.527860223650800304e-07,2.255699376195405144e+06
3.953224319490611358e-07,2.721310841059199069e+06
4.166462498452800794e-07,2.668578869107182603e+06
4.599350590044189157e-07,2.415336044767914340e+06
3.357451552429431043e-07,4.324358365836217068e+06
2.191974764786711896e-07,2.552945366212014109e+06
2.087483679872743316e-07,3.316010791354241315e+06
1.948091959328123975e-07,3.501305301567893941e+06
1.666211265245500878e-07,5.094147592458262108e+06
1.854652495300387846e-07,4.697871741896190681e+06
2.756145901819161990e-07,3.602194941909889691e+06
2.051846287687451276e-07,4.864476725446170196e+06
3.566010249347729733e-07,3.249013845736181363e+06
2.303364778205980170e-07,5.339882285865543410e+06
3.088590422028999596e-07,4.009173966061639600e+06
2.629964924883594325e-07,4.594301359657704830e+06
1.207642097692795834e-07,1.832511889175106958e+07
2.070227267494601506e-07,3.664770842329458147e+07
1.572980763205850773e-07,1.087297742570363730e+07
1.666211265245500878e-07,5.094147592458262108e+06
4.486046428977004308e-07,1.922997884585792432e+06
1.748585570553859214e-07,5.408357550817363895e+06
2.756145901819161990e-07,3.602194941909889691e+06
3.225288893882617548e-07,3.247838672110253479e+06
2.453686214302455217e-07,4.682631268331569619e+06
3.566010249347729733e-07,3.249013845736181363e+06
3.131449201868363208e-07,3.882702642454585992e+06
3.088590422028999596e-07,4.009173966061639600e+06
2.347068374306735079e-07,1.999096098648845451e+06
3.752826686517276897e-07,1.947648081565894652e+06
3.527682022827430299e-07,2.078838460568397073e+06
5.343662752402921037e-07,1.538984466590112075e+06
4.272937676655744187e-07,2.039073964223488932e+06
1.264187795389642926e-07,6.141159762266284786e+06
4.385402186629907979e-07,2.046722244773332495e+06
4.072119724507603468e-07,2.819329309991898946e+06
4.880740164192957203e-07,2.422676706847396214e+06
8.040902187225695479e-07,1.950686430513897445e+06
4.294949142480252242e-07,1.327958568358445307e+06
3.074936769822448726e-07,2.049689367433954030e+06
3.982261909700673246e-07,1.909690626097013243e+06
5.343662752402921037e-07,1.538984466590112075e+06
5.286994498562283659e-07,1.678219594375344692e+06
4.163871475903026198e-07,2.177070946909887251e+06
4.078606330649768178e-07,2.358873604927917011e+06
5.906106653071337723e-07,1.588855254940813640e+06
4.927073489098260782e-07,1.951093013240587199e+06
5.322296129142879099e-07,1.798680537805395899e+06
4.294949142480252242e-07,1.327958568358445307e+06
3.074936769822448726e-07,2.049689367433954030e+06
3.500926506878044227e-07,3.220215017306040600e+07
5.025590557985227167e-07,1.826883789876365568e+06
5.322296129142879099e-07,1.798680537805395899e+06
4.816934423431931989e-07,2.287419698912729695e+07
4.407271822922841221e-07,2.345352142018083017e+06
8.213922798759772612e-07,1.307512234454770805e+06
6.444825225752028703e-07,1.805540891485940432e+06
9.987407676109757023e-07,1.142926098136394285e+06
8.513105818157721981e-07,1.570729982696068706e+06
1.164724041276478659e-06,1.274176333472156199e+06
8.429639067601453466e-08,1.215729919063759036e+07
8.545936897404591752e-08,6.906305760497399606e+06
3.385190155934127707e-07,1.931583834934571059e+06
3.767722272582641937e-07,3.001475743735870346e+07
4.860914471820641089e-07,2.298110157455603778e+07
6.232934202431785895e-07,1.656605994919672143e+06
7.865543990953560922e-07,1.432532522187154973e+06
6.444825225752028703e-07,1.805540891485940432e+06
8.597225787502358811e-07,1.638789149384298827e+06
1.198231282324051296e-06,1.236738851806946797e+06
9.499043254684681099e-07,1.651800782050669193e+06
8.615656741264848449e-08,1.111152321798342839e+07
8.410249880222417731e-08,6.686526350029212423e+06
2.799449638786826588e-07,2.243887351736952551e+06
3.434818957776837603e-07,1.965150948892328655e+06
6.116564691021683351e-07,5.502920723863599822e+06
8.019599746047399941e-07,1.352443350614515366e+06
4.736764961573156029e-07,2.774578409419761505e+06
4.632242570889475901e-07,2.952604895919946022e+06
4.101704739233993150e-07,3.595133726929322351e+06
1.345933489061485843e-06,1.099926881529617822e+06
8.604571862520057219e-07,1.819961785919265589e+06
3.873358704209759306e-07,2.320915786661930755e+07
6.650815765383914755e-07,1.349719972795556765e+06
5.431213185003490047e-07,1.864387329315777402e+06
6.074605520510559219e-07,1.832605634439971531e+06
8.371317353319382621e-07,1.338104891964868177e+06
6.377748922088955140e-07,1.789680917064917739e+06
7.253893941607813964e-07,1.644271241130579030e+06
8.978320589108443209e-07,1.325803875782238320e+06
7.491146153275778439e-07,1.581132975386916194e+06
8.975210682029079756e-07,1.323384240661718417e+06
1.305429235368418768e-06,1.075578075046174694e+06
1.643889053474895419e-06,9.000630559634525562e+05
1.358132150924507997e-06,1.089286891496421536e+06
2.699731166044803533e-07,2.870453982505386230e+06
7.624045833360456835e-08,1.003254721610528417e+07
8.468877771056248146e-07,1.014972458512294688e+06
1.008982112975080941e-06,8.552731835689697182e+05
4.584193847581433381e-07,1.989826870557124959e+06
4.109474001252998920e-07,2.057470694109795848e+06
1.108361724719596113e-06,8.555249896943565691e+05
5.740314643559889185e-07,1.613653175082246074e+06
3.899464547497938518e-07,2.641101205467809923e+06
5.634631221889620791e-07,2.048427256177086150e+06
1.474779719369782041e-06,8.194063254955540178e+05
1.019490527883503047e-07,6.733202930374677293e+06
2.791846258723026775e-07,2.687999359931349754e+06
4.137755996340313852e-07,2.122835950046166312e+06
4.300141355037495405e-07,2.106887208777147345e+06
4.044163069678073101e-07,2.177585640458882321e+06
6.881290355077735955e-07,1.391736538101091981e+06
3.624211912395447998e-07,2.925016176538443193e+06
3.095731049270646655e-07,3.524708687623474747e+06
5.551486606191636154e-07,2.158025196487767622e+06
5.926592710392183835e-07,2.245107127211018000e+06
5.321300649225704537e-07,2.586944020144584589e+06
9.843776008904797090e-07,1.686592567167916102e+06
5.952426742465935657e-07,1.208434207199132536e+06
4.220925727143042102e-07,1.813444152591605205e+06
4.208721726734434711e-07,2.055062697827214608e+06
7.376704206845962764e-07,1.199753310803502565e+06
2.965777086590766771e-07,3.184894539723008871e+06
6.672521172063122377e-07,1.491444050367135322e+06
8.109703036474491174e-07,1.198267640916118398e+06
7.092061225965746193e-07,1.442649673522211146e+06
7.172904668533449663e-07,1.528729120976376114e+06
5.649654662393291327e-07,2.160706831474498380e+06
7.222603555251976182e-07,1.748162283210436348e+06
1.833552630313139519e-07,9.528799949599746615e+06
4.376012560083120974e-07,1.315367883587688906e+06
5.434205829205871428e-07,1.461541681387488963e+06
1.003934311447659756e-06,7.754690643660833593e+05
6.051153959668164086e-07,1.337964952709374018e+06
8.539778624996849068e-07,1.043087435574606061e+06
7.709922361663485973e-07,1.237976168078285176e+06
7.215885536640204512e-07,1.645989953724137740e+06
7.831938168374198506e-07,1.590391754420564277e+06
7.444173614383626325e-07,1.667623431738750311e+06
7.978507590562904360e-07,1.641269595307664247e+06
1.328537753484960997e-06,1.113752171004000818e+06
1.491072736952162437e-06,9.914372108217477798e+05
2.934340069277540498e-07,1.857027976112325676e+06
5.976631188267210451e-07,8.644363649762952700e+05
4.932046416677434913e-07,1.191571015972907655e+06
4.774708783188235275e-07,1.830323695870508999e+07
1.018858946421552675e-06,9.298580844242800958e+05
7.738668794985876685e-07,1.234215500459805829e+06
1.050646493730141486e-06,9.322299160348707810e+05
8.891419221294478269e-07,1.184900507602273952e+06
8.219752354712716409e-07,1.369255916193506913e+06
1.299383026312862046e-06,9.739055342873570044e+05
1.445126840071513241e-07,6.981339018282870948e+07
1.759549102752476252e-07,3.445161793779649306e+06
1.357352323120429263e-07,5.032813063414848410e+06
1.570781107916082471e-07,4.504449317422972992e+06
1.132735977052586037e-07,7.587065556892841123e+06
3.895078317415894869e-07,2.522770347940150183e+06
4.514851974260529890e-07,2.715082193517678417e+06
4.610646875453389052e-07,2.648301443100730889e+06
5.458706304672311154e-07,2.417596093137000687e+06
4.797543641476385766e-07,2.844885781869121827e+06
3.930148102963839500e-07,3.701299280999133363e+06
7.739272841794036860e-07,2.146578642645274289e+06
1.680919762289133667e-07,3.413548428580355365e+06
1.177129377362442933e-07,4.996726517340616323e+06
1.759549102752476252e-07,3.445161793779649306e+06
1.570781107916082471e-07,4.504449317422972992e+06
1.398298199534948580e-07,5.237351036974433810e+06
1.122204805652184840e-07,7.959656831045478582e+06
8.869993761301558781e-08,1.170495047496809997e+07
8.824607873486349741e-08,1.237400903264895268e+07
1.421094422877445376e-07,7.691460445282374509e+06
2.152509757655895001e-07,6.494390318474696018e+06
4.139174828778537379e-07,4.005575135180992540e+06
1.198848145000823276e-07,4.919361763175794855e+06
1.680919762289133667e-07,3.413548428580355365e+06
1.177129377362442933e-07,4.996726517340616323e+06
1.627600396875710462e-07,9.627982689194254577e+06
1.216965638644452289e-07,5.549481903326952830e+06
2.966393247300442217e-07,3.453922836927371565e+06
3.007227598993205672e-07,3.717771828944370151e+06
4.314478669826451490e-07,2.638627329791558906e+06
3.868412239443052889e-07,2.843803344946218189e+06
8.554075876584756739e-07,1.729751226193781942e+06
1.261361408753646545e-07,2.565573903871154040e+07
3.738818513450337901e-07,1.425101528488815529e+06
1.950660633725355968e-07,5.598455620580053329e+07
4.537207531388811574e-07,2.399804708298985381e+06
4.592051888743407686e-07,2.281327273753068410e+06
5.361263529801738465e-07,2.104809498133517336e+06
4.678365074976528411e-07,2.542384309404361993e+06
4.970444029048510882e-07,2.379980350144318771e+06
5.543050619569632876e-07,2.541702535443306435e+06
9.060444292411075094e-07,1.635174789276659256e+06
8.600382079343451280e-07,1.719455294070774922e+06
1.788428463268844992e-07,4.918425581510139257e+07
2.234952215522887599e-07,5.598252739374433644e+06
8.077373798379213877e-08,1.147813339128165245e+08
3.506035133513029057e-07,3.102381341046041809e+06
4.929426136597678010e-07,2.299371100752732717e+06
3.405399824998491687e-07,3.301620281505361665e+06
4.113612744848284917e-07,2.681241971937000751e+06
5.642903677524122073e-07,2.081920737353305565e+06
4.457582610082894159e-07,2.931856697307148948e+06
9.096624168966961665e-07,1.463208780151795829e+06
3.850560048039895304e-07,4.110290767675159033e+06
5.570938985539960884e-08,1.085301091787357442e+07
1.242782384103414975e-07,1.756043462035247684e+07
3.848923517014953814e-07,1.925589613868398592e+06
6.228170112612821071e-07,1.683225276135482360e+06
5.887841184370463075e-07,1.823987165346724913e+06
5.888128826597796005e-07,2.070510573766330956e+06
4.975295825406109978e-07,2.385952375821738504e+06
8.908220596206491878e-07,1.369127857777575729e+06
9.170999386319212673e-07,1.451288760364683345e+06
7.994813544122088462e-07,1.801009120695177000e+06
1.248013238362260225e-06,1.261019082934989594e+06
1.283358001002024912e-06,1.294956387119923253e+06
1.166120135442334054e-07,3.252381590506066103e+06
9.761615889039822453e-08,9.704963878689751029e+06
4.298973925603505904e-07,2.078053416477991734e+06
4.965724565698713470e-07,1.927529613319942495e+06
5.587134171351698474e-07,1.817330248857992236e+06
5.485007236918191329e-07,1.967683406760673039e+06
9.286394778902293426e-07,1.246385570749299601e+06
5.348357992659853897e-07,2.234922776517299004e+06
8.944837135759044462e-07,1.436678654406255344e+06
9.045110776984043210e-07,1.553786568560918560e+06
1.213659279125137374e-06,1.163069081812249729e+06
1.206190083495567968e-06,1.167665945171158994e+06
3.980392175333417081e-08,1.371398964078661427e+07
5.804680076177455546e-07,1.048478302394278697e+06
2.788497479778806060e-07,2.200284469701994210e+06
5.646436315442511157e-07,1.505432569876097841e+06
3.679568461532910079e-07,2.378691326282879338e+06
5.061146712648908934e-07,1.914437165778124938e+06
8.522832627360964400e-07,1.186226266643570270e+06
1.149661574112457737e-06,9.004495764236245304e+05
6.482758253520228444e-07,1.788495484309881693e+06
5.620634879200136119e-07,2.213759533757767640e+06
4.654046781639918791e-07,1.391233134216269478e+06
5.563068747722309641e-07,1.618474216673021438e+06
1.071276593746482431e-06,7.980512071881748270e+05
3.795789998896528758e-07,2.921577745375937968e+07
1.267961801180102499e-06,7.622220791781008011e+05
8.765092896157527385e-07,1.100861799635887379e+06
1.193034050174436599e-06,8.306710694096544757e+05
1.258901609753999444e-06,7.676696730603618780e+05
1.139718207126457729e-06,9.938251971896854229e+05
1.006705748315566493e-06,1.305002905266235350e+06
6.025995078708400468e-07,2.429069298060453963e+06
1.970672520469128655e-06,7.952777982678838307e+05
6.266740115696558396e-07,1.775569593952528387e+07
1.071276593746482431e-06,7.980512071881748270e+05
1.001640872099922466e-06,9.147128816605027532e+05
1.361672526728874069e-06,6.852547792273451341e+05
1.258901609753999444e-06,7.676696730603618780e+05
1.091882200646255110e-06,8.908114933016324649e+05
9.906607025290178785e-07,9.610668189785709837e+05
1.024262173551962226e-06,9.559035835015912307e+05
1.033278845438206716e-06,9.850879086490503978e+05
1.020485674431614882e-06,1.224535239894641796e+06
1.071586234776068818e-06,1.163346308873202885e+06
1.992243181661591603e-06,7.422708148012411548e+05
4.762567795141511364e-07,1.112008367978675524e+06
5.017328882842347972e-07,9.882549536198518472e+05
4.275025310295761730e-07,1.343642870750786271e+06
5.242454218516714176e-07,1.103084758960534818e+06
1.024262173551962226e-06,9.559035835015912307e+05
1.033278845438206716e-06,9.850879086490503978e+05
7.635064660942685507e-07,1.478085731417094590e+06
9.232083722530604006e-07,1.190950819723415188e+06
9.462236437217159499e-07,1.238427793700568611e+06
1.443212922478295023e-06,9.225471691676505143e+05
4.275025310295761730e-07,1.343642870750786271e+06
4.111471695911568140e-07,2.197200535365351941e+06
3.779081228252645089e-07,2.520125564316742588e+06
3.127013274026718766e-07,3.135431661802962422e+06
4.087555912656073601e-07,2.396871045743799303e+06
4.317267931959464366e-07,2.232864390526134521e+06
4.950625181261098809e-07,2.154317881278155837e+06
4.658126634933470728e-07,2.389539788405791856e+06
4.138696038449298988e-07,2.736006019687547814e+06
6.188895729561642364e-07,1.768420630020049401e+06
4.654709674656831623e-07,2.406725377883746754e+06
4.408323545394305767e-07,2.797241377987295855e+06
3.143093510397818966e-07,1.772523791928218678e+06
2.110650937198256295e-07,3.555802050588855054e+06
4.162863489608340120e-07,1.798597790366586763e+06
3.947560569312210963e-07,2.320920182640157640e+06
3.267879578883566975e-07,2.881792443655171897e+06
3.381215685434224938e-07,4.205130941227287985e+06
5.284144022441982605e-07,1.824467043396652909e+06
4.206759433415114349e-07,2.398317698042163625e+06
4.824377043647567460e-07,2.195925171181877609e+06
6.457545230073152060e-07,1.821859396051425720e+06
6.826276836228698911e-07,1.714602765126687242e+06
3.387751440909517317e-07,1.764303241640144493e+06
3.059469608193395694e-07,2.337549507399897557e+06
2.110650937198256295e-07,3.555802050588855054e+06
4.162863489608340120e-07,1.798597790366586763e+06
2.610438824857271925e-07,3.594985488165052142e+06
3.956807256785325669e-07,2.584218240338962991e+06
3.695576072940728821e-07,2.806598997476980090e+06
1.760756396550912665e-07,6.014420141943214461e+06
3.301999180611405313e-07,3.210481986442989204e+06
6.826276836228698911e-07,1.714602765126687242e+06
6.457545230073152060e-07,1.821859396051425720e+06
8.335146823535016243e-08,2.808698369948821515e+07
2.533532869975876380e-07,3.234119608945717104e+06
3.087141610121372104e-07,2.335622536338671111e+06
1.939193685556444175e-07,3.797272862065885682e+06
3.027091107863323325e-07,2.744700723637558986e+06
2.748811132117545818e-07,3.152302139640968293e+06
3.956807256785325669e-07,2.584218240338962991e+06
2.179715690166420397e-07,4.714273041638704017e+06
3.695576072940728821e-07,2.806598997476980090e+06
4.757859047078886931e-07,2.510309652017361019e+06
5.117901649216923551e-07,2.536270035534449387e+06
5.093918869939531905e-07,3.027056181920233648e+06
8.893935848751762815e-07,1.762557465759636601e+06
1.140468657048125917e-06,1.465787727482967777e+06
2.663538014081005502e-07,1.234768447986142151e+07
3.445804285083397260e-07,2.847442740492072329e+07
2.899169669439820591e-07,3.581313643626330793e+07
9.832390873727590619e-07,9.117133298083965201e+05
8.969931794470631208e-07,1.019520922324385494e+06
5.952868753212777691e-07,1.594939941434182227e+06
6.567747875191094602e-07,1.474380278282564599e+06
8.435855239149473717e-07,1.391942648459044751e+06
1.178475622625633466e-06,1.189155977238128427e+06
1.257724775572954710e-06,1.115703992390529718e+06
9.377624789748045752e-08,1.979871492974386737e+07
5.044387911276118573e-07,5.516600019735141657e+06
5.349876038066696982e-07,3.436020852279198822e+06
1.006431631508667300e-06,8.549000392280258238e+05
1.022831884717497905e-06,8.729551185704974923e+05
8.577051028404176621e-07,1.063518883437975077e+06
4.558934551792796857e-07,2.172139489724619780e+06
5.946769560836577892e-07,1.761277786358542740e+06
7.095934372296978292e-07,1.513687571200062055e+06
9.648305775929911630e-07,1.191534131408182904e+06
1.014099372480687604e-06,1.260766229545566719e+06
1.157010126739559702e-06,1.150734653457516572e+06
2.648835725080551931e-07,2.034279121674792375e+06
3.457194853909196674e-07,1.559591241390319774e+06
4.913626139585310471e-07,1.868981230081750313e+06
7.370503488184935393e-07,1.393758688662963687e+06
5.946769560836577892e-07,1.761277786358542740e+06
8.420664450007228275e-07,1.254540354262655601e+06
7.349776754420243199e-07,1.480876469940152252e+06
5.534372477339285093e-07,2.186174351059487555e+06
6.694767780680658160e-07,1.956043890766112367e+06
1.050537587264520995e-06,1.276061048359245528e+06
1.146597493377902977e-06,1.224821182460325770e+06
1.238210818251236243e-06,1.130102297771441052e+06
3.525514838049526118e-07,1.569677248085156549e+06
2.240498319247081385e-07,3.155709064213541802e+06
3.055054236755423466e-07,2.362644237355771009e+06
3.485001114406158019e-07,2.274229001539443620e+06
3.850522235397494986e-07,2.301669801817039959e+06
3.381011242698776582e-07,3.225931552593567874e+06
5.534372477339285093e-07,2.186174351059487555e+06
7.910270538720160916e-07,1.555935158248073189e+06
5.035794569970856268e-07,2.495303283586610109e+06
4.783511457727522503e-07,2.893044048098976724e+06
1.207483261742982819e-06,1.299114731874472229e+06
9.345410612793617230e-07,1.674915122433006763e+06
1.058128037815298473e-07,2.256757678731113672e+07
2.230244591338527221e-07,5.038060061658573151e+07
3.490049572099839644e-07,2.188889982778214384e+06
3.265592349999765063e-07,2.418653223616132047e+06
3.211080912339643223e-07,2.504852605320867617e+06
3.201239348972497858e-07,2.777186609535041731e+06
6.376806453280141842e-07,1.554751417663472937e+06
3.507023319655823242e-07,2.979901416455447674e+06
6.483865827900269286e-07,1.582416425522340927e+06
3.915492413804320717e-07,2.721333086049190257e+06
2.627275954694043596e-07,4.320729070264806971e+06
4.665996843851447969e-07,2.486650939081674442e+06
2.356950686705342327e-07,4.145005984346927702e+07
3.023785199515081742e-07,2.207260135707231238e+06
3.551361992997132564e-07,2.006169512227359926e+06
5.135889260511035129e-07,1.810705075564418687e+06
2.639808208869742784e-07,3.580052184218843468e+06
2.870272805442428386e-07,3.497637220226655249e+06
5.732132229403653607e-07,1.779650692459866870e+06
6.837794695637416980e-07,1.698601436491131317e+06
6.232705462072682382e-07,1.890696267324940767e+06
4.653549072147624315e-07,2.418337912412622944e+06
4.908151404573327781e-07,2.581033957727002446e+06
4.752951129072811349e-08,4.951657987498531491e+07
1.549390471407664405e-07,1.083733127064403892e+07
2.356950686705342327e-07,4.145005984346927702e+07
5.345777298858443481e-07,1.797215535166327143e+06
5.732132229403653607e-07,1.779650692459866870e+06
3.789898989248259700e-07,2.841018690726194531e+06
4.253460098225967436e-07,2.589766652050221339e+06
4.060875263801114126e-07,2.957809228034920525e+06
4.653549072147624315e-07,2.418337912412622944e+06
6.837794695637416980e-07,1.698601436491131317e+06
6.232705462072682382e-07,1.890696267324940767e+06
4.773846921225591334e-07,2.728248282273804769e+06
8.142776312125462344e-07,1.924306549629244721e+06
7.295423017044290103e-08,3.108509693636568636e+07
1.549390471407664405e-07,1.083733127064403892e+07
1.893639133077851208e-07,5.258851249323583208e+06
2.907359673843624315e-07,3.665230824488754384e+06
3.624322434407772917e-07,2.884904580742503516e+06
3.091536096272749619e-07,3.475354720046982169e+06
3.789898989248259700e-07,2.841018690726194531e+06
3.435280388295096715e-07,3.122155792360140476e+06
4.253460098225967436e-07,2.589766652050221339e+06
4.060875263801114126e-07,2.957809228034920525e+06
4.816296525967858116e-07,2.630487636730525177e+06
4.773846921225591334e-07,2.728248282273804769e+06
6.296552905014989877e-07,2.114445762048922013e+06
8.142776312125462344e-07,1.924306549629244721e+06
2.635715206596632029e-07,4.361828579902236164e+07
2.194033387879181518e-07,4.091357951637646649e+06
3.322575102268670338e-07,2.807083398711611982e+06
4.039930271171050861e-07,2.295987162253391463e+06
4.833466966232993348e-07,1.927860443292279728e+06
3.701199667167441035e-07,2.648011278820993379e+06
4.467272189380208531e-07,2.395442169632525649e+06
4.992497246637763948e-07,2.293216908329918049e+06
6.287558213108581879e-07,1.911753484672304709e+06
4.942892570026255564e-07,2.541192383691263385e+06
4.701605019540568706e-07,2.757093616851628292e+06
4.764578328194577797e-07,2.903043290678694844e+06
9.287109051708852541e-07,1.685637418702488532e+06
3.863087258639941502e-07,1.417482158267202554e+06
6.521063230984732280e-07,1.290112550217273412e+06
4.011917540534321265e-07,2.148039913985767867e+06
4.039930271171050861e-07,2.295987162253391463e+06
4.833466966232993348e-07,1.927860443292279728e+06
6.466352072964114535e-07,1.435988357217546785e+06
6.282735647412564372e-07,1.576744291176155675e+06
6.025216198945498227e-07,1.622292586473919917e+06
6.463611919781215708e-07,1.581753225160707254e+06
4.020853671997944769e-07,2.711952023399114609e+06
5.332104464988589141e-07,1.959087916792931035e+06
3.863087258639941502e-07,1.417482158267202554e+06
3.855174150593676595e-07,1.910051299338066485e+06
7.145873868724767472e-07,1.022044983399622492e+06
4.942057730747222246e-07,1.616144808102085022e+06
9.213161251287691444e-07,1.029923015323549509e+06
5.180100924934692526e-07,1.913319351557095768e+06
4.020853671997944769e-07,2.711952023399114609e+06
5.332104464988589141e-07,1.959087916792931035e+06
6.168098909332327907e-07,1.692566889745145338e+06
5.617711716421669049e-07,1.984297925424928777e+06
5.642613416999381508e-07,2.162645449805941433e+06
5.283413959837274514e-07,1.266805962810787372e+06
4.981939444840476743e-07,1.399622731747891987e+06
5.842860424464326739e-07,1.443048045707624871e+06
5.034197575563667185e-07,1.134967477044672519e+07
3.645828416990942311e-07,2.310126336145159323e+06
1.082829091613775109e-06,8.755004085888618138e+05
7.511445996881738189e-07,1.455125709806748852e+07
8.455603551853739809e-07,1.359132909570656251e+06
6.951028314083093964e-07,1.811774188784404891e+06
1.168458813300371334e-06,1.053461780050669564e+06
1.564947982490897554e-06,8.942036553101649042e+05
1.743985354651331037e-06,8.490207012177890865e+05
4.744716924872917908e-07,1.228326250530580990e+06
5.322745394799655438e-07,1.223236524018720258e+06
6.589045786086730460e-07,1.275238883584800409e+06
7.919664833067731693e-07,1.130270578985105269e+06
9.489142356298704300e-07,1.078186512603845913e+06
1.320367804378880787e-06,8.037629537076062988e+05
1.258944777789260469e-06,8.861559540410842746e+05
9.903925074625717912e-07,1.125748121316405712e+06
7.980177180575896928e-07,1.511245963310894324e+06
8.936312878901751928e-07,1.435907919122860068e+06
8.764024054676706353e-07,1.560776897981094196e+06
1.559379151195862732e-06,1.004372063686991460e+06
5.498076898446938185e-07,1.219131592141629895e+06
5.593624145217423542e-07,1.285169767551269149e+06
6.589045786086730460e-07,1.275238883584800409e+06
6.667340839251803954e-07,1.156666382340245880e+06
7.919664833067731693e-07,1.130270578985105269e+06
8.755618381853925199e-07,1.135261460633713286e+06
3.438668670806537744e-07,2.842869026577425189e+06
9.489142356298704300e-07,1.078186512603845913e+06
6.879340531296293711e-07,1.551189765851626871e+06
6.437286290975337900e-07,1.667745246948815882e+06
5.943014922945890398e-07,1.946209548936003819e+06
2.345893362990895952e-07,4.022449079579048604e+07
3.649167892275526618e-07,1.536645798489665380e+06
4.912878085765200484e-07,1.787664540010972880e+06
5.194825314487521392e-07,1.744978570976132061e+06
5.171026324074435040e-07,1.998481032971258741e+06
6.879340531296293711e-07,1.551189765851626871e+06
4.451320187090099651e-07,2.505299882306380197e+06
6.758807309050048770e-07,1.651842436152859591e+06
4.727827893506090471e-07,2.348406175882418640e+06
5.391314543122903715e-07,2.065194607143743197e+06
5.463591795981114738e-07,2.368000057699393015e+06
2.642371112062886717e-07,7.984080116995932534e+06
4.913041408124019472e-07,1.075300454711231170e+06
3.649167892275526618e-07,1.536645798489665380e+06
1.599741940780470345e-06,6.401798894932758994e+05
7.265162815250329809e-07,1.499820913450039923e+06
9.120391357323246669e-07,1.255811866126384586e+06
2.044081599811701404e-06,5.634666749680376379e+05
1.291123559698514220e-06,1.001700347174725728e+06
9.049159136941655531e-07,1.713973129866012139e+06
2.782171202103057814e-07,5.966494109070501290e+06
1.972242765136393012e-06,8.427612390841565793e+05
8.719284808933614589e-07,6.091337752715074457e+05
1.732874324885934835e-06,5.422641848018949386e+05
1.665872937426599026e-06,5.678071368080571992e+05
1.674760822815670719e-06,5.831813108423979720e+05
1.863692809453267560e-06,5.281723334777209675e+05
1.655151733153051635e-06,5.919063695840574801e+05
1.867126498511465671e-06,5.482679299002526095e+05
1.522725512889182209e-06,6.934226563746867469e+05
1.326287315092973672e-06,8.481993667270393344e+05
1.446141443095654687e-06,7.681544566714563407e+05
1.666661447323285031e-06,6.950553746866493020e+05
3.017055849106006936e-07,4.162219690080094151e+06
7.170200051740962031e-07,6.350870509958699113e+05
7.133832766177541762e-07,8.246794588862315286e+05
5.391601780263970694e-07,1.167126279758525314e+06
1.347996863853862577e-06,7.369457082940755645e+05
1.496963171521719720e-06,7.073344753536924254e+05
1.168784973442176134e-06,1.458656827642063843e+06
1.354294178590723690e-06,8.746640181728603784e+05
1.497381696993448247e-06,8.320638640859029256e+05
1.347552574781569304e-06,9.229996661333299708e+05
6.561832501258628231e-07,1.952877071150756441e+06
2.415843385218316769e-06,6.487437664518068777e+05
2.649155504407363485e-06,5.911399707785035716e+05
7.133832766177541762e-07,8.246794588862315286e+05
5.391601780263970694e-07,1.167126279758525314e+06
5.237762677811333144e-07,1.552369020547477761e+06
5.226169744754064917e-07,1.826007421249286039e+06
5.988080429926822125e-07,1.586751587230083300e+06
7.644430290879589295e-07,1.247567410338519374e+06
9.473738465245426432e-07,9.992815077316476963e+05
7.555264151370549155e-07,1.379187282012122218e+06
1.347345834238372469e-06,7.875152210105756531e+05
1.241274507014724226e-06,9.037262220376202604e+05
6.930625629847220865e-07,2.355053852485396899e+06
2.553098610201800304e-07,9.090805269900087267e+06
4.491553692758774822e-07,9.671813954596103868e+05
6.403634376565198570e-07,1.091068541112804320e+06
6.107614321722794118e-07,1.335303490735678002e+06
9.433940578728994064e-07,9.836276200742389774e+05
7.557641482718255762e-07,1.215035882521438180e+06
8.295651456516246173e-07,1.131893359577034367e+06
1.159358280402520149e-06,8.307527673277184367e+05
1.347345834238372469e-06,7.875152210105756531e+05
1.241274507014724226e-06,9.037262220376202604e+05
8.210756925743393530e-07,1.478113108973815106e+06
4.580812136679649835e-07,9.582898814155235887e+05
3.868653485959775519e-07,2.416008010931175947e+07
5.633075139925280193e-07,1.529805569056871580e+06
5.753014551486269725e-07,1.553854652245269157e+06
7.557641482718255762e-07,1.215035882521438180e+06
6.719999165937091049e-07,1.399353138701804681e+06
8.295651456516246173e-07,1.131893359577034367e+06
8.314460805322431762e-07,1.265685091026562965e+06
6.865512503139209964e-07,1.465810585423055338e+06
1.519023943709495035e-06,9.213937905113889137e+05
3.960051695735418464e-07,2.425473775819941610e+07
6.168020387047449104e-07,1.391340559197452152e+06
5.633075139925280193e-07,1.529805569056871580e+06
6.905428889531171888e-07,1.305660287991585210e+06
5.753014551486269725e-07,1.553854652245269157e+06
2.893978222538263114e-07,3.170491514742129017e+06
6.865512503139209964e-07,1.465810585423055338e+06
5.303061818924221661e-07,2.205451503043456003e+06
8.825229000670463390e-07,1.270197609896203270e+06
9.139362907587566346e-07,1.336092804315894376e+06
8.155735003647620140e-07,1.585106172610473121e+06
1.270426107157374157e-06,1.166769965258472133e+06
3.913300712598730338e-07,6.882275178886639886e+06
6.349867446964370981e-07,1.302263608166937949e+06
7.589404471525169894e-07,1.157817247784986626e+06
8.148210720071265224e-07,1.039882975094700349e+06
8.853523820891440586e-07,9.776494958521509543e+05
8.268019474981047529e-07,1.142984227245626273e+06
8.233742262999805539e-07,1.192234632780665997e+06
9.915657169428043175e-07,1.013502035565516679e+06
8.825229000670463390e-07,1.270197609896203270e+06
9.139362907587566346e-07,1.336092804315894376e+06
3.273664579375461582e-07,5.722316130066373385e+06
3.209498514121190241e-07,1.911352827873107977e+06
1.447467958752399814e-07,1.309989625954751484e+07
3.758658942278045595e-07,2.906669337268772349e+07
4.336786651346413704e-07,1.811364967746277340e+06
6.663549484810100362e-07,1.618247780506622745e+06
7.031424830015475714e-07,1.521930982444797643e+06
7.359017371195354797e-07,1.520531150618127082e+06
6.356266457475274215e-07,1.962806209863234777e+06
6.584289248044189462e-07,1.892096643174328841e+06
9.631484702139378650e-07,1.463561815076435916e+06
1.162510099318990266e-06,1.274883273652219446e+06
1.184287593379603350e-06,1.323012295883686747e+06
1.633984756461815245e-07,4.800400870366581529e+07
2.777474643424490889e-07,2.673078644741219003e+06
6.485920054692000643e-07,1.334345239074938931e+06
5.694659687270914028e-07,1.559466845214618137e+06
3.976941897921657113e-07,2.105154150582885370e+06
6.814129963336550399e-07,1.475238667495517293e+06
4.837410124487642304e-07,2.247413378740673419e+06
5.490880698658365347e-07,2.016925608087439556e+06
4.376237109715063797e-07,2.710133427276296075e+06
7.567122213978914647e-07,1.755059938557288842e+06
9.737701349026186111e-07,1.522300399315828690e+06
1.535605597681699409e-07,3.863919549100932200e+06
1.640273733394619202e-07,4.910682480699075386e+06
3.672753900039555877e-07,2.562567105191126000e+06
3.460874039600817232e-07,2.958383965412613004e+06
4.661225695804571163e-07,2.338510878081387840e+06
4.837410124487642304e-07,2.247413378740673419e+06
5.490880698658365347e-07,2.016925608087439556e+06
4.376237109715063797e-07,2.710133427276296075e+06
3.709163815998721643e-07,3.386063955150580965e+06
5.367479617849404565e-07,2.541614085536939558e+06
1.744517055424177389e-07,7.952284479335099459e+06
7.574281032540266906e-07,1.953167115395145258e+06
8.723439015854318020e-07,1.798339674650947098e+06
2.173455074401032626e-07,4.557194309749633074e+07
1.535605597681699409e-07,3.863919549100932200e+06
3.267954497285775567e-07,3.495105478173001856e+07
4.015258868215163726e-07,1.981546152318799170e+06
2.500913018614984097e-07,3.313186626539167482e+06
4.976045549084462353e-07,1.837191544856788823e+06
3.722970116780814547e-07,2.906051016661175061e+06
4.053567977394538332e-07,3.429866398057907820e+06
4.639101377884125998e-07,2.970034173757998738e+06
8.126434397277241056e-07,2.042242057157602860e+06
3.301802523548794585e-07,3.328740136537221447e+07
6.004574702528100052e-07,1.392159521945616929e+06
2.957669793092901704e-07,3.817001970624266658e+06
4.336028658172070460e-07,1.934821393933178158e+06
6.667561761513510977e-07,1.267112301551802317e+06
3.529255685079069364e-07,2.750287231619024649e+06
5.937135521834997962e-07,1.671322997863109922e+06
4.658662924960458117e-07,2.253869457491210196e+06
6.965203677029278678e-07,1.545466426311729476e+06
6.631286196516723180e-07,1.589283938213633141e+06
7.503709973446823549e-07,1.481892215064878576e+06
9.956959852362853691e-08,9.371572349786525592e+06
4.289152416279485111e-07,2.035203130600629840e+06
3.425812538944530083e-07,4.662761561120592989e+06
4.043064980054598162e-07,2.392440112989722751e+06
5.937135521834997962e-07,1.671322997863109922e+06
5.213041429347448827e-07,1.976838441308239941e+06
6.631286196516723180e-07,1.589283938213633141e+06
5.911084916198487937e-07,1.782305781494308496e+06
4.700284519641132029e-07,2.302043936755795963e+06
6.965203677029278678e-07,1.545466426311729476e+06
5.148190231330598794e-07,2.150965979551456869e+06
7.503709973446823549e-07,1.481892215064878576e+06
1.987297832212734745e-07,3.019340799328346271e+06
1.343110141091801533e-07,5.052434051288235933e+06
9.956959852362853691e-08,9.371572349786525592e+06
3.161144557282936489e-07,2.651134605965017807e+06
4.060972697685715009e-07,2.360804446919452399e+06
4.894358627757450580e-07,2.107278060357225128e+06
3.701803670585983262e-07,2.867622184969400056e+06
1.636986565513842085e-07,6.581535472788690589e+06
4.440134450536754917e-07,2.510466582532517146e+06
4.947011721102448511e-07,2.353881301799952984e+06
4.785757943690325920e-07,2.846759134512357879e+06
1.622781451182253802e-07,2.688550203591847327e+06
2.788820409043024412e-07,2.131436520594570786e+06
1.174512968228660508e-07,1.010224861049317941e+07
1.263375155632286459e-07,6.603052176244105212e+06
2.937557026821677558e-07,3.073697033689113799e+06
1.793809368116406709e-07,4.963779266196520068e+06
5.528967969659509257e-07,1.661663256712308386e+06
4.774977512589410180e-07,2.233845151041311678e+06
4.828636360031563408e-07,2.427793691390221938e+06
5.002894696255027242e-07,2.283085364840141032e+06
2.203188377328150211e-07,2.365541467492651660e+06
2.708620033757443892e-07,2.131965453883890528e+06
1.528482058741477382e-07,3.866446614357065409e+07
1.428281519796598362e-07,6.516808111431275494e+06
4.161577469286291845e-07,2.315788271760516334e+06
5.412881265343326591e-07,1.775547526476221159e+06
4.168701229518254473e-07,2.557393938447027002e+06
4.010241937626783027e-07,2.680916586094533093e+06
4.828636360031563408e-07,2.427793691390221938e+06
5.047210372604949100e-07,2.308967298930682708e+06
6.438910136167181137e-09,3.883726470971459746e+08
2.328249875927455049e-07,2.367297131010990590e+06
1.749998877587967897e-07,4.800257289385014027e+07
4.997880401703049617e-07,1.501813881070602452e+06
3.994527103596127384e-07,2.510649101471293718e+06
5.316232837081273685e-07,1.867521299297271762e+06
6.151052891215177462e-07,1.506099338694218313e+06
4.010241937626783027e-07,2.680916586094533093e+06
6.269595059735420311e-07,1.675852933559485478e+06
4.168701229518254473e-07,2.557393938447027002e+06
6.970425330648154675e-07,1.613492340707787778e+06
7.804036218762361878e-07,1.484874058757266030e+06
4.477737548525147899e-07,1.117096798989305738e+06
6.172538327132397809e-07,1.365700109644663986e+06
4.812152761602684606e-07,1.888363124208945548e+06
4.005469743992627489e-07,2.344678637177988421e+06
5.316232837081273685e-07,1.867521299297271762e+06
6.269595059735420311e-07,1.675852933559485478e+06
8.248817355726175186e-07,1.309636184842640534e+06
9.371537786947207969e-07,1.174477540104506304e+06
1.036333179856930640e-06,1.067463213257647119e+06
6.970425330648154675e-07,1.613492340707787778e+06
7.804036218762361878e-07,1.484874058757266030e+06
1.216366042832755116e-06,1.047405016697400599e+06
4.405348386262309546e-07,1.328512739829889964e+06
3.291103843117506121e-07,1.237853792092202976e+07
5.243523887111978606e-07,1.541960297506910749e+06
9.410544657814369918e-07,1.051805610245331423e+06
8.792353532481233809e-07,1.126176929265673738e+06
7.507613035122641347e-07,1.381960078922819812e+06
7.869337614098709887e-07,1.324267935221616412e+06
9.914278922915605004e-07,1.020330130238045589e+06
1.070554083484375740e-06,9.844005837844824418e+05
8.276563898128808085e-07,1.280362388774389867e+06
9.371537786947207969e-07,1.174477540104506304e+06
1.774387369004832145e-07,6.747672078273700178e+07
3.239511150761573746e-07,2.209852944269676227e+06
3.779695062986687377e-07,1.938086734789247857e+06
4.969413840154820081e-07,1.565407060372971464e+06
4.025231195045254528e-07,2.408562371172718704e+06
7.507613035122641347e-07,1.381960078922819812e+06
4.945228500519726437e-07,2.046448802258646581e+06
8.276563898128808085e-07,1.280362388774389867e+06
7.001619014793051916e-07,1.776793422722449759e+06
8.082004284683019791e-07,1.605736688218893250e+06
1.298025468009808597e-06,1.280359249356630724e+06
2.948009863433896940e-07,7.171073425028658472e+06
1.996196536215023472e-07,4.390864850090767257e+06
2.445585232623285422e-07,3.645398246636661235e+06
2.968431252821901481e-07,3.024919629385181703e+06
2.709759330504668839e-07,3.413210140613536350e+06
3.208586971799975328e-07,3.051667384065617807e+06
2.948452822690646824e-07,3.540272662526062224e+06
3.067253684144788705e-07,3.481499062130519189e+06
3.350400208258407992e-07,3.168869828661085106e+06
3.382532863387279561e-07,3.250225105743887369e+06
4.118795232344035797e-07,2.815028110815230757e+06
2.900782543011111933e-07,4.372723017771787010e+06
4.000514263844570549e-07,3.251824069446940906e+06
6.525607199744670713e-07,2.402157435921921395e+06
2.408638466130658532e-07,3.088095710580128711e+06
2.932915801846190516e-07,2.484098668428369798e+06
4.060305729509593376e-07,2.106595928499242291e+06
3.208586971799975328e-07,3.051667384065617807e+06
3.760747784147066159e-07,2.736349525418669917e+06
2.948452822690646824e-07,3.540272662526062224e+06
3.350400208258407992e-07,3.168869828661085106e+06
3.449331285826780641e-07,3.044063725107749458e+06
3.067253684144788705e-07,3.481499062130519189e+06
3.987331172979474410e-07,2.777062323095711879e+06
3.382532863387279561e-07,3.250225105743887369e+06
4.636942070893196832e-07,2.659976114885064308e+06
2.408638466130658532e-07,3.088095710580128711e+06
2.699322563723749671e-07,2.468502973405180965e+06
3.956368416848608562e-07,1.733625237341035623e+06
4.060305729509593376e-07,2.106595928499242291e+06
3.742236622244787869e-07,2.693649031951241195e+06
3.760747784147066159e-07,2.736349525418669917e+06
3.449331285826780641e-07,3.044063725107749458e+06
3.987331172979474410e-07,2.777062323095711879e+06
3.308645464505124850e-07,3.364525313267232850e+06
5.382630014684489617e-07,2.246595862247504294e+06
4.636942070893196832e-07,2.659976114885064308e+06
3.761849629028038971e-07,3.328313937369827647e+06
1.783146719724765845e-08,1.512860241294393241e+08
4.254543142211170576e-08,1.776649933043555170e+07
1.570574648012293929e-07,4.261709477044816129e+06
6.681340814651719345e-08,1.733502197783448398e+08
1.401987385622514701e-07,6.534680673666176386e+06
1.181170718769739251e-07,9.385808431376289576e+06
1.241680739374546448e-07,9.264172692715466022e+06
2.386043938873651422e-07,5.956396416442790069e+06
1.834947579244704545e-07,7.863558924831009470e+06
2.045511766625980011e-07,7.558726641330662183e+06
3.241684546508190626e-07,5.121261172467002645e+06
1.319261546601981411e-07,5.064439795743634552e+07
1.430068203558317254e-07,4.291994022695460357e+06
4.311771440726754697e-07,1.947552545946273720e+06
2.771299060392852000e-07,2.800239837073797360e+06
5.907665800228857950e-07,1.609994216825807001e+06
5.044765547494866958e-07,2.702865686259534676e+06
4.833837417781159075e-07,2.527263516173671931e+06
4.098429842990057480e-07,2.942958660738052800e+06
6.407223921566365925e-07,2.036656325591410510e+06
8.924370912568076827e-07,1.660831664117119974e+06
1.058580335245552990e-06,1.569248873055257136e+06
3.768944843695879458e-07,1.828151775777129456e+06
4.207037990671483435e-07,2.635531900995832309e+07
5.682039518567571548e-07,1.582025304784212494e+06
6.668195928662417888e-07,1.403530067102650180e+06
5.059292505869724553e-07,1.903412757405473385e+06
7.079061774755203722e-07,1.419198680326567730e+06
6.243558643655712596e-07,1.584617376065254444e+06
5.645138120890997941e-07,1.847910830828777747e+06
7.704054887475553521e-07,1.381611247583592543e+06
6.326123810597308637e-07,1.761219322202567477e+06
6.265214319556449951e-07,1.864684307258468587e+06
6.088632339997251833e-07,2.003119401099655544e+06
2.555872179517232986e-07,1.916113103654425824e+06
3.545134545274770081e-07,1.553993972417283570e+06
1.843799849131259840e-07,3.306108347275710665e+06
4.982132680248701664e-07,1.986350996871588752e+06
5.926868329001746740e-07,1.777585852050651098e+06
4.636848629158067699e-07,2.396231234900963027e+06
5.342563641741701042e-07,2.166954454159789719e+06
4.595743533030715580e-07,2.645432796142200939e+06
4.933467341104642319e-07,2.492949980318831746e+06
6.389618830345039402e-07,1.914533367748163640e+06
7.711139936147729727e-07,1.731846825026813662e+06
3.545134545274770081e-07,1.553993972417283570e+06
1.541814137609864555e-07,3.854274731783106923e+06
1.885502376373762955e-07,3.323295429597322829e+06
2.718025815545511247e-07,3.070235749165818095e+06
3.846325803431633935e-07,2.371349682233639061e+06
5.900588593150150682e-08,1.695555799878155589e+08
4.810225419894356578e-07,2.482484514596714638e+06
3.982592126846512993e-07,3.129187232775662094e+06
4.302200694089331430e-07,3.013766866647207178e+06
4.539686225703664289e-07,3.038810541167087387e+06
8.615175574370114885e-07,1.818283075075024506e+06
7.335860531252707422e-07,2.135489315623025410e+06
3.283978170761246755e-07,1.592356510214076145e+06
1.683635055393569533e-07,3.813403883089476265e+06
2.625932357267760862e-07,3.286431249083356466e+06
5.763461782190598745e-07,1.586321194210827118e+06
3.906940495152605015e-07,2.235320884802347049e+06
5.756824524029040639e-07,1.724253097868258366e+06
7.068371708874795113e-07,1.468245776874149451e+06
7.886709713423807849e-07,1.342468978456515120e+06
4.924569633354011170e-07,2.203012275913999416e+06
7.083194058571466709e-07,1.638020021445414517e+06
9.776682916183527261e-07,1.519233865032332949e+06
1.189686706301672131e-07,1.965313554544910043e+07
3.592156351051011763e-07,1.643909355597930029e+06
6.729909007987608329e-07,8.578774954993184656e+05
6.402673766880369875e-07,1.297747645121952984e+06
8.153577298835906088e-07,1.131539414724346017e+06
6.818882312221872922e-07,1.459445495104769245e+06
7.068371708874795113e-07,1.468245776874149451e+06
5.530703349364086966e-07,1.845259804933082312e+06
5.782279371998709146e-07,1.819670095611210214e+06
7.886709713423807849e-07,1.342468978456515120e+06
7.485814858882086851e-07,1.419560893066504272e+06
7.854907480244726230e-07,1.409878622310230276e+06
6.729909007987608329e-07,8.578774954993184656e+05
6.243189510722257859e-07,1.471351986061590724e+06
6.969177396737519499e-07,1.399079406023602933e+06
7.689842733076740077e-07,1.303514698907126905e+06
6.440921092605067495e-07,1.700891655675892020e+06
7.216254491400237501e-07,1.545836084564627148e+06
8.761592956119582381e-07,1.333044940049062250e+06
8.692287753201112857e-07,1.343699803510015830e+06
7.433016442514533506e-07,1.581097830617496278e+06
7.543757054038702790e-07,1.546076601155674318e+06
8.481576932194628900e-07,1.365476299060528399e+06
4.919352162844606167e-07,2.386697394198596943e+06
7.570261651882491103e-07,1.598109911193677923e+06
6.969177396737519499e-07,1.399079406023602933e+06
8.813044240049307816e-07,1.134344420879058307e+06
1.015934168683804984e-06,9.590525513994188514e+05
6.810769156900524774e-07,1.464483469319448574e+06
7.689842733076740077e-07,1.303514698907126905e+06
5.890864575974731141e-07,1.728678425639389083e+06
7.402710755491435623e-07,1.513252765793907456e+06
8.002945282925839626e-07,1.380021310758581618e+06
8.692287753201112857e-07,1.343699803510015830e+06
8.761592956119582381e-07,1.333044940049062250e+06
6.726699067078912990e-07,1.873009466360064689e+06
7.085547723391781717e-07,1.747095821722471854e+06
1.333894695464779021e-06,1.056922957365624607e+06
1.492225714845302862e-06,9.957061018303855089e+05
6.702593073956062568e-07,9.782916250443072058e+05
1.078405694568797477e-06,8.498095790371078765e+05
5.854719162849741000e-07,2.241609356033727061e+06
1.223782050289550526e-06,7.637398793822892476e+05
8.614156298494296997e-07,1.093749748693117872e+06
1.015934168683804984e-06,9.590525513994188514e+05
8.813044240049307816e-07,1.134344420879058307e+06
8.840727768138337682e-07,1.149660067000475246e+06
8.374577218075183053e-07,1.250847247957201907e+06
8.260925049631931779e-07,1.273326687941526994e+06
8.846882093513501973e-07,1.401856477272907272e+06
1.562971927583724736e-06,9.472903454015785828e+05
6.514930330410863487e-07,1.012913370077050291e+06
5.072521353317464971e-07,2.227328756377584860e+07
6.621212913463601633e-07,1.136051472344767069e+06
5.206268966959568792e-07,1.659855790175440256e+06
7.015584652844738784e-07,1.258012749423573259e+06
8.614156298494296997e-07,1.093749748693117872e+06
7.791691574650537196e-07,1.227025440614057006e+06
8.840727768138337682e-07,1.149660067000475246e+06
8.736622838176976279e-07,1.304259079712979961e+06
9.310798642957446038e-07,1.395463393130919198e+06
1.638195834925424120e-06,9.031335750295291655e+05
3.515525831457237013e-07,6.042122273478149436e+06
5.793186518085492813e-07,1.264476083314207150e+06
2.122022756932624022e-07,3.364864358340733685e+06
4.911992071785846545e-07,7.112459197101489641e+06
4.016299744070141960e-07,2.669142998778133653e+06
7.626547599814591091e-07,1.313628939448224148e+06
5.232980351829855861e-07,2.002013724996210774e+06
4.042499523633072224e-07,2.706735107696227264e+06
6.114053172343758161e-07,1.813572038793026470e+06
1.209319447493733795e-07,9.230482993589513004e+06
4.921768963727697443e-07,2.413159979701171629e+06
3.883368435219400921e-07,3.232753166473885532e+06
8.188190763033904257e-07,1.808238844228714006e+06
8.330974681799232867e-07,1.889643182114995085e+06
3.399692120819469898e-07,1.780053106682391372e+06
2.122022756932624022e-07,3.364864358340733685e+06
1.930019250783137704e-07,4.680692227908086963e+06
4.152082448081692291e-07,2.368730668940240983e+06
3.927524269557332467e-07,2.466220241061373614e+06
1.243825606374948647e-07,8.294759832193449140e+06
4.459964896213176382e-07,2.462893512500620913e+06
5.073632583092229543e-07,2.171953604419341777e+06
4.798476290405996927e-07,2.298191490616586059e+06
6.541392836303169202e-07,1.776783664726274321e+06
5.881353214911427818e-07,2.160270607709256932e+06
3.812412073003438827e-07,3.846121808799038641e+06
3.346914633851542467e-07,1.713675468775781803e+06
3.153522973629870186e-07,2.171137410422695801e+06
4.339094190656998019e-07,1.562931474538766313e+06
4.584232935842996115e-07,1.637326374228747329e+06
4.727375598266153465e-07,1.699051096192093333e+06
7.252979438281856361e-07,1.271760176035754383e+06
8.697341419056370192e-07,1.156752920392823173e+06
6.720511440659067932e-07,1.780322171873646788e+06
6.878380725697001109e-07,1.997655008208962623e+06
1.227941733210871826e-06,1.352086397220582236e+06
2.898744946921823386e-07,5.917123032963263802e+06
2.491594870525689104e-07,2.459098515436378773e+06
4.351034228425912097e-07,1.514235696574443020e+06
2.928285011104964779e-07,2.579442747946043499e+06
5.022060798490171874e-07,1.548875407871110132e+06
1.657954964306269274e-07,5.835102291746367514e+07
5.243890291068913467e-07,1.563231599430723814e+06
5.166899709061326596e-07,2.433050542980664410e+06
6.331866872992889475e-07,1.986157526878217002e+06
7.527077389109308051e-07,1.628002384393077344e+06
7.313732121827209104e-07,1.778860561078981264e+06
1.103846987194595447e-06,1.423179566177988658e+06
1.223897382218748879e-06,1.357167003149530385e+06
3.709030762532449647e-07,1.670380732978813583e+06
2.491594870525689104e-07,2.459098515436378773e+06
7.219347575871286208e-07,2.582777071153016295e+06
2.520960281689162420e-07,3.465610741562467068e+06
1.051740051139200488e-06,8.828916375174756395e+05
5.669654711850104546e-07,1.700445382192538586e+06
1.001971621326896030e-06,1.019701759341666475e+06
9.696446334776516368e-07,1.104428447294484591e+06
8.198286321084973672e-07,1.300010458574484335e+06
8.516802836607125736e-07,1.243161638045011787e+06
6.020797626080946795e-07,1.447176314303575549e+06
4.365787190592644810e-07,2.132989749858509749e+06
8.738155368956304355e-07,1.078015978827722138e+06
8.399793055934476958e-07,1.126068871757731074e+06
7.746857803391917517e-07,1.194718418842644431e+06
9.064087645387280335e-07,1.089445496214158367e+06
9.983375310014218724e-07,1.016251625821536058e+06
7.270323163091246771e-07,1.379689021319773514e+06
1.001971621326896030e-06,1.019701759341666475e+06
9.696446334776516368e-07,1.104428447294484591e+06
8.220506086226926855e-07,1.351149309730286943e+06
9.203527860633257190e-07,1.199365892307667993e+06
9.976796974128861408e-07,7.436485833413822111e+05
4.840772507035156099e-07,1.721629247113327263e+06
5.606871392247733460e-07,1.493575412553547416e+06
6.020797626080946795e-07,1.447176314303575549e+06
5.768694805513574322e-07,1.518484167908859439e+06
5.710856194232315035e-07,1.589818065524433041e+06
6.376409086370693573e-07,1.497762011358827353e+06
7.746857803391917517e-07,1.194718418842644431e+06
7.987746941420290875e-07,1.204295552886397811e+06
7.835113322954171603e-07,1.314531830023673363e+06
1.155417166587573834e-06,1.094378515705002472e+06
5.768694805513574322e-07,1.518484167908859439e+06
5.710856194232315035e-07,1.589818065524433041e+06
6.376409086370693573e-07,1.497762011358827353e+06
5.229506356150723210e-07,1.831651268038219539e+06
4.208107001577044775e-07,2.354819710825537797e+06
7.987746941420290875e-07,1.204295552886397811e+06
6.522103228668179875e-07,1.572674541599673685e+06
7.034588823234369318e-07,1.512508780226083007e+06
8.274307890525619893e-07,1.354757188917412423e+06
8.273700366907996802e-07,1.354433006970140385e+06
5.177836734985274924e-07,2.221014024494816083e+06
6.941165085489856737e-07,1.655009213521946454e+06
1.765348224987952315e-07,1.134727987342269346e+07
6.652094037248679434e-07,1.250904508905177936e+06
6.805631055706236381e-07,1.360007769809712190e+06
7.687257067478980274e-07,1.233781511037934572e+06
6.483814401131202133e-07,1.520148643428286538e+06
4.208107001577044775e-07,2.354819710825537797e+06
5.229506356150723210e-07,1.831651268038219539e+06
8.501044468849064935e-07,1.181259609988322016e+06
6.522103228668179875e-07,1.572674541599673685e+06
7.046317505533334570e-07,1.448627436459111515e+06
8.047094302675390697e-07,1.261520428019844927e+06
4.814599998331240518e-07,2.249362697638290748e+07
7.752744401820419311e-07,1.429128236048332648e+06
2.666836280745397280e-07,2.017173888102258090e+06
5.176385646769143742e-07,1.126267417493314249e+06
7.687257067478980274e-07,1.233781511037934572e+06
7.271379911293526808e-07,1.342121165167732397e+06
6.644007299331123969e-07,1.546273598679010291e+06
8.424794931644994344e-07,1.254348472523905337e+06
6.893357693527286152e-07,1.599786256199228810e+06
2.279437748772117984e-07,4.927348206734880805e+06
4.394329643165501520e-07,2.656468376374578103e+06
6.152617780096173272e-07,1.907118080423468025e+06
6.721759410907954412e-07,1.832740070846345974e+06
1.054956355238723561e-06,1.405614110722098500e+06
2.592273884867093406e-07,1.974240923145064386e+06
2.666836280745397280e-07,2.017173888102258090e+06
2.419754212813642940e-07,2.241008231509088539e+06
2.462474350785869602e-07,2.239573070647123735e+06
5.664475947832540669e-07,1.884517396990816575e+06
6.654311823500104745e-07,1.743089355460117105e+06
4.388028510035358372e-07,2.836509644531360827e+06
5.172656968757282829e-07,2.341344148421118967e+06
4.325476884611004070e-07,2.847112885690414347e+06
4.349157819099065365e-07,2.816053843431005254e+06
1.047158425428498687e-07,2.165907187597555667e+07
2.419754212813642940e-07,2.241008231509088539e+06
2.290695941287544430e-07,3.503166780816149898e+06
3.406490341507961236e-07,2.792766246460870840e+06
3.252232528603554926e-07,3.047164244319168385e+06
3.693719036666484395e-07,2.704486706811000593e+06
4.591781588430346355e-07,2.275108912561098579e+06
2.236809070368637835e-07,4.733141596990166232e+06
4.517459733194311679e-07,2.285412335225280374e+06
2.649830147351746851e-07,3.901519207908761222e+06
4.325476884611004070e-07,2.847112885690414347e+06
4.349157819099065365e-07,2.816053843431005254e+06
2.288945950090259293e-07,5.372806037553874776e+06
1.940608706783414766e-07,1.047256261697319150e+07
2.668012721249090787e-07,2.967128547155526001e+06
3.406490341507961236e-07,2.792766246460870840e+06
9.018697376853589620e-08,9.579380671873740852e+06
3.580343553112767787e-07,2.789698566665036138e+06
3.252232528603554926e-07,3.047164244319168385e+06
3.548431129787665080e-07,2.939613342582386453e+06
1.816596586055307550e-07,5.620432528874709271e+06
4.194239194003600833e-07,2.518238628021094482e+06
3.449349000609028791e-07,3.172764460524244234e+06
5.335004406478814863e-07,2.246163669789481908e+06
3.855179321576053456e-07,3.500031737422585487e+06
2.554446992931035906e-07,3.350731913953629322e+06
3.447875978389335362e-07,3.832699589989981148e+06
2.260174897588405172e-07,4.070903357627135236e+06
3.383968440270001273e-07,2.687975834133718163e+06
3.716827120953525581e-07,2.573327477362222970e+06
9.018697376853589620e-08,9.579380671873740852e+06
3.221325620570685431e-07,3.241563582288460806e+06
3.430124462190605388e-07,2.995588222753451206e+06
4.535072734187138465e-07,2.263826170029094908e+06
6.479342032530928677e-07,1.732074079650484724e+06
7.073918425887486150e-07,1.637686211125008296e+06
6.780314176431833998e-07,1.706818682762974873e+06
1.149275730591587875e-07,5.616099994208352640e+06
2.761340385876547383e-07,2.133216869354533032e+06
4.045297025053084773e-07,1.597123947583600646e+06
3.383968440270001273e-07,2.687975834133718163e+06
3.674427744183177205e-07,2.863511948288666084e+06
4.535072734187138465e-07,2.263826170029094908e+06
6.157557245347275615e-07,1.751266931191536132e+06
6.479342032530928677e-07,1.732074079650484724e+06
7.022143711395973425e-07,1.566849367703391705e+06
4.275417229396143649e-07,2.592039830013137311e+06
7.073918425887486150e-07,1.637686211125008296e+06
1.164451737674939863e-07,5.444517284567878582e+06
2.870490505064120555e-07,2.198917120519754011e+06
4.688270381024362459e-07,2.049765202946033329e+06
3.674427744183177205e-07,2.863511948288666084e+06
6.401403161017647037e-07,1.608752787089240272e+06
5.936395478377244904e-07,1.777181744785061339e+06
4.812221136204084408e-07,2.220290609207342379e+06
4.881118567178748793e-07,2.193172209495657589e+06
4.275417229396143649e-07,2.592039830013137311e+06
3.164122357362522280e-07,3.594855572341741994e+06
4.353515776742190028e-07,2.668929510209943634e+06
6.225371585050553346e-07,2.383786531232047826e+06
1.873454284046680369e-07,3.197930853354402352e+06
4.161139665355063247e-07,2.055334925209438195e+06
3.556676740978902089e-07,2.604385969275197014e+06
2.516822746716291310e-07,4.106061396362543106e+06
4.506060329130543897e-07,2.002122474976671860e+06
5.305936750934960050e-07,1.769402350403880235e+06
5.042565716761411839e-07,1.831772013428778155e+06
4.688270381024362459e-07,2.049765202946033329e+06
4.088589338852892072e-07,2.596638812531822827e+06
4.812221136204084408e-07,2.220290609207342379e+06
5.098517320255659018e-07,2.185119532392257359e+06
3.587423222796905445e-07,1.314167933886574814e+06
1.873454284046680369e-07,3.197930853354402352e+06
4.047296957005570258e-07,2.047351667415361386e+06
3.556676740978902089e-07,2.604385969275197014e+06
2.856172303046683772e-07,4.006677332686650008e+07
5.340390494002111835e-07,2.055390598024725914e+06
6.391496898486073558e-07,1.919325979278179351e+06
5.280380230208047544e-07,2.392567052346726414e+06
6.247904488163904803e-07,2.056198581217352068e+06
6.145792786437722670e-07,2.078104504804905737e+06
8.543056748860981685e-07,1.737975687105743913e+06
1.015750151612025130e-06,1.544671650693130679e+06
6.747186431686484390e-07,7.476140067830096232e+05
1.134501722241966185e-06,7.697653402933207108e+05
3.752712125875418633e-07,2.565716693103310186e+06
6.381005269457117350e-07,1.428531479600007180e+06
7.676043588029809846e-07,1.259105287371042883e+06
1.273814494466328952e-06,7.728027091995148221e+05
1.211578255983585428e-06,7.994592716823739465e+05
7.253286678016824650e-07,1.342408822897898266e+06
1.029488248929940730e-06,1.006911004081987776e+06
1.199649478854547438e-06,8.398934632849616464e+05
1.367321513872194511e-06,7.439755129082817584e+05
1.219198729505570521e-06,5.691185227126238169e+05
9.857035914707647609e-07,8.646712364293973660e+05
1.098556424253748687e-06,7.877002671279764036e+05
1.134501722241966185e-06,7.697653402933207108e+05
1.139884473147801519e-06,7.995664127965274965e+05
1.119814178076855781e-06,8.162771424627800006e+05
1.273814494466328952e-06,7.728027091995148221e+05
1.211578255983585428e-06,7.994592716823739465e+05
1.199649478854547438e-06,8.398934632849616464e+05
1.367321513872194511e-06,7.439755129082817584e+05
1.073945328607982566e-06,1.002314159840234206e+06
1.705662853285907568e-07,9.249939946960147470e+06
9.857035914707647609e-07,8.646712364293973660e+05
1.098556424253748687e-06,7.877002671279764036e+05
4.836569026522788600e-07,1.931007697424526792e+06
6.383859215481727915e-07,1.647508472915152786e+06
7.645172019384295796e-07,1.445414300669317599e+06
9.102674445748677651e-07,1.252476116096242331e+06
8.606537663700087374e-07,1.312965544468246168e+06
8.820235627272635572e-07,1.352233256846431643e+06
8.470835484563786438e-07,1.458250895762211643e+06
1.447572360758010654e-06,1.083445435358857736e+06
1.648949729163846323e-06,9.503231379566956311e+05
1.705662853285907568e-07,9.249939946960147470e+06
2.499459052968726136e-07,1.502698886732135713e+07
4.836569026522788600e-07,1.931007697424526792e+06
3.771813098191274769e-07,3.014108630961087346e+07
6.201965073174134637e-07,1.519549695937385084e+06
7.411029850948042825e-07,1.394919393269614084e+06
6.383859215481727915e-07,1.647508472915152786e+06
7.645172019384295796e-07,1.445414300669317599e+06
7.306738003401778394e-07,1.795196167830997845e+06
7.902706227744177936e-07,1.684360311758114491e+06
1.075918640532939795e-06,1.307179400099587627e+06
3.567113926197053875e-07,1.472984878714524209e+06
2.266527793456590088e-07,2.053866240400367975e+07
6.296848931137319864e-07,1.324913615175410407e+06
4.804832538773302766e-07,1.834432265029346803e+06
7.323608176513144708e-07,1.268563304450455355e+06
6.025645303757146310e-07,1.434451206779173808e+06
8.320986384521724212e-07,1.179461469839269295e+06
5.387485269285400459e-07,1.955929861028517596e+06
9.164826424269199183e-07,1.250777299456916284e+06
8.073361303904216976e-07,1.652480122737163911e+06
1.762618549964584518e-06,8.386836564263147302e+05
3.389597309481878311e-07,1.455339306696919957e+06
1.075005048024279748e-06,6.322730577789078234e+05
5.614893743530756648e-07,1.274860539793598466e+06
6.469351931830734406e-07,1.189087887104478665e+06
1.140369984140681037e-06,8.101834650406290311e+05
1.173447071535251586e-06,8.521189742140677990e+05
1.317818269897294187e-06,7.670538263238328509e+05
1.456618738428599893e-06,6.915076003205550369e+05
1.284434327589628152e-06,9.665271517498854082e+05
1.038096439217006835e-06,1.337528311092598131e+06
2.176766992240186962e-06,7.198548660518167308e+05
3.656101677169738174e-07,1.263130593928411603e+06
6.236102557466465022e-07,7.682798800184637075e+05
4.426324490098808281e-07,1.578721909127257532e+06
9.962480646942116423e-07,1.121966263232823089e+07
8.310519604528420080e-07,1.109894190289153019e+06
9.258989777618365676e-07,1.097354833572532050e+06
1.354132723679976763e-06,8.712190634638578631e+05
1.206748653576898272e-06,1.069368381495904410e+06
8.439684847741674799e-07,1.572724981259687338e+06
2.142431815122908207e-06,6.913835240447141696e+05
1.848957605887245891e-06,8.482824764636619948e+05
4.053773577595937780e-07,1.267322001537551172e+06
4.227935274042017124e-07,2.643908353818824515e+07
3.545355029714608555e-07,2.194465399701259565e+06
6.682941201810176911e-07,1.234049956684116973e+06
4.238593269527184940e-07,2.228788014647459146e+06
6.344886000158291031e-07,1.555540998735036701e+06
4.918215972881406924e-07,1.963384413263408933e+06
6.509136201953414139e-07,1.572683496607461711e+06
5.457787477318828565e-07,1.958360934292209800e+06
8.571185764938604001e-07,1.553851709729148541e+06
4.632201783303342189e-07,3.205968803661652375e+06
3.499806148001312689e-07,4.727063722303059883e+06
9.636827521024032008e-07,9.428961436535977991e+05
5.127791153116117041e-07,1.728530017070300877e+06
1.005331604840664965e-06,8.967394723422363168e+05
6.344886000158291031e-07,1.555540998735036701e+06
4.968481029202510601e-07,2.137789832163778134e+06
6.509136201953414139e-07,1.572683496607461711e+06
4.092021723425651930e-07,2.684994929743985180e+06
5.457787477318828565e-07,1.958360934292209800e+06
7.683815552679848447e-07,1.445624811200256459e+06
8.571185764938604001e-07,1.553851709729148541e+06
1.095930021180975700e-06,1.284755527961142594e+06
3.234862845307749457e-07,5.765592043261353858e+06
5.238776186369073582e-07,1.373093237993070856e+06
5.179685378572558529e-07,1.426461171011930332e+06
5.882827611675565447e-07,1.450049307137924479e+06
9.636827521024032008e-07,9.428961436535977991e+05
1.005331604840664965e-06,8.967394723422363168e+05
5.483149184176815982e-07,1.784220668774993159e+06
6.785647805951386740e-07,1.491513654092701385e+06
5.345489170731664093e-07,2.014348482007839950e+06
4.092021723425651930e-07,2.684994929743985180e+06
7.374293543724481084e-07,1.583218550468468806e+06
9.632466688023350545e-07,1.387569075412421254e+06
1.109823485462238277e-06,1.337843414315464208e+06
3.798760222564608838e-07,1.457049053155375412e+06
3.590347162510497798e-07,1.811091910260095261e+06
2.937060047675763443e-07,2.876432003905660938e+06
4.665510850191357685e-07,1.928681326202579541e+06
4.309559406071250315e-07,2.265046957275847439e+06
5.168361984740446228e-07,2.065904098376992857e+06
5.150911887015019503e-07,2.163011885567949619e+06
4.198307006716694062e-07,2.624737983897712082e+06
5.120389706888095687e-07,2.201443176279762760e+06
6.464904765183323295e-07,1.884393868154892931e+06
9.200065186374285160e-07,1.447342495486598695e+06
9.253771750848630280e-07,1.607475035332221538e+06
2.511932056450756168e-07,2.600797006048181560e+06
3.590347162510497798e-07,1.811091910260095261e+06
3.132820455042622354e-07,2.840961889651895501e+06
3.044899360366379617e-07,2.826692822686361615e+06
4.309559406071250315e-07,2.265046957275847439e+06
4.716260573749802539e-07,2.168709282389175147e+06
4.790973522784122371e-07,2.218017005949873477e+06
3.012114698143862497e-07,3.852756706132993102e+06
3.694195319030554694e-07,2.994632135460420977e+06
3.348054616245049684e-07,3.671728361289899331e+06
3.926992781559103808e-07,3.704478659625688568e+06
5.078447322092448646e-07,2.907663090989280958e+06
2.439068331677292173e-07,2.391538425176420249e+06
4.377904532933912556e-07,1.367675122887482168e+06
3.072522079059183209e-07,3.069451366759175435e+06
5.195031992027217953e-07,2.164234518489076197e+07
4.944216390954621145e-07,2.046630699309747200e+06
6.596128205930950379e-07,1.650789939842245774e+06
7.380508021037404849e-07,1.462397765818853630e+06
7.989571239190694945e-07,1.395251025765736820e+06
6.043887839591286060e-07,1.930037579403617885e+06
5.168655410699683295e-07,2.293430081575475633e+06
9.614780379172431680e-07,1.540227536368088797e+06
1.111314763524993280e-06,1.331776871542253532e+06
5.029487221430835683e-07,1.127985491380850552e+06
7.996475798603208258e-07,9.241833524457577150e+05
6.146702555133522681e-07,1.397691057933554752e+06
7.268605601676476775e-07,1.229314304628472077e+06
9.223152006779309934e-07,9.142003745902538067e+05
7.666783846423112725e-07,1.233408602807140909e+06
7.454181678669900313e-07,1.279271680999252247e+06
8.236205980532086093e-07,1.185057434519176371e+06
7.348401971167573054e-07,1.317422537583114812e+06
5.429115151509011154e-07,2.082786068531976780e+06
1.164876027791632175e-07,1.210564936584748514e+07
3.009014051989303089e-07,2.093759309807456098e+06
5.029487221430835683e-07,1.127985491380850552e+06
4.678655769275466707e-07,1.682266578354971018e+06
3.756129485936996465e-07,2.155648325508138165e+06
3.974426960475676000e-07,2.405275971821095329e+06
6.199330128937771887e-07,1.699685841859037057e+06
5.032649460102087749e-07,2.085262533103962895e+06
3.256414096644288686e-07,3.395884155386938713e+06
5.862236817285551962e-07,2.207147279259139206e+06
1.098817096486152167e-06,1.207533324688813183e+06
9.539693910912806375e-07,1.643718406419136561e+06
3.637455245027986258e-07,1.611593149389822967e+06
2.113482682021705522e-07,3.471819259156644344e+06
3.832460972561071057e-07,2.047111659814068116e+06
4.466357553990350919e-07,1.762286299134510104e+06
1.765635660292568151e-07,4.501233645379840396e+06
4.159981248792911286e-07,2.255858780195092317e+06
3.877260855444889560e-07,2.584124299719727132e+06
3.365196452982312822e-07,3.354267249174119905e+06
3.597493446480323812e-07,3.297449391139416024e+06
4.752133799376374742e-07,2.805672516705177724e+06
9.276759143557637976e-07,1.700620366223096615e+06
1.054855151146518168e-06,1.578838820468549849e+06
2.088878085315367350e-07,3.632268305921343155e+06
4.227767323268620024e-07,2.033902541695666267e+06
6.970672453323271759e-07,1.379730608235460008e+06
6.898923784408782561e-07,2.073467044994892087e+06
1.722252858096474774e-07,5.167701041319440119e+06
7.759898882125296916e-07,1.311538270955977030e+06
8.264286178451425634e-07,1.219553223326003877e+06
7.778669933818756069e-07,1.317090642909060698e+06
9.369265666658430674e-07,1.136419319443687797e+06
8.985527962313172206e-07,1.191086868155946722e+06
7.550263470083637509e-07,1.407740692922888789e+06
3.178637301165064106e-07,3.709333149687402416e+06
2.359539176261154650e-07,1.968422091412724182e+07
4.302255458376515225e-07,1.213643186468836619e+06
5.367382181231346834e-07,2.071357145826127008e+07
7.484866702290287537e-07,1.434141773741665762e+06
8.148523310247035102e-07,1.356008495363111841e+06
8.402086760968439692e-07,1.326242202657145681e+06
6.939747227224118909e-07,1.687722645789389964e+06
8.316850039515520848e-07,1.468621008865642594e+06
7.833125317484981476e-07,1.660459786657892633e+06
1.037522089034709077e-06,1.426703527343914146e+06
1.288667387111083721e-06,1.147157916493611643e+06
2.383093380285455416e-07,9.431217441941156983e+06
4.465761361567570839e-07,1.305441419364258181e+06
2.133093767533566175e-07,3.031759634715188760e+06
3.556275830539129152e-08,2.006007998025040701e+07
4.518737172906638749e-07,1.855875493670309195e+06
2.930306504025685013e-07,3.865669390368162841e+07
5.014161441236403283e-07,1.839349346675338689e+06
6.679781345996715704e-07,1.548500706282012630e+06
7.535901350955070678e-07,1.400868923501483398e+06
6.443343708514439474e-07,1.705905053350172006e+06
7.045269795041438684e-07,1.709480808042796329e+06
7.451469759198019818e-07,1.799675935698765796e+06
5.093740190934736146e-07,9.750546376398585737e+06
4.509746586520739448e-07,1.933182368008480407e+06
4.761068253358382040e-07,1.921631218253352446e+06
4.964423286148157328e-07,1.878347493218076648e+06
5.093537275866509017e-07,1.777482363462518668e+06
4.939265395216605616e-07,1.807528947837398853e+06
5.119736771213757404e-07,1.864506435402450850e+06
8.143649279538537810e-07,1.126802010428758571e+06
5.461928920921478719e-07,1.798435978122382192e+06
6.939590807299256125e-07,1.376693001610610168e+06
4.189601256690426493e-07,2.663703938785185106e+06
4.234503914886262408e-07,1.369415300979926717e+06
3.579480741990866245e-07,1.595157891620902810e+06
3.782845986949782245e-07,1.814527413323698798e+06
4.509746586520739448e-07,1.933182368008480407e+06
4.939265395216605616e-07,1.807528947837398853e+06
4.663589129788204467e-07,2.087323522293872666e+06
4.626045565169597550e-07,2.194606677603859920e+06
4.008537594794847281e-07,2.963071646010906901e+06
4.421615199137714553e-07,2.814309170809286647e+06
3.624708157246086624e-07,3.642609607139519881e+06
7.642417415356983993e-07,1.934903316908915294e+06
1.138511777239488014e-07,1.615710494491172582e+07
3.579480741990866245e-07,1.595157891620902810e+06
4.234503914886262408e-07,1.369415300979926717e+06
3.782845986949782245e-07,1.814527413323698798e+06
7.186793512383422092e-07,1.196599927153359866e+06
5.014924781415976658e-07,1.773859150184616446e+06
4.026360967445746083e-07,2.324414431682753842e+06
3.911866347180594921e-07,2.494339717149998527e+06
2.137799232616551853e-07,4.982115047654395923e+06
3.068619988886122903e-07,3.594754067840454634e+06
4.311830345363752177e-07,2.798604939913326874e+06
5.824631365594764149e-07,2.418908465942387935e+06
6.951331683515534632e-07,1.288296001277438132e+06
3.496621417545707843e-07,2.549199530378610827e+06
7.404517243066339174e-07,1.281045551318043843e+06
4.020582121781593655e-07,2.329406154482861981e+06
2.852410113605992301e-07,3.241166191027876921e+06
3.622897922683139750e-07,2.737560265478876885e+06
4.234312486779427258e-07,2.371806690598010086e+06
3.774037286842660920e-07,2.704399813082858920e+06
5.283876692696108486e-07,2.276444142138900701e+06
4.628068461807077495e-07,2.514733332307814620e+06
5.363997775451241441e-07,2.310108468476539012e+06
5.897563402250516442e-07,2.266406367369291373e+06
9.992380429949768178e-07,1.480045245228497544e+06
2.306763579788702027e-07,1.931875904397358745e+07
2.038749828302009782e-07,2.741158857837141957e+06
2.977136677827417152e-07,2.890375882462649141e+06
3.737702544014603836e-07,2.478615069427536801e+06
3.941016606743795763e-07,2.795259893038067967e+07
6.159647887349533051e-07,1.693117600414264482e+06
4.464649163795850909e-07,2.491636136108947918e+06
4.349155366192310983e-07,2.578905587619206402e+06
4.710115993973342722e-07,2.583897448506316170e+06
9.480654628352857066e-07,1.407161190188091947e+06
9.536190692045290188e-07,1.653795975274401950e+06
2.094787342771796012e-07,3.010040225394043140e+06
5.792276071417740263e-07,1.382303087503184564e+06
2.624020455910669762e-07,2.829916797626563348e+06
1.808908221173225512e-07,4.272362367866643704e+06
1.418713148541409974e-07,5.786812974041055888e+06
3.874878455470686719e-07,2.480757412961836439e+06
3.832287853849118991e-07,2.800916148543610238e+06
4.479444745968482168e-07,2.257614002377064899e+06
6.484185031367346242e-07,1.570820152412003139e+06
5.740945539767736982e-07,1.802999746588372858e+06
4.464649163795850909e-07,2.491636136108947918e+06
2.589668985630090550e-07,6.274701995199989527e+06
2.434729318402378772e-07,2.078502170028261840e+07
4.906968874188188854e-07,1.736477029273347929e+06
3.841800967381070188e-07,2.910999736388543993e+07
2.370413071688394877e-07,4.282979391414382495e+06
2.495760945725527754e-07,4.636791927274620160e+06
3.670770053040685395e-07,3.029718414612088352e+06
5.580207264117994699e-07,2.037293005439089844e+06
5.530113288994044119e-07,2.292255756095303688e+06
6.740443107583519163e-07,1.965034897298546042e+06
8.692040455551806879e-07,1.704186270131155150e+06
9.716003298814813211e-07,1.522879440410123440e+06
1.416588821843514074e-07,5.770395446736725979e+06
3.821919092100990046e-07,1.666791662749353331e+06
5.743783180514328716e-07,1.646248963870619191e+06
4.150868182679646876e-07,2.178944009973874316e+06
6.362080144068478177e-07,1.519608766960917041e+06
3.812581789026800164e-07,2.783252752386238892e+06
5.256020765379355981e-07,2.062161232259085635e+06
6.219916524342699111e-07,1.820236679004757199e+06
5.503474996799940084e-07,2.280082213463067077e+06
5.006328430079313451e-07,2.504073784633276053e+06
9.730640503792269009e-07,1.520865948822413571e+06
1.063773635188936052e-06,1.473693666005133651e+06
2.501558283696564195e-07,3.771978417327409983e+07
1.769176034582425867e-07,6.298865835758899897e+07
2.064305146011689963e-07,3.263900387825832702e+06
4.431729765967077779e-07,2.003146602647918044e+06
6.515546817699438113e-07,1.658195094834463671e+06
4.673907169461004996e-07,2.537439013009265997e+06
5.836166884130747649e-07,2.045115438832911896e+06
3.702996281531994621e-07,3.124524118935041595e+06
5.075499572041477168e-07,2.549439883135213517e+06
4.958501292889976107e-07,2.645378576487603597e+06
8.325553126696557510e-07,1.883956529591631843e+06
1.033967835214552038e-06,1.709598621575143188e+06
2.027582015174127056e-07,2.758497903463350609e+07
2.014703477616160851e-07,1.133519622275700048e+07
2.065481832593125258e-07,3.161168068391561974e+06
3.417963240899454323e-07,2.062957973381691147e+06
7.496955450619142264e-07,1.221221549444428878e+06
6.190343169851399663e-07,1.709373012718193233e+06
6.164969080863522050e-07,1.908365167497964809e+06
6.103375001356082627e-07,2.051843722610275261e+06
1.154780716108053741e-07,1.109434503955828026e+07
6.275270664501201434e-07,2.200676425964190159e+06
1.141403094607666297e-06,1.454409376246097032e+06
3.494475044310855013e-07,2.346577386768885422e+06
4.500505991352195313e-07,1.945428661016218597e+06
4.106030794041136317e-07,2.257895611074990127e+06
6.544262272349811168e-07,1.471064005689380923e+06
5.484819199568741398e-07,1.826590817230110290e+06
7.205828724216881001e-07,1.388719165217458969e+06
7.447830845936120117e-07,1.391606100679341238e+06
8.392508129592815764e-07,1.208403160724211019e+06
7.145947426253302173e-07,1.579045816490056226e+06
7.690009778327462685e-07,1.581264752735544462e+06
7.999479013764187640e-07,1.614053549321345286e+06
1.240854538441955211e-06,1.193210296252372907e+06
1.326314598387104406e-07,1.261415318504255265e+07
4.542800155132076445e-07,1.838276211215058714e+07
2.028974939673154460e-07,3.181345668969849125e+06
4.793296520452417234e-07,1.524141835433161585e+06
8.626644802254743692e-07,1.191873891387136886e+06
6.431858793568444565e-07,1.617174002397649223e+06
9.414206337210188914e-07,1.120814555837787688e+06
7.145947426253302173e-07,1.579045816490056226e+06
6.188036518421169977e-07,1.838989279856289504e+06
7.334720573876529001e-07,1.508763213845082559e+06
6.737406330165943447e-07,1.843713745102326851e+06
7.690009778327462685e-07,1.581264752735544462e+06
1.189155535200798840e-06,1.244909103358173743e+06
1.794483822471248428e-07,1.370207666323120147e+07
3.643474895128166166e-07,2.496330664424071554e+06
6.143725858759605734e-07,1.689401750836066902e+06
8.752269813665374573e-07,1.145693104992721928e+06
4.089603183928307656e-07,2.456164774181773420e+06
6.431858793568444565e-07,1.617174002397649223e+06
6.959786947205823530e-07,1.517123780758310808e+06
7.334720573876529001e-07,1.508763213845082559e+06
6.831534658096354323e-07,1.654501109639917966e+06
6.347469013100136592e-07,2.063002729322937783e+06
5.118026293789457302e-07,2.892937421347603668e+06
1.192011689351899550e-06,1.241302998671130510e+06
3.643474895128166166e-07,2.496330664424071554e+06
1.304670417773479597e-07,6.173257364813891239e+06
3.829138902407435006e-07,2.564793191901572980e+06
4.089603183928307656e-07,2.456164774181773420e+06
4.900541950291470866e-07,2.029464816670574713e+06
6.143725858759605734e-07,1.689401750836066902e+06
5.412046226299853469e-07,1.996603017701261910e+06
6.959786947205823530e-07,1.517123780758310808e+06
6.317011146105478497e-07,1.802209579338138923e+06
6.007522647627395997e-07,1.916810512207450345e+06
7.764667317402487915e-07,1.483630091812262312e+06
7.968439230983464778e-07,1.461149322996689240e+06
7.729889433430384629e-07,1.585071259322272148e+06
4.602387446504436350e-07,1.034222002215573913e+06
7.750781789412829759e-07,7.192591812707345234e+05
6.203487743079845868e-07,1.794177623193531856e+07
5.923301124062637824e-07,1.473135121813560603e+06
9.111027868145555803e-07,1.112715557324022986e+06
9.578467931868999152e-07,1.054324606077933218e+06
8.160534247498236722e-07,1.450334144260362722e+06
8.337900499883291298e-07,1.574648065072439844e+06
9.135935511897826360e-07,1.426914655029131565e+06
8.384103005518887416e-07,1.548054534239196219e+06
1.435772605868728344e-06,1.030838748314046417e+06
1.592374025867843594e-06,9.833345108468562830e+05
4.304906047971409128e-07,1.820182565019715205e+07
3.437395817748796054e-07,2.260020574617746286e+06
7.203040270203179988e-07,1.192284084923525108e+06
8.046913384625118828e-07,1.120566181321221404e+06
1.028546395994032161e-06,8.790222502135519171e+05
9.789034521955514121e-07,9.341870157285265159e+05
1.105724149152956038e-06,8.922851888643258717e+05
5.878989372450406747e-07,1.676080451539671747e+06
9.578467931868999152e-07,1.054324606077933218e+06
9.111027868145555803e-07,1.112715557324022986e+06
1.139979077115867233e-06,8.963807277278492693e+05
2.657397742339028247e-07,2.036391156217607437e+06
3.233296246991486544e-07,2.017999819646282354e+06
3.374717665255335097e-07,2.468072539635417517e+06
5.383339597380005817e-07,1.631890866793172201e+06
4.592768086044414229e-07,2.009962774295953568e+06
6.200890778994942268e-07,1.625538362405204680e+06
5.275938710487100470e-07,1.913487047039331868e+06
5.865821267906154559e-07,1.956323479214985156e+06
5.199845990426862602e-07,2.279919511813837569e+06
4.932862176043055783e-07,2.501496474812593311e+06
7.972849662880967283e-07,1.759786070473128697e+06
1.085366384343405417e-06,1.531304394983344246e+06
2.657397742339028247e-07,2.036391156217607437e+06
5.487867154699701173e-07,1.242484894222400151e+06
3.233296246991486544e-07,2.017999819646282354e+06
3.102196964698209494e-07,2.518672546530089341e+06
5.716750882072445210e-07,1.628776114890933735e+06
6.759706647464387426e-07,1.437879211910778191e+06
5.916715172789116448e-07,1.730566100662692683e+06
5.722597992143908971e-07,1.954350292089404305e+06
5.257609665933173316e-07,2.252814032608068082e+06
5.876028933441790332e-07,2.098982296638648957e+06
9.803976703415986295e-07,1.509851701051627984e+06
3.911116866453911833e-07,1.429922758189216256e+06
3.118738330735101583e-07,2.351200939663407393e+06
3.102196964698209494e-07,2.518672546530089341e+06
3.690940531740411466e-07,2.529022846105257049e+06
3.989886711148174844e-07,1.036007477965810336e+07
3.100609305525059302e-07,3.230485459810621105e+06
3.680473369489384634e-07,2.982780848214752041e+06
6.431039066873986985e-07,1.738360032327577006e+06
4.217590490635640827e-07,2.882232511681748088e+06
5.535465174079123748e-07,2.233175853796050884e+06
9.607109920073681575e-07,1.461652665391192306e+06
9.080092506150209037e-07,1.726689269684444880e+06
3.911116866453911833e-07,1.429922758189216256e+06
3.118738330735101583e-07,2.351200939663407393e+06
3.998876853648392548e-07,2.377987057418632321e+06
4.687859534379421740e-07,1.947288118071955163e+06
5.957777074032170103e-07,1.537005390985464212e+06
3.100609305525059302e-07,3.230485459810621105e+06
3.198523822918111159e-07,3.117093991970915813e+06
3.590062554517793200e-07,2.716473750002129469e+06
5.510063322680708838e-07,1.897440416912841145e+06
4.118703465543452446e-07,2.771091893225989304e+06
3.680473369489384634e-07,2.982780848214752041e+06
5.520223561751397972e-07,1.584698196106187301e+06
4.717299269441214509e-07,1.865811766277404968e+06
5.103080997472298685e-07,1.796901800902061863e+06
4.687859534379421740e-07,1.947288118071955163e+06
5.957777074032170103e-07,1.537005390985464212e+06
3.623738987240407856e-07,2.844006052414648701e+06
5.772081706082005173e-07,1.646164719005406601e+06
4.776336449826494399e-07,2.062314797105097445e+06
3.072915975273722589e-07,3.389074949154803995e+06
5.806324370756313911e-07,2.098654945011344738e+06
7.231433301316834063e-07,1.827622404477714328e+06
1.024933532491154391e-06,1.466375162287567975e+06
1.432836262104708205e-06,1.159338037662433460e+06
5.119345688895483424e-07,1.341898833878594916e+06
6.100332486111940867e-07,1.184903420944009209e+06
5.290769911239595798e-07,1.334495046143785818e+06
1.100526396269418441e-06,8.572527075133203762e+05
5.379391389103261687e-07,2.398495212307665031e+06
1.091235710306432564e-06,8.996731443537638988e+05
1.094394206258854121e-06,9.256367035484181251e+05
9.421911082058868070e-07,1.101178402643100126e+06
1.049375423509481382e-06,1.016678583139332477e+06
1.042269882735799281e-06,1.021890099857091089e+06
7.669341803629678271e-07,1.366427346463530557e+06
4.138674239909287658e-07,1.222975177341992268e+06
1.100526396269418441e-06,8.572527075133203762e+05
1.091235710306432564e-06,8.996731443537638988e+05
3.748243785280570317e-07,2.872726056616426446e+06
7.411700595472072269e-07,1.316267786150902044e+06
1.042269882735799281e-06,1.021890099857091089e+06
1.049375423509481382e-06,1.016678583139332477e+06
1.033375158092728950e-06,1.029129690796919400e+06
6.679478228254620186e-07,1.682207462174000451e+06
7.428121381084147038e-07,1.481999958018306643e+06
9.624941357324479209e-07,1.165454553493714426e+06
8.059861736329625427e-07,1.590549376373353647e+06
1.313654532720238510e-07,1.540888481757084467e+07
1.493694505470872881e-07,1.047155760069050826e+07
4.399648662794596211e-07,1.409249032377840951e+06
3.797668787009555205e-07,1.551512218280625530e+06
4.899923187392784449e-07,1.478923411543449387e+06
4.187554315993065367e-07,2.372105125196264591e+06
7.175376923152112912e-07,1.383428256193475798e+06
9.486938226244908702e-07,1.047894031376092345e+06
7.218819946278801490e-07,1.489568376110874815e+06
8.051947394592260171e-07,1.709272069491336355e+06
7.091201197294000237e-07,2.070250116691602627e+06
1.437919966283762638e-06,1.153880842308434658e+06
1.435838289096588397e-07,1.198010679296894744e+07
3.797668787009555205e-07,1.551512218280625530e+06
4.872926732810030475e-07,1.432299478533837246e+06
8.410529862197304144e-07,9.717196796759595163e+05
9.004727641513863707e-07,1.024716527556110523e+06
9.422831994414306928e-07,1.007302816843204200e+06
5.331094146132064109e-07,2.037887858416946605e+06
6.819075805085028419e-07,1.642996650344293099e+06
5.675569061381839304e-07,2.063596635250229156e+06
8.497518460309194771e-07,1.567650819379979046e+06
1.031721810159069748e-06,1.438055117029489949e+06
3.554924323677866786e-07,2.422256481117728353e+07
5.863932293738612968e-07,1.047393404977565282e+06
9.004727641513863707e-07,1.024716527556110523e+06
5.615548901046412851e-07,1.663156372354538878e+06
9.422831994414306928e-07,1.007302816843204200e+06
6.712899299117083911e-07,1.386875887955126818e+06
2.807240163484279539e-07,3.747766178823423572e+06
5.581988984293630474e-07,1.864300761810138123e+06
6.528528510813448008e-07,1.802163380973685766e+06
7.076622984018683727e-07,1.795621686655028025e+06
1.041624374782786998e-06,1.423193593197857263e+06
3.400550499122773829e-07,2.901113162143205851e+07
3.564574582980701470e-07,1.978809904374916479e+07
3.232458998738552902e-07,2.914835816019413527e+06
4.476904218096201364e-07,2.177658172009062953e+06
2.694284310582791199e-07,3.239070613233544398e+06
5.714255976810581564e-07,1.762286241397296311e+06
6.873145808410557757e-07,1.446207955922901165e+06
5.749998530861693995e-07,1.951847170640326105e+06
6.434460768597846191e-07,1.796831364947137656e+06
3.349588854616525521e-07,3.844981192436940037e+06
7.418441565551439300e-07,1.791563110242984490e+06
3.936786743244226413e-07,4.136587775644974317e+06
6.117454063154808821e-07,9.392196750844320050e+05
2.747979055977759493e-07,6.102762734371908009e+06
3.195720166213981432e-07,3.082065256030816212e+07
7.103992899534721367e-07,1.273098626950618578e+06
6.544549708517815892e-07,1.572965643612955231e+06
7.239627353498954409e-07,1.401223779120419407e+06
6.654651194620655966e-07,1.651155982802268816e+06
7.402424744908430373e-07,1.514660224925800227e+06
5.486797356515738530e-07,2.149970843529311009e+06
7.477372266953744442e-07,1.579534698148370488e+06
6.380907146971501108e-07,1.950539388205199968e+06
1.199697463521576774e-06,1.233911659496573498e+06
5.365161699699367553e-07,2.099516859218572080e+07
8.061778194253854646e-07,1.014126213774609729e+06
6.656249683575821281e-07,1.360712497657806845e+06
4.765019132173251652e-07,2.001369883157148724e+06
4.401110762404348289e-07,2.259933997561582830e+06
8.274100907564008233e-07,1.186018161745057674e+06
4.436434797923362063e-07,2.444840776796645951e+06
5.661400607095199195e-07,1.974837985823344206e+06
6.869690998021434607e-07,1.680045408115526428e+06
7.477372266953744442e-07,1.579534698148370488e+06
8.133821310645129898e-07,1.558377245289755287e+06
1.150091654888594539e-06,1.222211546143650543e+06
1.249806331585031546e-06,1.184670675228375709e+06
5.345113535176636805e-07,2.108150672120613232e+07
5.878349912916553505e-07,1.294269350246226182e+06
5.655759894349599629e-07,1.343927575612875866e+06
5.751921599697804629e-07,1.275318595012309263e+06
5.112675721770009596e-07,1.597699260868822457e+06
4.952760459126823138e-07,1.706844760860625887e+06
4.728001302918988763e-07,2.191093670778378844e+06
5.677241982010311855e-07,1.776187424152758438e+06
5.319527140925333140e-07,2.197888333307796158e+06
1.658103197044286808e-06,7.997599344663021620e+05
1.250979214681703290e-06,1.120780719800292049e+06
5.031608136474797651e-07,1.192456447670836700e+06
5.500261881717104645e-07,8.004242800082407193e+05
1.436521270583372134e-06,5.252185021766754799e+05
9.875524213636204111e-07,1.028196562869601999e+06
1.268144296243484642e-06,8.272551824338550214e+05
1.371889258498971379e-06,8.649884307808561716e+05
1.237512022085528726e-06,1.013235410981787834e+06
1.098313213873433589e-06,1.204638358720241813e+06
1.326271897352646633e-06,1.034953516110634664e+06
2.355879853554325300e-06,6.281275880750532961e+05
2.359260370987508316e-06,6.636375265418976778e+05
5.232093225319184401e-07,1.108775871188447811e+06
8.948477656841406117e-07,6.766368004560258705e+05
5.566932165364031585e-07,1.090704244824574795e+06
1.562896144055640205e-06,6.100371561019098153e+05
1.680799619801266126e-06,5.603005276201210218e+05
6.907365666159371472e-07,1.683459143918779213e+06
1.120830394087022324e-06,1.089462847780116135e+06
1.237512022085528726e-06,1.013235410981787834e+06
1.326271897352646633e-06,1.034953516110634664e+06
1.633145967540632613e-06,8.604552432570626261e+05
9.494246456656875368e-07,1.523707233692486770e+06
2.359260370987508316e-06,6.636375265418976778e+05
5.401945588192981096e-07,1.356868866915186169e+06
4.658664746859455941e-07,1.774115159303897060e+06
5.275748665644857595e-07,1.710612959433664801e+06
5.759013538810471432e-07,1.929172462471028045e+07
6.237539922534199086e-07,1.447604648948505754e+06
3.937318619053346421e-07,2.362474541335138958e+06
6.288147613041315103e-07,1.605958214461259544e+06
7.748178379591637919e-07,1.375622446131336968e+06
7.451103019148569529e-07,1.464577984738044906e+06
5.826970155655857311e-07,2.011180547056586482e+06
1.158974088579257947e-06,1.146391524611377390e+06
1.250145722234092114e-06,1.120079827045507263e+06
1.699516179239918718e-07,3.382676039701388031e+07
2.902664264335103210e-07,2.279810257319487631e+06
2.791639800330462008e-07,3.052811912566205021e+06
3.437338746326958051e-07,2.997298863045928068e+06
3.718966508636893331e-07,2.738985936301125679e+06
4.198149661074261843e-07,2.640494497246071696e+06
7.617754339988768241e-07,1.553107372177382233e+06
4.689154236268931205e-07,2.655160347412389703e+06
6.329645433125159164e-07,1.987989716836627340e+06
5.621640632465654353e-07,2.577137175914085470e+06
8.590571003943849787e-07,1.721290124181927415e+06
1.241743074063419138e-06,1.338572795487292577e+06
2.902664264335103210e-07,2.279810257319487631e+06
1.840604231598645723e-07,3.659994086547703948e+06
1.399176066894429135e-07,4.765525176705402322e+06
2.039493348055957937e-07,3.767450389519171789e+06
2.026327395668782474e-07,4.182239465502323583e+06
1.963002334469614215e-07,4.750003138392142020e+06
2.722620130812059227e-07,3.721487985732953995e+06
1.122061351190845530e-07,9.995644712739275768e+06
3.151649972756865058e-07,3.591360472303540912e+06
3.960889275329113815e-07,3.083206515488418750e+06
3.702512571964463995e-07,3.336851793687221128e+06
1.580429632645672000e-07,1.211843628129572235e+07
2.088395894289296765e-07,2.291267203574422374e+07
1.806182937524453477e-07,3.071918276147826109e+06
1.843830513709223620e-07,3.473719038854050916e+06
4.936024352304420546e-07,1.769468519782368792e+06
6.113322596596081647e-07,1.508950029787846142e+06
4.160138847304270415e-07,1.698326111110307649e+07
1.734461152041242436e-07,6.341806307157124393e+06
5.155997006848643155e-07,2.400848053549458273e+06
3.702512571964463995e-07,3.336851793687221128e+06
3.960889275329113815e-07,3.083206515488418750e+06
8.155382957465636875e-07,1.814136656090626726e+06
2.539804981420014292e-07,1.991604121086004889e+06
2.032900419751692649e-07,7.835089756885661744e+06
1.211957309617791461e-07,5.850298124804796651e+06
2.890449686003646924e-07,2.950552881283573341e+06
2.417436307340991877e-07,4.295891183129323646e+06
4.107100825826525597e-07,2.480133900903591421e+06
4.562777484901872743e-07,2.285758355372067541e+06
5.429006687892522891e-07,2.060310664443973452e+06
5.337282368124723179e-07,2.187807705202525016e+06
4.579864934683953735e-07,3.009563938384923153e+06
4.661477319133196313e-07,3.105072271883064881e+06
8.286547733292573252e-07,2.003145010829749750e+06
1.809845439165531621e-07,4.468582543813670054e+06
1.238168945848492663e-07,5.916020733931601048e+06
3.097913464564118275e-07,2.936618999696619343e+06
2.937737629148437623e-07,2.781230768498426303e+06
3.457040154206698983e-07,3.267060955010439456e+07
2.051014762656565158e-07,5.004034638163662516e+06
4.529382420912488544e-07,2.230391103373800404e+06
2.357146178133821849e-07,4.670203468555579893e+06
2.662986764631866898e-07,4.096648689613483846e+06
3.500356101185503474e-07,3.514789821832587942e+06
5.354459001001337439e-07,2.359005086100316606e+06
4.056751215778807110e-07,3.495936923999090213e+06
2.314263472399651340e-07,4.579945633034260012e+06
2.326572586679782816e-07,3.693820227673064452e+06
2.912224336877971798e-07,3.079414208094669506e+06
4.374430741146543388e-07,2.185854226432212163e+06
4.453750073252437392e-07,2.086725393672705395e+06
4.159200126639396010e-07,2.311489288584939204e+06
4.846368375756566057e-07,2.016079358870573342e+06
5.032533343097140309e-07,2.133747945352334995e+06
5.599639738504216137e-07,2.079341939754405990e+06
6.080689920912587088e-07,2.029581875696385745e+06
5.258848883369320687e-07,2.341652336152479984e+06
4.676573848720384518e-07,3.029663553912103642e+06
5.869973863078774140e-07,9.642445458584661828e+05
5.244536660298521659e-07,1.409752016743567307e+06
1.983176168788142052e-07,4.775077380282022990e+06
4.929223111573948299e-07,1.733315050547610736e+06
8.042454744292899148e-07,1.154258589799703332e+06
7.340401338496286597e-07,1.338635504920360167e+06
8.841961072606434757e-07,1.102286109364761040e+06
8.583194061799531967e-07,1.188513118157709716e+06
7.071628171670224981e-07,1.443867641959715169e+06
6.892413296084322362e-07,1.545702811047655530e+06
6.559747152985204778e-07,1.700998799182609655e+06
1.537234129499406659e-07,3.274826952171704732e+06
2.608678873735662963e-07,2.355058004381773993e+06
2.801546500558392811e-07,2.270733264123194385e+06
8.042454744292899148e-07,1.154258589799703332e+06
6.697466215966628691e-07,1.481037254451074870e+06
7.247925498454876438e-07,1.334905260942036286e+06
8.841961072606434757e-07,1.102286109364761040e+06
7.340401338496286597e-07,1.338635504920360167e+06
8.583194061799531967e-07,1.188513118157709716e+06
7.071628171670224981e-07,1.443867641959715169e+06
1.742492242769399427e-07,2.918730004225585610e+06
1.657076059367510348e-07,3.291565716647311579e+06
2.684004627932356378e-07,2.708402702637600712e+06
3.216064506507243458e-07,2.876624118706244044e+06
2.778852392542280948e-07,3.406477064281189349e+06
2.864967351637241028e-07,3.343376645499146078e+06
2.838013056687959427e-07,3.244663149344737176e+06
3.163633810863687643e-07,3.217555812212972902e+06
7.005047098224993144e-07,1.467195330510690808e+06
2.141789472395316742e-07,5.571672783242221922e+06
6.458926326870338636e-08,3.639678155341473967e+07
1.886517964970311400e-07,3.009983163927773014e+06
3.826538184359195056e-07,2.480045819065769203e+06
3.216064506507243458e-07,2.876624118706244044e+06
2.778852392542280948e-07,3.406477064281189349e+06
3.255146012840340448e-07,2.988557288447665516e+06
2.763377139956156159e-07,3.609530400376124773e+06
4.414920974647517860e-07,2.361394358461411670e+06
3.632193214644429529e-07,3.123434335549536161e+06
5.122107485181533131e-07,2.190626044757383876e+06
4.464668953248429717e-07,2.943873325927379541e+06
4.765179846420206668e-07,2.883487557378621306e+06
8.056064185789374392e-07,1.838770124632755294e+06
8.564501546211782812e-07,1.828227827321246266e+06
4.542146761150562014e-07,1.590468622976382030e+06
4.503355973508101935e-07,1.706900730590478750e+06
5.953861012477425565e-07,1.650328787353791995e+06
4.785631345687593885e-07,2.131846162736911792e+06
6.063417031602138455e-07,1.756217944926860509e+06
4.414920974647517860e-07,2.361394358461411670e+06
3.442921719595065431e-07,3.241487554784090724e+06
4.238945312621293715e-07,2.693639406014479231e+06
4.584869792908667445e-07,2.526527792195052374e+06
5.248574224854578439e-07,2.246351718045163434e+06
4.899285752104601185e-07,2.402657191775330342e+06
8.338218784774590466e-07,1.682534752258334309e+06
8.114133724301586817e-07,1.824580060287556378e+06
3.878984613628651576e-07,1.960987216980266618e+06
2.321371561569137728e-07,3.662607482309930958e+06
5.347654359943628149e-07,1.609222792586372001e+06
4.214644367923509499e-07,2.179773710082535166e+06
3.416467789617291003e-07,2.936393569016776048e+06
4.058936248015440031e-07,2.545784002293474041e+06
3.238075030098636264e-07,3.595734185254354030e+06
5.491891084747170244e-07,2.044706689898911864e+06
4.397352202327706002e-07,2.787917720648497343e+06
4.372303682936297050e-07,2.868035526902292855e+06
6.586395602494570981e-07,1.921942668576963712e+06
8.174592308514473936e-07,1.718860660823456710e+06
8.261129566634079632e-07,1.788746138081820682e+06
1.517570378075746078e-07,1.397162333507493138e+07
1.286092902427946922e-07,7.692597389666834474e+07
2.177964529272491101e-07,4.217960934044676833e+06
3.195329778926229629e-07,3.523053480907527357e+07
2.478257470963550739e-07,4.307319334705324844e+06
3.392685712753932787e-07,3.250786879435295705e+06
4.818280123982987763e-07,2.464725308329310734e+06
5.256807772214377512e-07,2.400137348012275528e+06
4.336250143178012739e-07,3.086790157772545703e+06
6.504678075241722175e-07,2.054332419881614624e+06
4.032338948241227000e-07,3.346795349028415978e+06
8.133011316614912107e-07,1.721488070284997579e+06
6.569075848543958289e-08,2.055128838893514127e+07
1.342020368687777631e-07,6.303077439991422743e+07
3.139840927471602757e-07,3.045134487859719433e+06
4.776250403339295872e-07,2.176540404857150745e+06
2.654891435477269650e-07,4.131775677799420804e+07
5.566194421858545976e-07,2.071251962838851847e+06
5.029063597674422066e-07,2.568391072498513386e+06
4.495978055372781147e-07,2.888055111725002527e+06
2.187940297369584676e-07,5.795894975506020710e+06
4.569851342665171651e-07,2.995374739550640341e+06
6.893342598984657244e-07,2.275832037706371862e+06
8.037772370360405614e-07,2.067988005356169073e+06
3.281579578309108883e-07,1.671556290283778682e+06
2.668914248937696911e-07,3.132646422880159225e+06
2.183955404610488125e-07,4.042218287070592400e+06
5.339235618376816037e-07,1.743532268335345900e+06
4.776250403339295872e-07,2.176540404857150745e+06
5.959887543568030585e-07,1.701682909029724542e+06
5.952849094324205242e-07,1.772513297697998583e+06
4.649692628869853574e-07,2.292539980853516143e+06
5.164448314592123865e-07,2.147189352905180305e+06
4.689139440910582071e-07,2.481192826074853074e+06
5.566194421858545976e-07,2.071251962838851847e+06
5.153119725720282227e-07,2.369480090764594730e+06
3.281579578309108883e-07,1.671556290283778682e+06
2.532583037916282221e-07,2.612649474673391320e+06
5.079754641342327884e-07,2.009306329354285030e+06
5.029979508128036768e-07,2.023386417198064504e+06
5.487484081011703389e-07,1.918235105399725959e+06
4.649692628869853574e-07,2.292539980853516143e+06
4.867100378869678215e-07,2.205489898279313464e+06
8.391955647156915412e-07,1.281771049711330561e+06
6.765135483243767930e-07,1.637768597156124189e+06
6.528711232316911385e-07,1.711236684530976228e+06
4.689139440910582071e-07,2.481192826074853074e+06
1.198485441209576134e-06,1.109006987351123244e+06
5.521256010077258789e-07,9.078291712718479102e+05
4.115386257182603080e-07,1.221654876169641502e+06
7.722305487406836756e-07,1.242532293537468184e+06
6.022080982377502631e-07,1.672779485486492049e+06
1.022292996103002535e-06,1.006317778979473398e+06
8.723557587229190379e-07,1.178321590722604422e+06
1.068729310295766594e-06,9.955311127223108197e+05
9.684242149420472523e-07,1.087512346201608889e+06
6.528711232316911385e-07,1.711236684530976228e+06
6.765135483243767930e-07,1.637768597156124189e+06
4.717077797184859799e-07,2.374115132262720726e+06
4.115386257182603080e-07,1.221654876169641502e+06
4.263629498822996053e-07,1.345903640888965456e+06
2.960885743880287198e-07,3.784418413992478698e+07
3.896913610747381683e-07,2.166212435721431393e+06
4.551107200845292508e-07,1.939813877946184715e+06
6.276666832244914644e-07,1.539302488495116588e+06
4.130123723020905871e-07,2.315614171292773914e+06
7.895007059932086376e-07,1.327345018683204427e+06
6.765172979257847379e-07,4.203846443561541848e+06
8.464116444905628916e-07,1.473880578103204258e+06
1.489935731280373661e-06,1.114081072165011195e+06
3.663894122511424879e-07,1.442434299844024237e+06
3.690563280133547629e-07,1.491488108556899941e+06
3.138740763225024541e-07,3.544572973405795544e+07
4.305107869078612956e-07,2.119369315616376698e+06
4.523094197844609443e-07,2.107526191430766135e+06
5.505706879541609529e-07,1.926422241027362645e+06
4.381275009909612127e-07,2.426819054354181979e+06
4.433315753744181914e-07,2.384829113559077494e+06
5.349162285482871302e-07,2.079531611742167734e+06
3.971549379673263908e-07,2.804388845387564972e+06
3.981050283963729051e-07,2.788960058754300699e+06
3.095526988383081462e-07,2.570703411077505443e+06
3.093944484053407164e-07,2.218864617689243983e+06
4.381590058688231257e-07,1.951227474731910042e+06
4.266696991153779196e-07,1.993641997886454221e+06
5.557827335021489562e-07,1.682039654649807373e+06
4.381275009909612127e-07,2.426819054354181979e+06
4.433315753744181914e-07,2.384829113559077494e+06
5.505706879541609529e-07,1.926422241027362645e+06
5.349162285482871302e-07,2.079531611742167734e+06
2.069289980129929351e-07,5.944270670196266845e+06
8.841593692924003640e-07,1.424081914174258942e+06
3.086290715063749801e-07,4.667262881012362428e+06
2.932445977191272634e-07,2.138430100407016929e+06
2.467185541642477591e-07,3.594400444953092840e+06
4.121252769759922194e-07,2.612476630724045634e+07
4.381590058688231257e-07,1.951227474731910042e+06
5.584310719250500540e-07,1.648948185762983514e+06
5.557827335021489562e-07,1.682039654649807373e+06
5.490733776847240178e-07,1.884563167846111581e+06
6.082378290038531116e-07,1.665963188302069437e+06
6.917747389318477738e-07,1.804261103790368419e+06
8.250115084424380959e-07,1.616754802217628574e+06
8.924662640547314017e-07,1.663215689422771567e+06
1.143133214295675808e-06,1.294248795620355522e+06
2.992032636747797550e-07,1.736107958598568337e+06
4.343850619308334550e-07,2.624341798343672603e+07
3.574858284257467251e-07,2.090264473070681328e+06
6.753520133071830815e-07,1.273958131429969333e+06
4.795435111633980509e-07,2.053008503654956818e+06
8.294606504278170115e-07,1.236871982822738122e+06
4.539538153683817560e-07,2.354657218196324073e+06
5.195336245344587955e-07,2.041787315857850481e+06
7.610207262915656888e-07,1.422971962110105203e+06
4.551785594696658899e-07,2.553400715230253525e+06
8.690532843441740680e-07,1.391118518136096187e+06
3.261352085947741628e-07,2.057352193750892766e+06
4.510706120144723239e-07,1.906252860412275419e+06
4.689627561701831369e-07,1.896863825066227699e+06
4.100158276986753562e-07,3.445882217460159678e+06
2.701828339438919666e-07,3.981612102876356337e+06
5.026084788840125098e-07,2.030287368539224146e+06
6.176880133906992006e-07,1.726392930888330331e+06
5.603275211200453699e-07,1.925978644088786794e+06
5.268017346765444014e-07,2.009407088610987877e+06
5.195336245344587955e-07,2.041787315857850481e+06
4.539538153683817560e-07,2.354657218196324073e+06
4.551785594696658899e-07,2.553400715230253525e+06
9.787926145066834602e-08,2.038403308794647828e+07
1.722104004938005412e-07,2.767540929647185840e+06
2.680396981995422479e-07,3.927573561425746419e+06
3.973397202821511480e-07,2.650858150012042373e+06
5.080526706434512227e-07,2.189287448515751865e+06
4.977875456770846282e-07,2.242858788251247723e+06
3.620927978776157236e-07,3.145358466961348895e+06
3.747380487284568503e-07,3.273108730181473307e+06
4.210705379528727716e-07,3.305694045217215084e+06
5.111330830222139800e-07,2.823594661826552823e+06
5.942495763023480015e-07,2.496642313008298632e+06
8.482159560921762983e-07,1.956286549524618313e+06
9.787926145066834602e-08,2.038403308794647828e+07
1.832913950254137679e-07,2.823160933596034534e+06
2.201280324213744145e-07,3.736327378384677228e+06
2.074282594570463352e-07,4.140335915453820955e+06
2.549558882701991832e-07,4.323031187438753434e+06
1.677286850860800953e-07,6.800415365233451128e+06
3.749034096679298755e-07,3.035354695982433390e+06
3.191994745153252603e-07,3.893282224795178510e+06
3.203438670419780201e-07,3.952908591476289555e+06
3.941376034434983989e-07,3.584748733342069201e+06
4.330435500085546409e-07,3.225326571648834273e+06
2.201280324213744145e-07,3.736327378384677228e+06
2.921577211344015054e-07,3.733000697254092246e+07
2.688569364710575637e-07,3.592517530422244687e+06
1.384997433023640511e-07,7.470221170439012349e+06
1.939868280728551699e-07,5.208530225535671227e+06
2.290002557539604089e-07,4.222191254737818614e+06
3.058445837750877086e-07,3.336200476996907033e+06
3.593888722711237868e-07,3.133474244012665004e+06
3.841209869579264522e-07,2.888631820398706477e+06
3.400743159482711022e-07,3.341175156066955067e+06
2.690520331206497385e-07,4.609812810310242698e+06
4.388827679251041346e-07,2.887512533918314613e+06
4.304774592785123952e-07,3.090958414262420498e+06
1.432083466317472471e-07,6.294032214973288774e+07
1.529281593315097687e-07,6.213094715093195438e+06
2.688569364710575637e-07,3.592517530422244687e+06
2.194684431367564166e-07,4.718932908738495782e+06
2.199176074831255981e-07,4.525694025973478332e+06
3.058445837750877086e-07,3.336200476996907033e+06
3.593888722711237868e-07,3.133474244012665004e+06
3.841209869579264522e-07,2.888631820398706477e+06
7.333306484528840961e-08,1.533932785647357814e+07
3.400743159482711022e-07,3.341175156066955067e+06
2.314589020712108243e-07,5.276440570972995833e+06
9.035551606243834199e-08,1.525327537658529542e+07
1.432083466317472471e-07,6.294032214973288774e+07
7.984584396886951657e-08,8.342871826751193032e+06
2.686642154576213174e-07,2.413909033397987951e+06
1.342738450220363516e-07,7.678816015565642156e+06
1.933992750110045348e-07,4.098316861771978904e+06
2.217383814438892066e-07,3.930385978767447639e+06
2.199176074831255981e-07,4.525694025973478332e+06
2.314589020712108243e-07,5.276440570972995833e+06
3.473980359222437220e-07,3.915911633793095592e+06
3.540858756635831685e-07,3.822834726492165122e+06
1.764512571274442882e-07,8.024210210585843772e+06
2.196333883898361375e-07,3.947633062810876966e+07
2.686642154576213174e-07,2.413909033397987951e+06
3.841157837954360182e-07,1.721408232343713986e+06
2.711033290270553355e-07,2.926319332088268828e+06
4.067001124916211435e-07,2.109362967094329186e+06
2.469720469198862553e-07,3.480528471433766652e+06
5.167582362810874434e-07,1.779275725276017794e+06
6.562823777820856283e-07,1.444910888828479685e+06
8.529447188589927629e-07,1.224188016319017159e+06
7.378817800244924461e-08,2.140725163735217601e+07
2.914963705280055553e-07,1.918807084299858427e+06
7.276967377965700662e-07,1.030612226028175466e+07
3.935501335577866868e-07,2.263344401084217709e+06
5.264252880773384389e-07,1.674808603347727563e+06
1.040983172744029943e-06,8.574147570591700496e+05
6.775622999715153596e-07,1.344281722547461046e+06
7.631832848743556725e-07,1.252685028644629056e+06
9.546404259865084996e-07,1.066650709930304904e+06
9.169651427715314392e-07,1.116838271989079658e+06
7.728299274862381705e-07,1.297889883528963663e+06
4.112498795203256867e-07,3.421845407890968025e+06
4.077965201093919373e-07,1.178357155720176408e+06
7.437944367137256477e-07,7.949075027053173399e+05
6.712089791399560895e-07,9.951704813426240580e+05
4.187844895561720242e-07,1.566240910943060881e+06
8.800638739330504939e-07,1.111691270153969759e+06
9.169651427715314392e-07,1.116838271989079658e+06
6.511466361774474505e-07,1.662615612505802186e+06
9.285815799688538390e-07,1.150450368170576170e+06
9.277643463774567077e-07,1.148511433681168128e+06
7.115516869790753951e-07,1.566030586988270516e+06
3.850278656525677732e-07,2.240082593080916256e+07
4.027045258363987953e-07,1.847113525318401167e+06
6.497877003740756553e-07,1.473194239283993607e+06
7.012903755874163816e-07,1.453334630917325150e+06
6.199063510298890879e-07,1.649963225581057835e+06
4.091791536220983320e-07,2.433623994759943802e+06
4.174551931187839435e-07,2.584969132645742968e+06
6.511466361774474505e-07,1.662615612505802186e+06
6.229232257585283484e-07,1.780037056273076218e+06
5.292562930617076360e-07,2.087592504041756270e+06
7.115516869790753951e-07,1.566030586988270516e+06
7.666316843350065572e-07,1.833494583842609078e+06
3.567994516887586330e-07,1.635524432479059324e+06
3.214800296094155259e-07,2.028161755677800858e+06
1.448330521958508396e-07,5.594210395070023835e+06
6.497877003740756553e-07,1.473194239283993607e+06
6.199063510298890879e-07,1.649963225581057835e+06
7.012903755874163816e-07,1.453334630917325150e+06
4.174551931187839435e-07,2.584969132645742968e+06
6.229232257585283484e-07,1.780037056273076218e+06
6.405848303167921029e-07,1.733688084851982538e+06
5.722446720420793805e-07,2.028961777737362776e+06
5.341985366789321540e-07,2.194485484882457182e+06
7.850317485074294573e-07,1.618139247347560944e+06
3.214800296094155259e-07,2.028161755677800858e+06
1.414231539248181345e-07,7.191409103685515933e+06
1.355161585821160854e-07,5.014162312090831809e+06
3.266107301421054326e-07,2.817137243093650788e+06
5.783216746301560811e-07,1.566194668465510011e+06
5.493712689163522666e-07,1.720088998225439340e+06
4.437071542422713746e-07,2.099726765533491503e+06
6.152285654730581799e-07,1.671665791206202004e+06
6.636302070338188265e-07,1.594897375267512398e+06
5.341985366789321540e-07,2.194485484882457182e+06
5.722446720420793805e-07,2.028961777737362776e+06
1.392271180159005930e-07,9.326040051536902785e+06
1.262747350290096632e-07,4.846074951947874390e+06
2.824543013204002998e-07,2.960947412880019750e+06
4.437071542422713746e-07,2.099726765533491503e+06
5.264740546451704547e-07,1.955400514662982430e+06
3.137379590623343293e-07,9.179511903766408563e+06
3.966332259808583008e-07,2.610041342779704835e+06
4.961045594671819976e-07,2.326683175923414063e+06
3.164676606661558470e-07,3.886208093754781876e+06
4.963452706788234423e-07,2.497020026421247050e+06
7.623032509787310333e-07,1.947410181864959886e+06
7.848243271343160614e-07,1.997450707012002124e+06
2.372556948371091015e-07,1.801740747413860634e+06
4.120461608910938349e-07,1.824672104906658642e+06
4.087993919126294242e-07,2.039404945475933840e+06
5.526985155094326458e-07,1.710315066578245256e+06
4.509244208400567937e-07,2.124464981034188066e+06
5.980175722109329465e-07,1.609392601609689649e+06
6.036943147358834377e-07,1.611662909987235442e+06
4.453870528902130390e-07,2.459849513643460348e+06
7.281271874992796623e-07,1.721275877350776456e+06
1.281187635950599927e-06,1.222229881334851263e+06
1.639388748055983282e-08,1.364090288023706973e+08
6.723304960677921613e-07,1.101936514910128200e+06
6.462896474286274594e-07,1.151153363050267566e+06
4.100280386266266657e-07,1.770624286285305163e+06
6.307380343098655737e-07,1.267035404941723682e+06
3.967831770758158746e-07,2.185860360461149365e+06
6.702461528107736644e-07,1.592988809922243468e+06
3.997891824464863718e-07,2.463684073318095878e+06
4.637668493998751301e-07,2.347380876241931692e+06
6.659720407946899794e-07,1.755746805876972154e+06
6.780958338347157538e-07,1.852626563710618764e+06
6.378103515814887745e-07,2.184274730482189916e+06
1.292699592723637959e-06,1.210151353589373641e+06
4.109529931164034648e-07,1.684433276587356115e+06
3.604352831073031450e-07,2.224537269264432602e+06
6.052865393106423794e-07,1.529833079341916600e+06
6.465404177357277838e-07,1.536684524027989944e+06
5.946859905668528702e-07,1.719262119265797781e+06
5.440605044715577384e-07,1.855376841067149537e+06
6.297716721686664257e-07,1.611356398061741842e+06
7.695953728967644251e-07,1.307572665333218407e+06
6.702461528107736644e-07,1.592988809922243468e+06
6.659720407946899794e-07,1.755746805876972154e+06
8.142182984833142084e-07,1.642897480519456090e+06
5.911785157027847618e-07,2.358552002998355310e+06
5.969278360500879407e-07,2.443875772323104553e+06
5.096856505324779479e-07,1.074979799881814746e+06
3.750792495873069929e-07,1.708716116346557392e+06
4.582747140048370749e-07,1.408569246440262301e+06
6.465404177357277838e-07,1.536684524027989944e+06
7.695953728967644251e-07,1.307572665333218407e+06
6.297716721686664257e-07,1.611356398061741842e+06
5.946859905668528702e-07,1.719262119265797781e+06
7.912489833225821860e-07,1.407526370264172787e+06
5.828688338301130201e-07,2.008549098209775984e+06
8.045000627068474037e-07,1.517064551237566397e+06
6.158682305012986159e-07,1.970155377256679349e+06
2.336357699242390186e-07,9.059358332940956578e+06
5.096856505324779479e-07,1.074979799881814746e+06
6.456444074981658595e-07,8.833220549167389981e+05
4.582747140048370749e-07,1.408569246440262301e+06
8.365039298915933567e-07,1.007497589055882301e+06
8.889211945627678284e-07,9.900796038639484905e+05
9.029669246969214017e-07,1.042899566310638678e+06
9.305032258668055283e-07,1.023533235206947313e+06
9.736400461002993783e-07,9.990888611421741080e+05
7.746035397818599965e-07,1.277628047858329955e+06
7.918363193536443186e-07,1.347801933516883757e+06
3.445045002159853675e-07,3.021623888502917811e+07
7.663630445222431058e-07,9.715742139113867888e+05
8.567569301382461905e-07,9.476160876193940639e+05
8.638150476173845752e-07,1.012824314243899658e+06
7.897978623843773227e-07,1.118514467766136164e+06
8.406829978167150973e-07,1.037285670538058155e+06
7.616018700349378303e-07,1.469456458641018020e+06
7.017513701249362882e-07,1.624714874701381661e+06
7.017363299254112950e-07,1.771796792958927806e+06
1.004971071871110599e-06,1.262403390496439999e+06
1.289021364741951796e-06,1.148039028008563677e+06
1.419796564271513048e-07,4.072337038934511133e+06
1.935930680630053947e-07,3.044341683185839094e+06
1.861923036676086492e-07,3.905029427633631043e+06
2.253233519104563273e-07,3.639177739200418349e+06
5.729965540643913941e-07,1.981770764672083082e+06
2.588659328142950195e-07,3.806696122097282205e+06
6.965421240064156833e-07,1.628457494082416408e+06
5.392907147921155161e-07,2.202827975429130718e+06
4.950054212760139408e-07,2.545475493227243889e+06
1.181828119882092377e-06,1.326785862308696145e+06
9.721245105466241898e-07,1.610882909058946883e+06
2.243727934846539721e-07,2.058492643477655714e+06
1.329370177717473122e-07,4.647990067098238505e+06
1.542910270706427136e-07,5.977262942928822339e+07
2.307954759579853949e-07,3.042570721510024741e+06
6.598093548310394459e-07,1.794890200695749372e+06
6.031208041979884143e-07,1.954097819382732734e+06
5.676210940287562867e-07,2.149312260183704551e+06
7.818879147781258365e-07,1.622791513361842372e+06
6.420707860494398016e-07,2.032090725396280410e+06
9.944872284021831116e-07,1.488365587503396906e+06
1.155958081891776519e-06,1.355387417501691496e+06
2.898655939734285162e-07,1.920352218653280754e+06
3.551188658589401444e-07,2.724994192720741965e+06
3.728294729808646040e-07,2.187281941132872365e+06
4.472731738067554485e-07,1.837490895036781207e+06
6.163790744495199024e-07,1.465115428770658793e+06
2.374322641028436795e-07,3.638886613942273427e+06
7.317097726160132860e-07,1.280458336113141384e+06
6.675951453738596303e-07,1.437283613316373201e+06
7.133532783457731936e-07,1.653043257539056940e+06
5.885944425829668508e-07,2.225940072414755356e+06
1.147731839117818916e-06,1.366216623750277096e+06
2.898655939734285162e-07,1.920352218653280754e+06
2.247811371654405167e-07,2.998625260337387212e+06
3.819001642464970808e-07,2.066050040072393604e+06
4.395629515015588710e-07,1.945030894243605202e+06
4.203085669772452799e-07,2.267642969741141424e+06
5.160628784450485154e-07,1.860640894649972906e+06
5.605444046364577008e-07,1.805700997319011483e+06
3.432262858361452988e-07,3.110525071685667150e+06
4.103518526900311155e-07,2.732664036443064921e+06
4.459144533418411172e-07,2.481306957505544648e+06
4.314022613375598426e-07,2.819884207546507474e+06
3.061395310344957408e-07,2.595261353398576379e+07
4.205095037406814444e-07,1.175457789540211670e+06
4.009021689378227820e-07,2.475113013292756397e+06
5.755224728365935061e-07,1.678715727741538780e+06
4.831424828288652825e-07,2.004516274704555282e+06
3.613606828270294041e-07,2.827569460563120898e+06
6.739566701105483595e-07,1.526984505648219958e+06
7.161190761455771897e-07,1.544779852668107720e+06
8.170564231673981486e-07,1.682140816895789932e+06
8.186012446290414454e-07,1.681858714261566987e+06
1.467107978232326563e-06,1.131824275103047956e+06
3.003676272150479575e-07,2.523217837105639279e+07
4.088673594444059833e-07,7.145218852591964416e+06
5.291267853919051096e-07,1.748380244534914847e+06
6.460425220209892877e-07,1.567536592717044521e+06
6.739566701105483595e-07,1.526984505648219958e+06
5.594086360909876238e-07,1.814455797256362392e+06
1.041755630781186415e-06,1.023854136779945577e+06
1.051810242136876419e-06,1.008370700058553019e+06
9.485127485609458525e-07,1.092846902862095973e+06
7.161190761455771897e-07,1.544779852668107720e+06
4.941838354671326190e-07,2.277344063304623589e+06
2.446837296280042218e-07,2.781804183556278702e+06
3.871211259697948546e-07,1.386523502840366215e+06
5.156685495546618853e-07,2.081236321467776084e+06
4.890804288615240400e-07,2.156936312506786082e+06
5.794797554406847292e-07,3.408141137386846822e+06
5.406227240536232350e-07,1.969576442975802347e+06
5.176185152475136799e-07,2.025355479566658847e+06
4.777929358061972752e-07,2.544858334205078427e+06
4.586372631954711238e-07,2.890460319938508794e+06
8.035543825789070297e-07,1.676485730415852740e+06
1.076352184443234508e-06,1.374947871577925514e+06
1.080052106668920291e-06,1.456698785778467311e+06
2.446837296280042218e-07,2.781804183556278702e+06
4.078633292388420158e-07,1.969962895844946615e+06
6.513091391136485549e-07,1.441436389509574277e+06
9.936911264574768909e-07,1.031636317595980130e+06
8.425407045044454280e-07,1.190396310683250660e+06
9.983289569354731840e-07,1.067744294910756405e+06
7.960520914905007385e-07,1.401066364621517714e+06
7.734376975847309108e-07,1.445738606734259753e+06
5.973806530476214689e-07,1.951603558425737079e+06
5.850437014681809791e-07,2.197954633118393831e+06
9.582311507647463575e-07,1.547984197436328745e+06
4.756665770872920866e-07,3.416981822475428693e+06
6.955956004969379069e-07,1.778901589998984011e+06
5.397969248186749874e-07,1.580401437503870344e+06
7.253105480565032423e-07,1.228782979390082881e+06
8.175949095611195938e-07,1.192300447261784691e+06
7.894919577331403306e-07,1.166621455233836314e+06
7.258659205067191938e-07,1.326835889450422954e+06
9.598159862716477796e-07,1.057275059879846172e+06
1.011249697157743282e-06,1.000322036653145798e+06
9.575477631684751507e-07,1.121091103322817013e+06
7.734376975847309108e-07,1.445738606734259753e+06
7.960520914905007385e-07,1.401066364621517714e+06
1.235960534793235227e-06,1.025486161266292678e+06
5.176295985202666228e-07,1.000850144452098059e+06
5.002155902942993796e-07,1.082321964754503453e+06
3.556951695380886786e-07,1.667434862171079498e+06
5.531743001733372496e-07,1.318113717733592959e+06
4.523873556153856658e-07,2.180913614265453536e+06
8.175949095611195938e-07,1.192300447261784691e+06
1.011249697157743282e-06,1.000322036653145798e+06
8.856577509721144035e-07,1.163751414041371783e+06
9.288082705021564299e-07,1.144896485757065238e+06
9.977242316812073073e-07,1.261242134400606621e+06
3.556951695380886786e-07,1.667434862171079498e+06
5.669121431768532039e-07,1.187548871112417430e+06
2.929645055757134522e-07,3.034641801281667780e+06
4.727658883117605649e-07,1.889274950746630318e+06
4.799643239752596827e-07,2.110849766964656767e+06
3.704471095141184331e-07,2.789800899971801788e+06
4.669804565875444864e-07,2.179143686311096884e+06
4.004392008992902884e-07,2.649344615730457939e+06
4.767140050801026961e-07,2.331894708528490737e+06
4.549380496760423925e-07,2.571900207882423420e+06
6.119258176653353482e-07,2.117792785130579490e+06
8.283368062147840226e-07,1.694431425352853956e+06
1.792399439684987298e-07,5.492060508689913899e+07
2.626949459677852460e-07,4.658358860519464128e+06
3.344464599394865934e-07,3.346421210539285466e+07
3.032570683662626403e-07,2.834738204486592207e+06
4.272348780533688540e-07,1.948086145130360499e+06
4.676000760847775583e-07,1.997536762036142638e+06
5.081092808434386130e-07,2.170731260256397072e+06
3.557959430219201507e-07,3.012071400803070981e+06
6.560814041150811190e-07,1.778397890458137030e+06
6.428995377682914221e-07,1.910527423265489982e+06
4.383844562284983637e-07,2.758827927807491273e+06
2.311714298496581872e-07,1.225996438609983027e+07
4.892693079453321404e-07,1.516858372694356134e+06
2.626949459677852460e-07,4.658358860519464128e+06
3.940460440707235529e-07,1.993877821539852303e+06
6.143484663959726954e-07,1.719936086782329949e+06
4.863027712515183870e-07,2.173971540376797318e+06
8.901624043725936571e-07,1.257582304063221207e+06
5.338486693800587287e-07,2.323977298760589212e+06
7.182604364784655333e-07,1.816639146002533846e+06
1.334402000042023568e-06,1.052787057044631569e+06
1.257078037890479653e-06,1.245194250832954654e+06
1.608346883225077189e-07,1.447114597288285568e+07
4.008691652886666091e-07,2.706324160345280915e+07
4.221788515354106908e-07,1.992521640867384151e+06
8.446719170385928574e-07,9.324909048110456206e+05
6.488354505903515677e-07,1.306668930761005729e+06
8.614783243776392276e-07,1.016983291728769080e+06
9.153698279348572190e-07,9.838185913508351659e+05
7.549106111388002394e-07,1.252200129203965189e+06
9.033895348317892611e-07,1.128546953143860446e+06
8.519916144847656638e-07,1.379496516854031943e+06
6.721553372072192825e-07,1.861986413297641091e+06
1.353333347984674081e-06,1.094930407178284368e+06
2.428309846404446097e-07,2.012336203568289522e+06
7.285298055579212068e-08,1.809393007712952793e+07
1.224302499903794779e-07,4.567733546128149144e+06
2.681728769839246439e-07,2.431259183353611734e+06
7.732558647723455611e-07,1.454612410450081108e+06
6.895149177029660173e-07,1.641918013938997872e+06
4.904277908756562107e-07,2.591032132266547997e+06
6.259406244849454130e-07,1.974358452439758927e+06
5.893710539686925518e-07,2.355154024567888118e+06
1.225812453469870293e-06,1.280705044456073781e+06
9.269314706082569945e-07,1.995116571630720049e+06
7.285298055579212068e-08,1.809393007712952793e+07
1.176407272020861959e-07,5.652804855867932551e+06
2.477821003800738548e-07,2.620921482821171638e+06
1.477302634354762226e-07,5.849980686830139719e+06
2.143347041253401816e-07,4.588889657412233762e+06
2.355467797591666236e-07,4.280433436975695193e+06
2.671259063336671980e-07,4.068217261611102149e+06
3.200321164883988141e-07,3.646216425619999878e+06
3.140212371623104545e-07,3.728847449787848163e+06
2.483364126476611578e-07,4.990704485513392836e+06
1.439246162314479909e-07,9.265637848571898416e+06
4.654971987263027269e-08,4.943093655684112012e+07
2.826586252517568329e-07,3.322177563267169148e+07
1.542539419165844873e-07,4.475976061236402020e+06
2.202069256457261180e-07,2.818716606282485649e+06
2.477821003800738548e-07,2.620921482821171638e+06
1.706439544450663628e-07,3.868412843459500931e+06
2.883890149144150273e-07,2.437850972845244221e+06
7.434185840487886951e-07,1.507445110139996745e+06
3.140212371623104545e-07,3.728847449787848163e+06
5.825243473796758981e-07,1.947148585911212955e+06
3.200321164883988141e-07,3.646216425619999878e+06
2.126513285045911998e-07,3.261242788352267072e+07
5.308405128391794283e-07,1.178215167633545119e+06
1.919599311443772101e-07,4.371848263102383353e+06
8.184878891758531300e-07,1.356336708367075305e+06
8.072082869128963924e-07,1.376621033042133553e+06
7.434185840487886951e-07,1.507445110139996745e+06
9.205759498378843803e-07,1.208745785658628680e+06
8.700247379122215384e-07,1.342856704054480419e+06
9.548695921311177114e-07,1.213963784114361508e+06
9.006210785412829782e-07,1.287572757098697359e+06
8.006621747787015510e-07,1.447493431515647797e+06
1.187758279097101151e-07,1.707361921661018953e+07
6.744988118423029957e-07,8.091749583681252552e+05
6.020167465436568626e-07,1.603935328901578207e+06
7.238184026533390702e-07,1.479625908914241474e+06
8.365959888001651504e-07,1.265138030063107144e+06
9.233674935893690723e-07,1.194713630087181460e+06
9.205759498378843803e-07,1.208745785658628680e+06
8.285701508612436476e-07,1.350146974848988233e+06
7.867608360965554567e-07,1.483030942728516180e+06
8.006621747787015510e-07,1.447493431515647797e+06
9.548695921311177114e-07,1.213963784114361508e+06
8.700247379122215384e-07,1.342856704054480419e+06
7.753276029834303235e-07,1.495215770706264069e+06
9.006210785412829782e-07,1.287572757098697359e+06
3.723895034118257895e-08,3.679704331233191490e+07
2.977695930549947505e-08,3.272969047775991559e+08
6.442313640533386345e-08,1.076569484454064630e+07
1.589408229131314377e-07,5.202738292521576397e+06
1.591587479468011578e-07,6.269562013614064083e+06
1.086109295402000658e-07,1.036119796309838630e+07
1.722311890315443535e-07,7.864745137291742489e+06
2.645888372423642689e-07,5.137708539785471745e+06
2.789869160927521410e-07,5.088356457737417892e+06
2.091485757037465601e-07,7.042996237072267570e+06
3.209367762123100492e-09,4.257603362051895857e+08
2.838977913020302719e-07,5.365367919202009216e+06
4.412808090255930091e-07,4.006813049274914898e+06
1.908845748297366882e-07,5.092849397424203157e+07
1.335161280343351724e-07,5.612673871821687557e+06
2.977234533963610480e-07,2.317202216355165932e+06
2.176642264011983287e-07,3.730693605016720481e+06
2.803960557856798951e-07,3.798318471200899221e+06
2.875521023674364925e-07,3.949638816302610096e+06
3.513541418736954461e-07,3.232370548397571314e+06
3.483039184177158202e-07,3.537404884595313109e+06
4.174955812712927785e-07,2.947118255521533079e+06
3.493716609041882928e-07,3.446048942029966041e+06
6.440000071495758758e-07,2.182322657064062543e+06
5.838545902868660819e-07,2.536673504911740310e+06
2.319372101473299347e-07,3.049377015951478388e+06
3.565468774671693756e-07,2.188484049151592888e+06
3.632112551377484494e-07,2.306052248635362368e+06
3.841386350194645217e-07,2.077108452326338971e+06
3.078982265703762318e-07,2.960816574529999401e+06
4.364428722104932442e-07,2.129407014677783474e+06
3.544785163930113217e-07,3.111229391239479650e+06
3.814540284032964386e-07,3.003291586741973646e+06
3.005206237267578988e-07,4.000401769518017769e+06
4.174955812712927785e-07,2.947118255521533079e+06
6.467334433044043354e-07,2.168517227302346844e+06
6.436681429482191086e-07,2.304402958526923787e+06
4.264285742714246699e-07,2.014653584178773686e+06
4.365332162040836664e-07,2.027175397226101952e+06
4.351122261843006163e-07,2.310029862509168219e+06
3.780110108457947893e-07,2.703861208680719137e+06
4.258352172797334456e-07,2.468145457781642210e+06
3.258728325292130516e-07,3.244258003990562633e+06
6.436058759848348277e-07,1.597604195688162232e+06
4.015805284612289046e-07,2.721797118269752711e+06
2.850117192119372498e-07,3.768700954513276927e+06
4.821100188242205827e-07,2.196371814533254132e+06
7.255671170695757385e-07,1.787604294938678388e+06
4.846628279025337601e-07,2.621466039356661960e+06
1.087694899798402037e-06,1.442699280649356544e+06
4.731329320435809275e-08,4.971503010911343992e+07
4.263762696095458222e-07,1.161483022602779558e+06
4.351122261843006163e-07,2.310029862509168219e+06
4.973706410883757205e-07,2.027275335796202067e+06
6.436058759848348277e-07,1.597604195688162232e+06
7.851952853671606841e-07,1.422427648638052400e+06
6.568660888178880543e-07,1.662969828396585304e+06
7.573016633973247680e-07,1.444792411448406521e+06
6.034654613183511813e-07,1.872081277234676760e+06
5.499556451487495344e-07,2.046872215736732353e+06
7.993766071896111598e-07,1.458505786042338936e+06
8.423106156224917498e-07,1.452589940825261176e+06
8.437698695158919205e-07,1.453611414371796418e+06
6.744083362819157665e-07,2.266522630393217318e+06
5.510027615629244985e-07,8.986269403569558635e+05
6.595451884807035998e-07,8.691844778325239895e+05
5.211606208768046352e-07,1.244449911727490136e+06
6.749764726626191443e-07,1.539745000482646748e+06
6.034654613183511813e-07,1.872081277234676760e+06
7.573016633973247680e-07,1.444792411448406521e+06
7.811866587869269823e-07,1.440053429743071785e+06
8.800447671214226148e-07,1.312446982859276468e+06
5.252283567111484452e-07,2.248338349891421385e+06
8.437698695158919205e-07,1.453611414371796418e+06
8.423106156224917498e-07,1.452589940825261176e+06
3.904354994914647936e-07,4.788016634740265086e+06
6.595451884807035998e-07,8.691844778325239895e+05
5.211606208768046352e-07,1.244449911727490136e+06
6.508163610825027380e-07,1.397585112255159765e+06
9.160304368078447273e-07,9.748565416538357968e+05
6.706770632027342731e-07,1.391843316780005349e+06
7.216855361597916592e-07,1.285878551671235124e+06
7.961548841003572318e-07,1.176847337074737297e+06
4.086726344062737335e-07,2.294528977910782211e+06
5.023328519201349523e-07,2.246128810403811280e+06
6.056002190997422821e-07,1.812869155881672166e+06
5.599240168139182042e-07,2.075288662284905789e+06
4.552061795436798704e-07,1.697990429461118765e+06
4.635451887006127737e-07,1.760625340364924632e+06
6.071663459467608921e-07,1.387013161860733293e+06
1.172880258227655815e-07,7.807544383603340015e+06
6.706770632027342731e-07,1.391843316780005349e+06
7.474921350194431061e-07,1.243100341725912644e+06
7.961548841003572318e-07,1.176847337074737297e+06
7.042096911171339312e-07,1.375499469535275828e+06
8.749820915675100948e-07,1.121890174028205685e+06
7.572837967251815614e-07,1.342462501403738279e+06
9.683689982547329827e-07,1.097877251737789018e+06
3.262086192333805798e-07,4.904468671210573055e+06
2.177169598557940739e-07,3.121713925899845082e+06
5.187368856343359609e-07,1.132186352421787567e+06
6.071663459467608921e-07,1.387013161860733293e+06
8.366410752936092420e-07,1.096662383220041171e+06
6.314816638187764423e-07,1.434687213641818147e+06
6.161119232847483002e-07,1.531750537099221954e+06
7.474921350194431061e-07,1.243100341725912644e+06
8.749820915675100948e-07,1.121890174028205685e+06
2.844265792243660488e-07,1.916270383110706927e+06
3.168285015958724061e-07,1.874994836909573060e+06
3.265564530785075976e-07,1.914081017084685387e+06
3.096578206940333477e-07,2.076695914820119273e+06
2.552300447219009724e-07,3.573442572924694046e+06
2.178719097085901976e-07,4.479032694804986008e+06
5.337383876823875157e-07,2.097935859522063285e+06
4.849160974159583527e-07,2.548899002571978606e+06
4.823129308669909724e-07,2.533329797279283870e+06
4.773887322742481666e-07,2.567803411624034867e+06
8.581767101448111903e-07,1.825787923587066587e+06
9.115442307113977866e-08,2.561934596616807580e+07
2.844265792243660488e-07,1.916270383110706927e+06
3.371112881678907109e-07,1.751089976840145886e+06
3.096578206940333477e-07,2.076695914820119273e+06
2.552300447219009724e-07,3.573442572924694046e+06
2.178719097085901976e-07,4.479032694804986008e+06
3.604114018294320617e-07,2.831981509482732508e+06
3.761985705736198650e-07,2.814202122335974593e+06
3.036728009164875955e-07,3.682155783649682067e+06
3.053085184858495187e-07,3.615095932086353656e+06
2.847074545433730539e-07,4.355534479171464220e+06
5.201939483143748780e-07,2.694849386788929347e+06
1.529920499052053339e-07,1.371020628360871412e+07
1.366345353594258709e-07,6.272713647965479642e+06
3.371112881678907109e-07,1.751089976840145886e+06
2.870401293011974511e-07,3.914215409217397124e+07
4.219578603410649835e-07,2.017761110271916958e+06
4.546584628777256648e-07,2.280539454133832827e+06
3.285154038308410456e-07,3.261922444899076596e+06
4.147856068967293425e-07,2.704411452955139801e+06
5.109498437830207804e-07,2.164115961303788703e+06
2.099833466749164275e-07,5.603710909200760536e+06
4.179046856002560435e-07,2.922827078530228697e+06
5.089594116978630935e-07,2.619134151597421616e+06
1.366345353594258709e-07,6.272713647965479642e+06
2.033369865003190604e-07,3.056326824296259787e+06
1.373674545022646975e-07,1.798431278735968098e+07
2.237264276653329863e-07,2.984692007064815145e+06
1.939719905294726206e-07,3.824982583558556624e+06
3.346891790439376381e-07,2.791768568617996294e+06
4.147856068967293425e-07,2.704411452955139801e+06
4.926615886517674567e-07,2.359848426947301254e+06
4.179046856002560435e-07,2.922827078530228697e+06
5.915937277611984258e-07,2.265021260752819944e+06
1.076571838510577016e-07,7.932545525476406515e+07
2.033369865003190604e-07,3.056326824296259787e+06
1.708160714937368071e-07,3.109902610492250882e+06
2.065059323124004429e-07,9.331142335109241307e+06
3.376336913687322174e-07,2.642885655349773355e+06
2.673155498406097787e-07,4.213592338852318935e+06
3.037038773172647482e-07,3.793463236364261713e+06
4.056429162535631917e-07,3.260098827013595961e+06
3.290434414512595840e-07,4.720447066468249075e+06
6.947168029935727799e-07,2.543724714189106598e+06
1.361043260519266173e-07,2.914352032151640393e+06
3.059087629563482931e-07,1.770380939541228116e+06
5.447150748533457727e-07,1.027429947516972315e+06
6.504988623628451541e-07,1.785761664947534446e+06
7.023914601201161347e-07,1.390564965953086969e+06
9.712465145592302883e-07,1.038695932157225325e+06
7.735966603750934523e-07,1.299977776991846738e+06
9.831815391151037482e-07,1.099205544569792692e+06
1.119177541846753182e-06,9.470463110424593324e+05
6.842906862490802508e-07,8.925569786483303178e+05
4.519863061734066560e-07,1.568157179781414801e+06
5.917863837275875794e-07,1.545149892103795893e+06
7.878986870125753781e-07,1.280286146963234060e+06
9.712465145592302883e-07,1.038695932157225325e+06
7.735966603750934523e-07,1.299977776991846738e+06
4.545979913268265236e-07,2.247476517141832970e+06
7.615208110966103904e-07,1.390024547872918192e+06
9.831815391151037482e-07,1.099205544569792692e+06
1.014604365130839536e-06,1.060768682905739173e+06
1.119177541846753182e-06,9.470463110424593324e+05
1.474489545628804762e-06,9.019762955259029986e+05
6.129647837959326575e-07,9.379137029215217335e+05
6.842906862490802508e-07,8.925569786483303178e+05
5.831691124098311294e-07,1.326353620775082149e+06
4.519863061734066560e-07,1.568157179781414801e+06
9.247073136058085190e-07,9.543767180836419575e+05
5.216968233511769311e-07,1.770328562003860250e+06
1.268645362488119708e-06,7.436586758872371865e+05
1.093042231602498922e-06,8.993282058226967929e+05
1.267161324063282054e-06,8.034968694891950581e+05
1.140289307759592865e-06,9.287897020685976604e+05
1.840952914466624217e-07,1.251824829467450455e+07
4.812583392041875815e-07,1.114443624213546980e+06
3.783561869902710259e-07,2.751515681896368507e+06
7.883438153063434932e-07,4.838714806590868160e+06
5.096030646122172637e-07,1.948372118865421042e+06
4.609057726023003314e-07,2.287730832867894787e+06
5.687466463638212612e-07,1.784326479590404313e+06
8.104939736743332652e-07,1.365539778706708923e+06
1.090487689626842816e-06,1.036038715995936771e+06
4.434605862324664818e-07,2.657938406695619226e+06
1.057861889927714947e-06,1.264935913284193492e+06
1.772362915703588350e-06,8.846055489272925770e+05
1.840952914466624217e-07,1.251824829467450455e+07
3.170983223287509586e-07,2.542830227400305681e+06
3.455408155181087730e-07,2.576358590573481284e+06
4.431822750385539975e-07,1.953204742783665424e+06
4.267077423834633053e-07,2.223095147549280897e+06
4.453852248374115326e-07,2.196814250951033086e+06
5.185015080888058542e-07,1.828793618466736749e+06
4.809863713831016058e-07,2.019976868283173768e+06
4.300135938102884274e-07,2.631119375506037846e+06
5.045604476202988436e-07,2.336074387034269515e+06
4.654742407415012447e-07,2.499692285679804161e+06
3.587284221964225234e-07,1.612988049070766428e+06
3.591483250253520621e-07,2.549617368919422384e+06
4.267077423834633053e-07,2.223095147549280897e+06
4.453852248374115326e-07,2.196814250951033086e+06
4.809863713831016058e-07,2.019976868283173768e+06
2.695045563046904907e-07,3.848408002583189867e+06
3.955326120243699792e-07,2.595378280131761450e+06
3.366171821268446672e-07,3.090327923082298599e+06
4.276434364453190023e-07,2.582747222130853217e+06
4.795388413552884949e-07,2.566373364228652790e+06
4.763035738918764473e-07,2.706108331025952939e+06
1.231274047314201475e-07,1.202989852710739151e+07
1.876226189444348566e-07,1.056051069684530050e+07
3.587284221964225234e-07,1.612988049070766428e+06
5.186957863890663393e-07,1.163874153137566755e+06
3.408990385908554487e-07,3.257674943053939939e+07
3.603846617000728055e-07,4.960322024109307677e+06
3.169218563077031586e-07,2.658420858770019840e+06
4.634903451138612498e-07,1.950533944431277458e+06
4.443560106879060773e-07,2.065808816850137198e+06
4.142678386918346561e-07,2.245956855728704017e+06
4.936792689814419377e-07,2.091069661228001118e+06
5.168834092714516512e-07,2.071440806699995184e+06
4.316848154619278903e-07,2.192061321683072019e+06
3.464946949680535292e-07,2.761717689891868271e+06
4.815749067951731424e-07,2.008919927667820361e+06
4.357187738086281915e-07,2.258352946063032374e+06
2.839328289966810277e-07,3.485817290713063441e+06
4.487958528989825201e-07,2.183461637893049978e+06
4.936792689814419377e-07,2.091069661228001118e+06
5.440231591761728423e-07,1.872459188694840996e+06
3.923432418073680707e-07,2.578585556310762651e+06
5.168834092714516512e-07,2.071440806699995184e+06
5.071149605800791176e-07,2.213899906734589022e+06
5.560876120753910327e-07,2.160274950924295932e+06
1.405513803183102710e-07,1.230896884113291278e+07
1.367976015891968993e-07,1.071720146839587577e+07
2.051622214722974472e-07,3.376405235933659598e+06
2.005852549288634643e-07,3.513726701090827119e+06
2.804475577303019922e-07,4.066082838501297683e+07
2.939222421797171584e-07,3.232001361166648567e+06
3.681062828619873583e-07,2.597178601691751741e+06
3.381375534650909681e-07,2.960769699707329739e+06
5.248005722583885632e-07,2.036387049165540608e+06
4.553333624753502921e-07,2.325024556303327437e+06
5.277949991088603752e-07,2.028017849471996538e+06
5.603029427362715700e-07,2.161105260863375850e+06
2.187934811533816694e-07,2.224137213016796857e+07
1.367976015891968993e-07,1.071720146839587577e+07
3.448832936229463405e-07,1.653859057380647399e+06
5.725511960421642669e-07,1.582770086862111697e+06
8.972645308703150742e-07,1.055862952804354252e+06
9.813086188075103436e-07,1.214350990285136038e+06
1.130282776295433437e-06,1.146660900429811561e+06
9.357747395487786237e-07,1.408870452852820046e+06
1.030545010713752661e-06,1.261489396784513723e+06
1.802948661102249312e-06,8.694079849518283736e+05
1.824742270786627529e-06,9.103336687685921788e+05
5.262517711372847801e-07,3.522377336235578638e+06
9.114676492888952411e-07,6.669639659690066474e+05
3.802390892078150863e-07,2.048576808350929525e+06
2.139903378117766077e-07,3.138091512919608969e+06
1.487028335633982023e-06,5.972154524587235646e+05
1.155697395821994844e-06,8.496456988561914768e+05
1.149108517350257247e-06,9.252883286588611081e+05
7.849777562350132002e-07,1.392756080073212273e+06
9.567879212240074009e-07,1.205937520239280537e+06
1.056875603020654590e-06,1.125068093379232800e+06
1.089010153531158222e-06,1.132075564627721207e+06
9.260839474172659155e-07,1.352413324651942356e+06
1.795909610076586132e-06,8.730232413136496907e+05
4.290853451595375319e-07,1.047858257555603632e+06
2.078545658697194949e-07,3.150155839714832138e+06
6.608061541945169580e-07,1.240703358652888099e+06
6.263595559967361529e-07,1.502164825396248372e+06
5.631391981351779363e-07,1.698370929077303503e+06
6.593734863958080676e-07,1.500428074300422100e+06
6.412898650976017872e-07,1.603427196880178759e+06
7.849777562350132002e-07,1.392756080073212273e+06
9.567879212240074009e-07,1.205937520239280537e+06
1.060314749081255306e-06,1.105347870842260076e+06
1.542704544797204152e-06,8.630668121069258777e+05
5.170613366770295452e-07,1.203700997207432985e+06
5.631391981351779363e-07,1.698370929077303503e+06
6.534811287867069577e-07,1.493359328106552595e+06
6.593734863958080676e-07,1.500428074300422100e+06
4.537325525206155860e-07,2.139657914580649231e+06
3.988428943912770821e-07,2.474701697550869547e+06
6.412898650976017872e-07,1.603427196880178759e+06
5.015542256701318778e-07,2.068239599354852689e+06
5.929691790061697697e-07,1.779200428638985381e+06
3.843908473488348674e-07,2.806966481879429426e+06
5.292060342342716563e-07,2.025274548654315528e+06
4.238175810083943670e-07,3.028806331983319949e+06
2.236507771920990591e-07,3.851878378651167732e+06
2.075734754771464485e-07,3.956150236657891423e+06
2.046871571756138575e-07,4.139347915117944591e+06
2.568470764858383071e-07,3.387409055070466828e+06
4.397605362668190318e-07,2.146238926679322962e+06
4.157824334367108310e-07,2.295833443447930738e+06
3.988428943912770821e-07,2.474701697550869547e+06
4.537325525206155860e-07,2.139657914580649231e+06
4.003016143287033471e-07,2.578664041249174625e+06
4.893204050478614150e-07,2.226054188822042663e+06
2.583690272355517308e-07,4.747203539724185131e+06
4.089907664448702115e-07,3.760814126684706192e+06
2.188059051241584932e-07,3.262360089243052527e+06
1.988720191868604429e-07,3.496659300572319888e+06
2.376055122544516820e-07,3.695834006580092013e+06
2.095040220600464517e-07,5.307225622127518803e+07
1.989652922259593619e-07,4.423424071284719743e+06
2.893208166127313468e-07,3.308242565503427293e+06
5.282323354418099094e-07,1.721087460310081951e+06
4.456234752129946885e-07,2.704004737954260781e+06
5.220625125653163643e-07,2.615170985564061441e+06
6.228922662182161240e-07,2.196113423969270196e+06
4.827261782031903278e-07,3.198029751876110211e+06
1.001909495906553235e-06,1.657876272782676388e+06
8.693504294276386193e-07,1.911079659825158538e+06
3.207098572206718046e-07,2.749583274523282424e+07
3.614229423578547388e-07,1.452759279484019382e+06
7.287755180775981035e-07,1.156478319383683382e+06
7.565632121881584674e-07,1.366651644808987621e+06
5.032234547058787826e-07,2.003268565299840644e+06
5.558933223752174541e-07,1.925979410858765710e+06
1.350925318043736649e-07,8.721419413075607270e+06
6.919546227767591067e-07,1.620774164194362238e+06
7.511056225218272016e-07,1.474602407121655531e+06
4.530914467305159888e-07,2.568855489106135909e+06
4.637259118819190324e-07,2.491169329689491075e+06
3.646035957722806885e-07,1.790032388369179564e+06
3.614229423578547388e-07,1.452759279484019382e+06
3.227638754427894253e-07,2.304814669069573749e+06
4.005100155669441713e-07,2.073119194311794359e+06
5.032234547058787826e-07,2.003268565299840644e+06
6.815775923523677104e-07,1.658221977356486488e+06
5.278693852560152522e-07,2.193636587208154146e+06
6.254126976251301965e-07,1.998309469915416557e+06
6.815860618010200089e-07,1.815393389582531527e+06
3.408290392797216426e-07,4.500005049405059777e+06
1.164589207504272128e-06,1.346124495607343270e+06
1.105329277148753845e-06,1.418350497360512847e+06
9.140326670234390421e-08,6.469983371473060921e+06
2.848971098889546311e-07,1.976567336735515855e+06
2.872609330003766541e-07,2.495535630062956363e+06
2.928301412884969247e-07,2.839808835072092712e+06
4.077212231605383035e-07,1.962435710488766199e+06
2.642083009973434789e-07,3.502189972471162677e+06
4.907359049987990468e-07,2.281088662662006915e+07
6.187647266056831455e-07,1.640058114718915895e+06
1.128109188466436401e-06,1.180730903826700291e+06
1.110606363319427883e-06,1.260252977142110700e+06
8.053796856735271930e-08,7.270174052658023313e+06
1.975163172019657601e-07,3.155434485503484495e+06
9.303471050820696275e-08,7.666047107498714700e+06
1.160619510935943397e-07,6.428584719017425552e+06
2.736910319099636228e-07,3.254085679619086441e+06
3.061998420299097771e-07,2.955596683530711569e+06
3.207626180383812754e-07,3.175755881329897325e+06
2.690228480108020697e-07,3.749136043985931668e+06
2.420673351246034870e-07,4.501785394705210812e+06
4.319619944251093109e-07,2.668549701031153556e+06
2.439831860364834641e-07,2.222812304258284159e+06
1.995855908519951504e-07,3.172345118038102053e+06
1.189917932120244314e-07,6.217881092043514363e+06
9.092834943664315571e-08,8.281856551937540062e+06
2.767336706242029730e-07,3.248441720834507141e+06
3.207626180383812754e-07,3.175755881329897325e+06
3.378389311340096646e-07,3.109254657062057406e+06
3.946625933145215951e-07,2.685167105979305692e+06
4.151798711338598439e-07,2.693844241896552965e+06
4.320534410281646885e-07,2.675252052072096616e+06
3.693787423330628630e-07,4.703535919330647215e+06
2.439831860364834641e-07,2.222812304258284159e+06
2.716843051594724885e-07,2.670554174892699346e+06
2.665715037641576391e-07,3.511387729660996236e+06
4.637619951472591683e-07,2.399147199305382371e+07
3.190409729714999478e-07,2.952415785624540411e+06
5.140314653735719947e-07,1.963643052666800329e+06
4.437440119435305072e-07,2.320353866497411393e+06
4.480188739120425662e-07,2.452767087970051449e+06
3.976080566922051851e-07,2.957708661577779334e+06
6.068035652835676475e-07,1.942681261136574671e+06
8.986360573613752737e-07,1.560209546330551617e+06
9.666696706134336288e-07,1.530279530268761097e+06
1.563349690767441199e-07,4.768155861008499749e+06
2.758267925267076508e-07,2.549793089805859141e+06
3.163110986859768494e-07,2.198054261049852241e+06
5.964274666892678933e-07,1.439727475534362718e+06
4.783598404977884040e-07,1.894742926808339776e+06
4.130345243092023227e-07,2.204242606823420152e+06
5.038704702577481908e-07,1.850853455123388674e+06
6.686774935972187256e-07,1.452227798539923504e+06
4.323499916976264971e-07,2.700000875648451038e+06
6.224128207342935883e-07,1.888875151608219370e+06
9.444809745477931844e-07,1.485865099864439340e+06
1.514839196636151945e-07,6.809170458129975945e+06
1.642160456384661162e-07,4.554522013535810634e+06
3.256944603076425045e-07,2.298746482136050705e+06
3.264702670489400286e-07,2.516081104091981892e+06
4.600183497799888657e-07,1.903367747512534261e+06
3.178262060374058049e-07,2.752932038286167197e+06
5.038704702577481908e-07,1.850853455123388674e+06
3.674647101402952008e-07,2.798135362863013055e+06
3.968474973676654864e-07,2.510658841578063555e+06
3.879655463943389304e-07,2.630570983533556573e+06
1.736969762486654897e-07,4.943047556970584206e+06
1.417752535647686692e-07,6.836236902422569692e+07
2.909146690312320619e-07,2.154852700937580317e+06
1.948829462502617620e-07,5.247279089352327399e+06
2.997452188575842630e-07,3.333342961660831235e+06
3.833713347248471669e-07,2.727562820862309076e+06
3.879655463943389304e-07,2.630570983533556573e+06
3.674647101402952008e-07,2.798135362863013055e+06
2.773482457703301617e-07,3.969933336827319581e+06
4.468936753588237403e-07,2.717313532277156133e+06
3.863460705705911981e-07,3.276697330644852482e+06
1.484993007515839161e-07,6.711524149119818211e+07
2.909146690312320619e-07,2.154852700937580317e+06
2.515348819905807861e-07,3.113295013754864689e+06
4.345149702542883108e-07,2.049432274091231404e+06
2.692553728580432216e-07,3.262923001435307786e+06
5.424089807518033129e-07,1.775593274725590367e+06
3.657281621680322616e-07,2.997108523661928251e+06
4.634858556645322099e-07,2.485138043711731676e+06
3.674445256916162880e-07,3.119657979431484360e+06
5.662609786327750008e-07,2.332648345437872224e+06
5.551396503134629991e-07,2.502138296459924895e+06
1.070737114295355867e-06,1.549463895790041657e+06
4.383068586298893243e-07,1.783983733025155030e+06
6.168679126664495863e-07,1.324525899597080424e+06
2.726594458206352774e-07,3.088693706097412854e+06
4.345149702542883108e-07,2.049432274091231404e+06
5.424089807518033129e-07,1.775593274725590367e+06
7.572723467945779876e-07,1.355042387240203563e+06
4.595517523143221857e-07,2.168895948346685153e+06
7.047469489929561314e-07,1.531864987615879159e+06
3.789766656083259289e-07,2.893253979702521116e+06
4.026147964911340122e-07,2.825496556582042947e+06
5.183574118765775320e-07,2.145660100097089075e+06
3.213263586106208667e-07,3.807421515006617643e+06
2.991354879350559275e-07,1.906648560527822468e+06
4.201345740356548589e-07,1.391315392359181773e+06
2.773627381821553578e-07,3.106089654807723593e+06
4.058347306348820915e-07,2.093576642311044736e+06
2.418075220611478679e-07,3.923485084043084178e+06
4.698312231027388580e-07,2.025240237345387228e+06
3.913551018804029701e-07,2.423079074039553758e+06
5.181176048577692757e-07,2.065726486919370247e+06
3.818774238111116015e-07,3.123061011400965508e+06
4.631834830150562531e-07,2.785733156863381620e+06
7.294244575065176002e-07,2.149992190312494989e+06
7.389670194772798964e-08,3.078453351702928543e+07
2.005469468640189143e-07,6.211266727038504556e+06
3.913551018804029701e-07,2.423079074039553758e+06
3.037811709570196396e-07,3.311164883628114127e+06
3.474021922539416004e-07,2.895930161335890181e+06
3.010722570710446404e-07,3.588566318784616422e+06
4.390313322819351239e-07,2.428766011497400701e+06
3.223210123777783442e-07,3.463751034924784210e+06
4.019468893993884360e-07,2.817426028253420722e+06
2.521132532957946456e-07,4.640126310721674934e+06
3.072718164718277863e-07,3.711932863807829097e+06
4.070304757444858332e-07,2.994606791917896830e+06
3.692152275611692444e-07,3.342960560027569998e+06
7.253237006725858110e-08,1.675839848646252230e+07
1.798693584172362892e-07,4.341752996747151017e+06
3.737854917884148950e-07,1.684692812840786530e+06
4.675567584295453148e-07,1.441579750188030768e+06
4.089579289995960005e-07,1.745562783905839315e+06
3.743796329608582768e-07,2.255495648263732903e+06
4.390313322819351239e-07,2.428766011497400701e+06
5.759052169392189677e-07,1.791522420030946378e+06
4.019468893993884360e-07,2.817426028253420722e+06
3.369270465488130992e-07,3.467884145209515933e+06
3.603723848202281223e-07,2.998125433122934774e+07
4.562936029697328248e-07,2.520890528240090236e+06
4.372873697658751788e-07,1.262726299116136506e+06
5.755220984668555975e-07,1.249993811837035231e+06
5.389941424993595666e-07,1.190308041413735831e+06
4.675567584295453148e-07,1.441579750188030768e+06
4.089579289995960005e-07,1.745562783905839315e+06
5.365365527822587478e-07,1.935816914641692536e+06
6.279752522766938713e-07,1.840011920738981105e+06
6.212247533798812370e-07,1.855960290943109663e+06
6.530431292192630526e-07,1.784045514409357216e+06
6.167119259105113065e-07,1.904485346348773921e+06
5.565548035951209512e-07,2.202641457098901272e+06
3.075341125567270577e-07,2.282788382244907785e+06
5.130621540029400991e-07,1.503137133930857293e+06
7.070685070155436651e-07,1.124079455418082885e+06
7.117922198500953410e-07,1.366690350033504190e+06
5.143533785597796910e-07,1.883440870960677974e+06
4.897711315163540879e-07,2.001096178821003763e+06
5.131192837026274597e-07,2.119240079330045730e+06
8.540790409104548506e-07,1.236351290118565084e+06
6.486330328063728171e-07,1.692897192066774704e+06
6.530431292192630526e-07,1.784045514409357216e+06
6.167119259105113065e-07,1.904485346348773921e+06
8.031169227644120425e-07,1.710405865069048479e+06
4.697803657375489253e-07,5.231184168735641055e+06
3.295103657320089347e-07,1.990731591885068920e+06
7.117922198500953410e-07,1.366690350033504190e+06
1.094613698937874055e-06,8.935497348522011889e+05
1.035297842268606079e-06,9.415986062659800518e+05
1.039238106076546254e-06,9.493078959302799776e+05
1.030111412837012750e-06,9.511353187528779963e+05
1.005148645534759513e-06,1.013392559287757264e+06
1.023482002533929508e-06,1.041464473277062527e+06
8.540790409104548506e-07,1.236351290118565084e+06
9.254248452532904694e-07,1.337047741519740550e+06
3.773713127200870523e-07,1.070650903804910835e+06
1.156738644830169234e-06,6.865258160439152271e+05
7.478427090023117497e-07,1.183874264526612358e+06
8.673744715704443801e-07,1.071173061420134036e+06
1.039238106076546254e-06,9.493078959302799776e+05
1.131963803947167287e-06,8.633036494793532183e+05
1.035297842268606079e-06,9.415986062659800518e+05
1.041243777712502901e-06,9.500626650027635042e+05
1.094613698937874055e-06,8.935497348522011889e+05
1.005148645534759513e-06,1.013392559287757264e+06
2.892475247727972237e-08,8.015648402145244181e+07
3.217931110003025965e-08,1.590320063159313798e+07
1.734444513980772909e-07,2.885972854894527700e+06
1.280491649070751921e-07,5.904583583646721207e+06
3.161340900508995061e-07,2.983592110649849288e+06
3.878763415823747150e-07,2.590854626607085578e+06
2.140471146653445926e-07,5.680237601870147511e+06
3.916387177249737357e-07,3.171004068367956206e+06
3.695892148695361480e-07,3.382053559346061200e+06
3.012853474270573119e-07,4.634430085120015778e+06
3.332637800020310873e-07,4.060872190978864674e+06
5.002784094231912422e-07,2.962207277124933898e+06
6.978049163560273835e-07,2.245265278908160049e+06
1.290200821659875471e-07,6.041940632135006599e+06
4.055511583959236280e-07,2.262309402683226857e+06
4.459785633643835178e-07,2.104858037989648059e+06
2.844384235504099714e-07,3.479214255458345637e+06
4.668170901555683204e-07,2.119705209602944087e+06
5.251744865509617433e-07,1.854993873691547895e+06
6.068827678435449953e-07,1.630556483662460465e+06
4.420522970617272998e-07,2.294489179408462718e+06
6.948510270497264702e-07,1.516834630086483201e+06
6.008022541163357968e-07,2.078232218835114036e+06
6.985052341104303278e-07,1.757870189876928227e+06
6.737505660341680879e-07,2.041464719448497985e+06
1.136282475552962046e-06,1.379528660442744149e+06
3.569936457466773932e-07,1.742408271223945543e+06
5.198063370827538427e-07,1.425440962538694264e+06
6.031745967801372132e-07,1.508020108778893482e+06
2.248967366014984517e-07,4.104534918313200586e+06
7.139863289025504748e-07,1.408899180596389342e+06
5.841099749580761267e-07,1.771019788550968748e+06
4.638972977019253046e-07,2.459499716426053550e+06
7.950002899011272253e-07,1.476826129646503599e+06
6.361466351078133295e-07,1.866447707085959380e+06
6.633599835123357894e-07,1.950673721926243510e+06
5.729689869904796734e-07,2.310444141067373566e+06
1.137622499849353293e-06,1.377959348012164002e+06
1.214832101760343021e-06,1.292459477939270902e+06
3.284398365066036118e-07,1.642642576703342609e+06
2.171883055701689725e-07,2.766558366402107477e+07
2.663575717802834034e-07,3.242196267508887220e+06
4.816765234146506287e-07,1.797322735303999623e+06
6.031745967801372132e-07,1.508020108778893482e+06
3.473439602289939846e-07,2.788719624502146151e+06
4.074248580056370289e-07,2.487092374591935426e+06
4.576411469667949771e-07,2.397218997298129369e+06
4.572934749634125110e-07,2.404495367347211577e+06
6.506884261358509754e-07,1.836412372107167495e+06
1.249095461614527254e-06,1.184147083559202496e+06
3.284398365066036118e-07,1.642642576703342609e+06
4.390172065102299355e-07,1.380103220561860828e+06
6.312016583643886703e-07,1.266989586909581907e+06
2.575990563674093229e-07,3.474045066576170269e+06
3.473439602289939846e-07,2.788719624502146151e+06
4.074248580056370289e-07,2.487092374591935426e+06
7.091751895146883670e-07,1.599159307483099168e+06
4.745416581104689702e-07,2.473686354943630286e+06
5.393676570698324295e-07,2.248491014550213702e+06
4.610997441872634112e-07,2.664221673726735637e+06
7.889332074265487962e-07,1.878034626208671601e+06
1.137682947915867718e-06,1.461126186085717753e+06
4.151811357040227141e-08,1.876748892835121974e+07
4.766997616065603533e-07,2.785069530184256844e+06
2.457371426292592787e-07,3.370264280937016010e+06
6.049384602582652041e-07,1.423486293842156418e+06
3.855154191900005339e-07,2.378218425359395333e+06
5.911422337087057289e-07,1.824444327868902357e+06
4.378013648740647737e-07,2.623649670161242131e+06
5.393676570698324295e-07,2.248491014550213702e+06
6.741851621205503679e-07,1.765467254165711114e+06
1.256203911709448259e-07,1.050508393747264892e+07
9.227722364230311851e-07,1.606584078944395296e+06
1.157182560638149923e-06,1.353624182731776731e+06
2.229426441388275806e-07,4.058723277529793978e+07
4.529149960616800672e-08,2.286179825329365581e+07
3.495917930831443188e-07,2.956031331087356899e+06
1.916918345956296247e-07,5.781944440917337313e+06
3.609182001165597941e-07,2.965172293694437947e+06
1.062109426333583500e-07,8.823243576360922307e+06
3.187105453822272089e-07,3.828311793156613130e+06
4.111148504393595872e-07,3.272556051146386191e+06
3.684674549226256010e-07,3.397403205443524756e+06
2.647364779894268674e-07,4.991847075080636889e+06
4.741153099230113691e-07,3.130739174126643687e+06
3.867846340584198108e-07,4.004026863522481639e+06
8.598260544869859990e-07,1.939305481267879251e+06
3.953667404652758389e-07,1.280872171462618047e+06
1.616703196189714010e-07,6.264187651423037797e+07
3.056117483086782179e-07,8.069609413045923226e+06
4.255337452715042935e-07,1.774060346103564836e+06
4.889551230358909526e-07,1.837383025665418711e+06
7.031599404405404052e-07,1.364167617993382504e+06
6.623314159817040126e-07,1.601839172285294393e+06
8.397126091443418068e-07,1.211180930841837777e+06
1.248826358286487418e-06,1.069037447511109756e+06
6.795631839905968631e-07,2.031632780364271719e+06
1.315137211020438591e-06,1.124129855829773238e+06
4.929540099157450154e-07,1.421496967588141328e+06
6.946134665399726220e-07,1.178274067773126997e+06
1.039733303564286544e-06,8.497135666783862980e+05
7.922256578565369905e-07,1.136612194843081990e+06
4.447122229604593708e-07,1.970355524862849619e+06
1.107925600520054217e-06,8.153814984861265402e+05
7.846718777510347104e-07,1.161237061876320047e+06
9.729622549194109819e-07,9.579339994786945172e+05
9.463132082146392059e-07,9.769208370680083754e+05
8.397126091443418068e-07,1.211180930841837777e+06
1.231614908704771929e-06,1.205494479419003241e+06
1.696776047170342069e-07,5.484614655943547189e+07
2.828255920956026995e-07,2.663292771391295362e+06
4.152151960556544311e-07,1.980793472986889072e+06
4.407597697959509246e-07,1.990256843550051795e+06
5.902209448887490389e-07,1.609289809425786370e+06
6.284842101207962940e-08,1.256230879888792336e+07
9.230134210776536246e-07,1.222351989633936901e+06
8.553183290105726506e-07,1.389070610829766607e+06
8.133811802237011239e-07,1.432477186800258700e+06
1.291465768450854420e-07,1.220260821749177389e+07
1.528420454293001749e-06,1.026409506641434622e+06
1.140234446702191499e-06,1.552267174416334368e+06
1.069556079960847117e-07,6.934221593255942687e+06
2.648941154379367163e-07,3.536349475619202014e+06
2.400081329636703270e-07,3.947419884316773620e+06
2.576844988791826384e-07,3.639732150172498077e+06
6.284842101207962940e-08,1.256230879888792336e+07
3.340433008080705419e-07,3.136845508108683396e+06
3.820192240220851331e-07,2.670949027321745642e+06
3.215999455278259144e-07,3.325319644948712084e+06
1.999314941961618033e-07,5.474956914139308035e+06
3.590665306580145912e-07,2.976007711777017452e+06
3.729815063690022858e-07,2.842561286260502879e+06
4.817530665143474037e-07,2.783307448204267770e+06
2.089944198817733780e-07,2.482426324501678813e+06
1.720180812543692895e-07,4.124848017586358823e+06
3.525809616648159803e-07,2.691825940333108883e+06
7.129311325379469676e-08,1.334430793462212011e+07
2.099252457988917610e-07,5.009378323237323202e+06
3.590665306580145912e-07,2.976007711777017452e+06
3.730228014895122886e-07,2.884798459489272442e+06
2.360364525837033562e-07,4.606033034465800971e+06
3.589805775362164615e-07,3.102584729782004375e+06
4.531646292763281135e-07,2.553668993162270635e+06
3.883178936371625408e-07,3.250941486787730362e+06
4.955413170280861454e-07,2.701828843559020199e+06
1.001079482886332485e-07,6.007454785835157149e+06
2.166489650297200059e-07,2.970045812254996039e+06
1.620969642742924565e-07,4.509935045586696826e+06
8.014992256411589075e-08,1.083060047238497436e+07
2.809587685858888517e-07,3.836291364269054029e+06
1.687491883123157300e-07,6.490605660901962779e+06
2.242555952855025992e-07,4.850521158559992909e+06
2.538704998399802264e-07,4.818554679539557546e+06
2.849593460783008261e-07,4.648566725462437607e+06
3.020368113061582019e-07,4.364793361731260084e+06
4.431969710058695897e-07,3.172970495937767904e+06
5.578235184074596452e-07,2.975475001582061872e+06
1.001079482886332485e-07,6.007454785835157149e+06
2.166489650297200059e-07,2.970045812254996039e+06
1.326471298981216878e-07,5.726945211800783873e+06
2.857951562880997109e-07,3.020445325189292431e+06
3.349436189727556145e-07,2.835977053304086905e+06
3.372326196537604970e-07,2.467220624554619659e+06
7.234200802669171557e-07,2.710002367655145470e+06
8.573691784926986735e-07,1.462716672643872909e+06
6.236261623842642064e-07,2.165020663880002219e+06
9.094078752043503078e-07,1.726193973484523362e+06
1.570953458487011988e-06,1.056717808807949070e+06
1.326471298981216878e-07,5.726945211800783873e+06
4.191655653847285782e-07,1.973833472931917058e+06
7.788843018563514561e-07,1.221705639693627832e+06
8.771795073162190337e-07,1.171740439140564995e+06
9.218849954247663844e-07,1.113279209470303264e+06
1.006833768117556454e-06,1.048481519667264889e+06
6.921035512085654261e-07,1.533993113257004879e+06
7.045547247511782284e-07,1.574561949510532431e+06
7.123834619526421651e-07,1.624242451864831848e+06
6.931245907022340705e-07,1.679198038523738040e+06
8.032833583490272139e-07,1.645356669444704894e+06
8.931397418995746418e-07,1.464267395086635603e+06
1.569608012180127088e-06,1.057747420208502095e+06
4.729079394556558209e-07,3.263558639082639012e+06
7.539832100899031009e-07,7.456320971281626262e+05
8.662573846535720672e-07,1.023557024759336957e+06
9.092434365886390131e-07,1.038700038811379345e+06
9.384758592743218739e-07,1.001913205437883618e+06
1.089244920147878385e-06,9.080667336909389123e+05
1.153112812991606559e-06,8.512451353037881199e+05
6.921035512085654261e-07,1.533993113257004879e+06
8.869792964529964026e-07,1.211573336015825858e+06
7.045547247511782284e-07,1.574561949510532431e+06
1.219680461448322368e-06,1.037023405086428509e+06
1.797127105976360564e-07,3.371999646995333955e+06
3.099685785399303978e-07,2.551980483197163325e+06
6.783228178713994413e-07,3.198600085203725379e+06
4.718687658013348542e-07,1.746481889781313483e+06
6.658182437060296438e-07,1.305737913760325406e+06
8.240850387881247863e-07,1.067969510460240534e+06
9.627445287697213561e-07,9.048133126684431918e+05
8.284721073482508461e-07,1.165475069482596591e+06
8.628774766503199851e-07,1.448787523576790467e+06
8.779308223968654202e-07,1.494515276984909782e+06
1.616060418998568691e-06,9.689003536481371848e+05
2.716944356253013877e-07,2.294945360935666133e+06
3.294017779918893576e-07,2.381041889220287092e+06
4.639613424665590131e-07,1.847636040160973324e+06
4.911885726974466123e-07,1.901682319107042858e+06
4.442929036900514963e-07,2.354548822890593670e+06
1.513382516422084019e-07,7.174528338395813480e+06
5.452715686384043732e-07,1.918896295236960752e+06
6.502334208251214074e-07,1.894760840518612880e+06
6.704431619360820953e-07,1.856909377323299879e+06
5.764663428334138138e-07,2.187659153188267723e+06
5.963915383089685315e-07,2.180871407770135906e+06
1.075509295815173772e-06,1.377446065738800913e+06
1.168269868383322712e-06,1.341197907318829326e+06
5.257467617578751155e-07,9.314580899369852850e+05
4.912694044474015716e-07,1.079467379814063897e+06
2.716944356253013877e-07,2.294945360935666133e+06
9.378102775812898633e-07,1.105302769436730770e+06
1.086181239488827052e-06,9.293388531763671199e+05
7.161054072221695817e-07,1.491963904451794690e+06
1.157832287096773590e-06,1.019989260917163920e+06
1.206103946847905074e-06,1.030463282272493234e+06
1.006804463541847220e-06,1.300013613264959771e+06
1.042028862198301235e-06,1.212979182190765860e+06
2.118760889656392774e-06,6.977765317718584556e+05
1.933095286555292584e-06,8.106417503386622993e+05
6.666823208030247515e-07,5.885451007114307955e+06
7.059136308243059797e-07,9.768196031300264876e+05
1.163804164191902775e-06,7.593456865466646850e+05
1.402926483407917704e-06,6.703668699172416236e+05
1.334260172506984820e-06,7.018882984049270162e+05
1.334644535660651584e-06,7.372192066341073951e+05
1.246858076068479482e-06,7.903746352880591294e+05
1.492906338448216639e-06,6.576276397744570859e+05
1.499013764778518698e-06,6.557673913903655484e+05
9.764154391501985057e-07,1.057889061507525388e+06
1.069031994839622962e-06,9.920349852762890514e+05
1.801100200770096242e-07,7.750954507975225337e+06
2.299380277666265673e-07,2.029072377394463168e+06
5.101272848581186733e-07,1.964835184989161789e+06
6.307004456181011993e-07,1.662631146981369937e+06
9.932987121897788638e-07,1.254434756047136150e+06
1.157738392170787127e-06,1.063572360277775908e+06
7.550263400474365084e-07,1.747080072561317822e+06
1.019968714167285395e-06,1.292475869019899284e+06
8.480282034105737014e-07,1.615466176317605656e+06
1.816970467514383465e-06,9.147010506561861839e+05
1.447825454396681982e-06,1.146768798465556698e+06
1.047428785972365067e-07,1.890487589684642851e+07
2.134657766637318364e-07,2.468138290728910360e+06
2.145497345690214212e-07,3.357286262910779566e+06
4.146731590700518131e-07,4.402157777675189078e+06
2.495293793285943176e-07,4.280473140333057195e+07
1.238052216149992267e-07,5.745565200787031092e+06
3.811707564407150614e-07,2.340702019932279363e+06
5.797200252390282942e-07,1.713278724320206093e+06
7.047387981220755830e-07,1.478616868284896249e+06
6.963645456897753972e-07,1.680881227759431116e+06
5.220385273441162785e-07,2.783288221867657732e+06
1.025004144468243973e-06,1.623550694932548795e+06
2.970492148049371938e-07,1.772525578543597134e+06
3.427979774517587154e-07,1.607304036964487284e+06
8.385694526380441325e-07,9.926743520902858581e+05
7.783872624552822122e-07,1.301898551851762692e+06
6.519131623127274768e-07,1.563913680867625400e+06
7.430162914061163368e-07,1.374834242106296821e+06
5.660979668612243493e-07,1.840918560621689074e+06
7.047387981220755830e-07,1.478616868284896249e+06
6.313593033865151857e-07,1.693147030001347186e+06
5.165083600682256360e-07,2.123330854979946278e+06
5.068338230256329546e-07,2.231527102994339075e+06
3.427979774517587154e-07,1.607304036964487284e+06
3.117470828487814071e-07,2.237830494085136335e+06
2.672241377822934831e-07,2.441538648263842333e+06
4.613813546389177008e-07,1.588979312996997265e+06
3.215556239558448443e-07,2.429867461569950916e+06
6.519131623127274768e-07,1.563913680867625400e+06
5.172690010270315757e-07,1.999893715358624700e+06
6.313593033865151857e-07,1.693147030001347186e+06
6.086777394085182983e-07,2.044288927309668157e+06
5.367126979150914978e-07,2.462476418490858283e+06
1.078454172547966914e-06,1.451716271310402313e+06
2.785554831053281238e-07,2.707720206739175133e+06
2.672241377822934831e-07,2.441538648263842333e+06
3.142024501352474327e-07,2.462808509973552544e+06
4.402275653299204712e-07,1.511435047436526278e+06
5.877213491946954408e-07,1.292660487042896682e+06
5.400724932605787628e-07,1.670599143863285426e+06
8.353461673806602509e-07,1.277450418481925502e+06
7.597545630395872949e-07,1.491753716291345423e+06
6.186530409048860524e-07,1.857572838415679056e+06
6.080227517389349080e-07,1.960716824704801431e+06
6.999369907369596323e-07,1.819076843400421785e+06
4.657319644381861904e-07,1.308866832687261049e+06
5.498580233563860455e-07,1.238345736510048853e+06
3.068057856816971870e-07,2.580686813631322701e+06
7.682184283900914365e-07,1.141454135693096323e+06
7.557718439598066615e-07,1.212974991581644164e+06
5.829412826131970042e-07,1.720455408382668393e+06
5.232309654661657611e-07,1.964759780258983374e+06
4.951399078434969607e-07,2.066861629872506484e+06
6.543795948152065546e-07,1.591331875610832823e+06
8.353461673806602509e-07,1.277450418481925502e+06
7.597545630395872949e-07,1.491753716291345423e+06
3.128970034078009256e-07,1.574807000601520063e+06
4.223769110079209416e-07,1.459490098571578041e+06
6.075571272696538151e-07,1.524328662237208104e+06
8.006039950876062837e-07,1.132944829416773748e+06
7.557718439598066615e-07,1.212974991581644164e+06
5.829412826131970042e-07,1.720455408382668393e+06
4.951399078434969607e-07,2.066861629872506484e+06
7.324092259032186275e-07,1.369546206791151781e+06
6.838594451332461000e-07,1.743287943090156652e+06
7.754010078264624031e-07,1.597188877681534970e+06
1.307879805840862011e-06,1.198206039369711187e+06
2.209149071628785827e-07,1.628040326489357837e+07
3.334607766689041208e-07,1.575232204548518872e+06
3.205302127760359694e-07,1.701283916738739703e+06
2.480451172584503684e-07,2.621376541574413888e+06
2.701123780659646744e-07,2.462936528645408340e+06
6.075571272696538151e-07,1.524328662237208104e+06
7.324092259032186275e-07,1.369546206791151781e+06
7.191078878953595087e-07,1.727868809032637160e+06
7.754010078264624031e-07,1.597188877681534970e+06
1.307879805840862011e-06,1.198206039369711187e+06
1.387332847598127737e-07,3.893836930394961964e+06
3.205302127760359694e-07,1.701283916738739703e+06
2.837161351998616699e-07,1.939746879270755220e+06
2.701123780659646744e-07,2.462936528645408340e+06
2.656223101041889509e-07,2.780291430120068602e+06
1.970108263893152623e-07,3.896124166617474053e+06
3.591526580849153609e-07,3.008981822688879445e+06
5.488905556454629172e-07,1.958961584673519246e+06
9.245040586723460634e-07,1.346491620219296776e+06
1.534319466172971075e-06,1.082318088154430268e+06
1.390835518670438515e-07,3.584040443179185037e+06
5.058325978269316588e-07,1.099018046509349020e+06
5.200882922011113423e-07,1.396367606873141369e+06
8.803410137572190550e-07,1.054035221261816798e+06
2.821477207859190004e-07,3.354309479183463380e+06
1.212688119196450705e-06,8.018986691791062476e+05
1.136843983114172898e-06,8.624953336413946236e+05
1.000204606432694660e-06,1.058583737766355975e+06
1.064070666109548471e-06,1.008578913812759682e+06
1.108581347213776565e-06,9.606009642715801019e+05
1.209042338309107406e-07,8.216226122753417492e+07
3.131061892519112203e-07,1.766169278817099053e+06
4.381440173533944718e-07,1.862265206761490088e+06
4.870450659719038700e-07,1.717157251300374977e+06
1.877593618829999447e-07,5.453573889852268621e+06
9.710370970754315625e-07,1.211060861125717638e+06
6.510155377322372443e-07,1.867200288633358432e+06
7.932844620204142946e-07,1.724238997688578907e+06
8.840444513588514569e-07,1.559271983412999893e+06
7.430618929715386035e-07,2.078469417895143852e+06
1.373582568056368924e-06,1.140051178629547590e+06
1.637234540389436852e-06,9.570863280285219662e+05
1.209042338309107406e-07,8.216226122753417492e+07
3.131061892519112203e-07,1.766169278817099053e+06
1.750881175455198040e-07,4.212604613530743867e+06
1.567790198205526525e-07,5.525039236457453109e+06
3.872642097770765589e-07,2.466067546493101399e+06
4.189351850128966275e-07,2.602838792599632870e+06
4.411041064854378820e-07,2.550181255768872797e+06
4.505364878887180573e-07,2.904277859661874827e+06
3.833543886516956989e-07,3.430672014404439833e+06
4.236598048630382703e-07,3.059315856838858686e+06
7.255853379445022462e-07,1.928831278799115447e+06
2.298291897213312298e-07,4.776411187467751652e+07
4.968527908417996747e-07,1.879021210470532626e+07
5.107801723258461769e-07,1.732791466027565533e+06
6.189726133911598074e-07,1.933539870313902153e+06
5.535359713034312511e-07,1.680449915474589681e+06
6.319785133089317931e-07,1.513475166145035299e+06
4.921353580877150867e-07,2.046855210044251056e+06
8.182922890801751052e-07,1.234276270836843178e+06
8.044154971335980300e-07,1.377711567272390472e+06
1.086612375686960872e-06,1.160144902112729382e+06
1.078172015788443813e-06,1.239634150635890197e+06
9.435806097212200152e-08,2.207908439829749241e+07
5.230631939511270648e-07,1.189297956137211528e+06
3.888701027501152920e-07,1.522596909968820168e+06
5.264025431209564789e-07,1.774499928854333237e+07
3.545589254353694139e-07,1.962421023760779761e+06
8.421221422152210273e-07,1.147247113347341074e+06
1.081495813157312119e-06,9.713046635659277672e+05
6.300210696231021979e-07,1.720299801810849924e+06
7.316998362379954609e-07,1.535677589312364347e+06
6.731992893328893825e-07,1.659627612301777117e+06
8.044154971335980300e-07,1.377711567272390472e+06
1.045596248621538312e-06,1.217134178890594281e+06
2.626088358457756885e-07,4.435460012032980099e+06
3.888701027501152920e-07,1.522596909968820168e+06
1.435109053426374730e-07,4.411124322140570730e+06
4.440906983758125763e-07,1.912406014433976728e+06
4.408784255721727862e-07,1.997722012470680289e+06
7.347064145937427867e-07,1.170314984868108761e+06
6.085224278224235845e-07,1.440871665570311248e+06
3.770981319383366453e-07,2.373693493651269004e+06
5.256210436255812547e-07,1.843137373289691517e+06
5.097624683441680013e-07,2.861356166219674051e+06
1.991729142801909933e-07,4.619939591667240113e+07
2.626088358457756885e-07,4.435460012032980099e+06
1.591005044103781361e-07,4.934089257435165346e+06
6.186109012393506969e-07,1.393528629099061247e+06
5.527560245108946563e-07,1.605992339250288904e+06
6.924863440966292555e-07,1.352963401731861522e+06
5.256210436255812547e-07,1.843137373289691517e+06
5.864779813903832741e-07,1.821149360994128743e+06
4.866566432214860828e-07,2.326436107534888200e+06
9.113018618490629033e-07,1.463501332775456598e+06
3.245154479022507055e-07,2.376814440378183965e+06
1.688477244864472188e-07,9.488054925401847810e+06
1.543940826367184573e-07,5.174063308315894566e+06
3.836605070951995899e-07,2.093896429396180669e+06
4.322250988061937357e-07,1.917239459495698567e+06
4.234134782313835877e-07,2.655267891808605567e+07
3.033364759708247344e-07,2.876543625774880871e+06
5.520675492761713825e-07,1.766685607470749412e+06
4.941188599478911426e-07,2.346968338495625649e+06
8.888941826831940547e-07,1.356887243414975703e+06
9.545457404044985058e-07,1.468787538844757015e+06
3.312593996261614366e-07,2.623988120124794077e+06
1.305405390737024008e-07,4.472345071067684144e+07
2.503587113768696372e-07,1.356404592252813838e+07
2.861730996735435989e-07,2.270657662046706304e+06
3.122273759964081515e-07,2.477556594790206756e+06
4.138444563227163464e-07,2.172734465040788986e+06
4.534427849617595398e-07,2.466432506393672898e+06
7.388031021426512019e-07,1.877279781384533970e+06
6.049908406837067270e-07,2.410204436132426374e+06
1.177148101466133265e-06,1.410026056467458606e+06
1.592119179681449419e-06,1.116530244527129456e+06
3.448364315822894975e-07,2.302486777342098951e+07
1.214871799555600343e-06,7.338081498505078489e+05
1.850099507626490649e-06,5.100072162354749162e+05
9.155949772675197491e-07,1.012531202311333385e+06
1.439620920711958746e-06,6.701476838067888748e+05
1.823107603878450363e-06,5.619836539509046124e+05
1.156349211580071189e-06,9.506091822762206430e+05
1.388831091979926874e-06,8.865826259348017629e+05
6.587989893407519133e-07,1.968058421583290910e+06
2.228488815186517192e-06,7.037435683717406355e+05
7.248551759763424669e-08,2.334568878123647720e+07
5.306749849469982409e-07,1.065378752356391400e+06
9.447965059179834617e-07,8.362216946445889771e+05
9.118601646735556498e-07,1.005743019143305370e+06
9.317133081994783820e-07,9.801898733405143721e+05
1.474408335871912926e-06,6.262912574689004105e+05
6.189501906372329129e-07,1.837647571140143648e+07
1.625002640045855347e-06,6.256347773269441677e+05
1.294939307164011044e-06,8.171400974899198627e+05
1.528898974504961838e-06,8.121868212051077280e+05
2.026702393186948756e-06,6.274860679098186083e+05
1.331355575051602697e-06,9.889719475455241045e+05
2.626693563847883612e-06,5.964282258408931084e+05
2.490567624302844670e-07,2.348042898823476862e+06
2.958681445003169566e-07,1.820293016381617868e+06
1.734551364797010731e-07,3.449315688419174403e+06
3.703324111536265963e-07,2.206190308437775355e+06
4.219915075631385750e-07,2.651262375272900984e+07
5.927955153836092549e-07,1.952306068635679316e+06
5.824180912920320856e-07,2.254528841478837188e+06
1.308730847890360425e-06,1.021059896600176231e+06
5.981308915175120102e-07,2.324914084427152760e+06
1.272692196283226610e-06,1.106644898726737360e+06
1.197671651677584599e-06,1.315833982664132956e+06
1.274931820515826422e-06,1.306946104885440320e+06
2.958681445003169566e-07,1.820293016381617868e+06
1.734551364797010731e-07,3.449315688419174403e+06
2.078477551376626342e-07,3.494957684947763104e+06
3.211610212426902883e-07,2.609916376953189727e+06
3.063807408224432686e-07,3.357633699469278101e+06
3.858834068218155378e-07,2.805801655197624583e+06
4.691575940379129376e-07,2.389668294116761070e+06
4.387861273443999501e-07,2.567637273380061612e+06
5.240354091612589746e-07,2.397799611430899706e+06
5.427378617930572793e-07,2.700585370923091657e+06
7.020528748668914887e-07,2.113680037026123144e+06
1.031788501820133211e-06,1.431356700684269890e+06
5.165331629068223187e-07,1.084849636655462207e+06
5.237230160359325297e-07,1.339926867745061638e+06
3.043829652959079810e-07,3.065413291779538244e+07
4.185141521268580401e-07,2.375596157614409924e+06
8.687044900295787332e-07,1.220118425669253338e+06
5.972983281155412808e-07,1.803422129558396526e+06
7.715376213101076937e-07,1.402209413644651184e+06
6.848589909147814963e-07,1.606656522077404661e+06
4.399984743454988026e-07,2.663639811060579494e+06
5.566795798989504957e-07,2.148049889660758432e+06
7.208550482486775912e-07,1.668324838055238128e+06
1.025856029112450662e-06,1.440456409606131027e+06
5.165331629068223187e-07,1.084849636655462207e+06
9.797716133098588061e-07,8.259170676732889842e+05
2.973131483347215773e-07,2.928516108382627368e+06
3.390383231106910086e-07,2.856850799131650943e+06
4.268769463452614893e-07,2.514473307863271330e+06
5.918347730690492018e-07,1.784890938306713244e+06
5.442782474077177154e-07,1.971127918303887360e+06
5.972983281155412808e-07,1.803422129558396526e+06
6.848589909147814963e-07,1.606656522077404661e+06
4.761396571074027723e-07,2.320244157318434212e+06
5.230555840053303205e-07,2.170679120037253946e+06
6.368912856140216315e-07,1.813221217908584280e+06
2.970476326261281998e-07,2.534892422969781794e+06
4.338989366710854561e-07,5.402087651876665652e+06
2.998193107584713967e-07,2.799646932770900428e+06
6.272903186379768941e-07,1.533355751356884837e+06
4.824853169280159975e-07,2.036753975850093178e+06
5.077079486170401615e-07,1.984660217941751704e+06
4.745664879221767958e-07,2.070465877359365113e+06
6.428560436115074092e-07,1.641506982658990193e+06
4.276550900672210467e-07,2.628388654093481135e+06
5.230555840053303205e-07,2.170679120037253946e+06
4.364305073619424034e-07,2.564084396696459036e+06
6.368912856140216315e-07,1.813221217908584280e+06
4.692300718717863930e-07,2.402244576788897440e+07
2.866808597613480102e-07,2.726379283381557092e+06
6.020148848480626322e-07,1.362057344943296397e+06
3.750988308740403361e-07,3.028340309739483893e+07
4.577235408958329790e-07,2.046885910445729038e+06
4.824853169280159975e-07,2.036753975850093178e+06
4.745664879221767958e-07,2.070465877359365113e+06
4.276550900672210467e-07,2.628388654093481135e+06
5.276950889028098713e-07,2.107003958799191751e+06
4.364305073619424034e-07,2.564084396696459036e+06
8.181362313228226581e-07,1.545370685032785870e+06
1.207034551197501052e-07,1.730604645679743215e+07
5.267026139620338964e-07,1.530344899704908254e+06
5.852485253007753372e-07,1.439617489564407384e+06
4.205609912178983226e-07,2.057971338304202072e+06
4.436624340727153221e-07,2.059830103732228978e+06
2.490845550547294561e-07,3.895368313272562809e+06
5.439705294966290023e-07,2.017266918579981895e+06
6.611666648255859729e-07,1.592211732650026912e+06
7.815922532707950763e-07,1.357728820506228134e+06
4.558924363518611228e-07,2.467475725361344870e+06
7.876498434859110927e-07,1.494901988764325157e+06
5.893468997188630921e-07,2.160937546844913159e+06
1.107790743734039378e-06,1.340500184182756348e+06
1.269524415777257367e-06,1.234672849130508024e+06
6.031242102741413817e-08,1.544999103473727107e+08
1.398577557348755069e-07,5.358699408494879492e+06
4.126456159988375644e-07,2.021816272595185321e+06
2.695046511169278243e-07,3.698979830418520141e+06
2.924446027611549846e-07,3.638312039598612580e+06
5.220217100684305421e-07,2.227649797998500522e+06
3.421099776021955395e-07,3.447698639401291497e+06
4.078606750520799936e-07,2.805793592809376307e+06
5.150299451652429320e-07,2.491401684608415235e+06
4.414432675921578814e-07,2.893590685171217192e+06
4.063875860565221971e-07,3.330090222906637006e+06
1.874556690030856069e-07,7.751526833772361279e+06
5.430549025488508037e-07,1.010986426456708577e+06
5.598896173807744034e-07,1.056924219731705030e+06
3.626112323054890612e-07,1.719472971933822846e+06
4.620291383991826052e-07,1.397999963773387717e+06
4.540096383783939539e-07,1.594874712265182054e+06
1.230209360150336659e-06,8.494203969581680140e+05
1.575801229051703447e-06,6.646937835112251341e+05
1.647963224037925202e-06,6.729222818489919882e+05
1.545694117556069955e-06,8.472221320436083479e+05
1.390676975534182488e-06,9.992368770293099806e+05
2.745738279871635309e-06,6.045079970097184414e+05
7.346240449245305344e-07,7.034743823072850937e+05
6.003725750444064887e-07,1.118902801173026441e+06
3.913801798212873962e-07,1.899730479042432038e+06
1.572091958338463777e-06,6.280739272839144105e+05
1.230209360150336659e-06,8.494203969581680140e+05
1.915248962477558705e-06,5.350190265156412497e+05
1.189371362871119050e-06,8.500186988654441666e+05
1.057801571609122929e-06,1.015309834875290166e+06
1.887584168507598361e-06,5.673003684867274715e+05
1.704751425132188646e-06,6.200699513931985712e+05
1.575801229051703447e-06,6.646937835112251341e+05
3.259067064817843997e-07,1.317295376904364908e+06
2.722125312067389807e-07,2.153645209139203653e+06
5.124593537693764437e-07,1.299885327607835410e+06
6.668917277020655639e-07,1.253397448542100610e+06
3.095077541471358984e-07,2.693610024141706526e+06
6.153319918562155927e-07,1.768257611986434320e+06
7.636391632362429504e-07,1.434237386803117348e+06
8.638761044945587475e-07,1.517275148375094403e+06
9.114221357581195881e-07,1.501835495271589374e+06
9.458708958694026667e-07,1.637116985697851283e+06
2.134395273995822285e-06,7.813433610337234568e+05
1.577202329617793425e-06,1.052791245010236278e+06
2.722125312067389807e-07,2.153645209139203653e+06
5.124593537693764437e-07,1.299885327607835410e+06
3.095077541471358984e-07,2.693610024141706526e+06
7.254127650457367152e-07,1.356964203730730806e+06
5.705706167312138088e-07,1.803186630987596931e+06
6.260828683038668557e-07,1.618919992871623021e+06
6.092147360088085219e-07,1.719695637257172493e+06
2.005205638215959414e-07,5.474771796747276559e+06
7.359860719098185263e-07,1.443638252530261874e+06
5.091918643600426377e-07,2.114407774654227309e+06
7.604394368656847890e-07,1.543308471236309037e+06
1.148362851319672682e-06,1.157204937460049754e+06
2.271907181900890119e-07,2.715803353333243635e+06
3.385249588513495086e-07,1.830684251767616952e+06
4.482930262443168775e-07,2.534175660891929269e+07
4.884225517637264277e-07,1.747292050360382767e+06
6.958140391247018535e-07,1.174302581244323403e+06
7.211156347336292439e-07,1.271625201689380920e+06
7.612670635777000549e-07,1.331536519326667069e+06
6.999997838920438827e-07,1.469963193980782991e+06
7.156781817108246820e-07,1.727816944020282710e+06
6.072306091473237564e-07,2.387548782508752309e+06
1.174215260324392866e-06,1.334834340497623431e+06
3.039982341776298188e-07,2.848320344608649611e+06
2.370555627794122967e-07,3.756543297311147209e+06
1.740101835523345775e-07,5.098819113859687932e+06
2.065279676124968241e-07,5.563640917869762331e+07
1.377219008926298709e-07,6.541755024242058396e+06
4.081260555138300105e-07,2.290284325427458156e+06
4.097470349524684459e-07,2.788815795396434143e+06
3.550533296072453301e-07,3.249253670675840229e+06
2.997836979993737474e-07,4.110216620047343895e+06
5.383314174664207392e-07,2.533575744636357762e+06
6.339314253075645920e-07,2.370313709415962920e+06
2.497072863442403629e-07,6.560916954719772562e+06
8.808299047600967174e-07,1.886814970394767821e+06
4.041241457456961979e-07,4.596209182642563246e+06
1.682070627903143558e-07,7.203461841780818999e+07
2.194900266425163429e-07,4.104459459904112387e+06
4.322954746317743663e-07,2.211755569353196770e+06
4.139615483115186931e-07,2.444724054209864233e+06
3.056409140512508495e-07,3.411916929466173053e+06
2.687755504761491484e-07,3.953901710113581270e+06
3.569680867087194466e-07,3.029932945874522440e+06
3.093959127387606944e-07,3.382511846781847998e+06
3.594765801209053458e-07,3.062288502743143123e+06
2.435297215184364726e-07,4.618706198445043527e+06
3.413864580008513517e-07,3.441954843342899811e+06
5.358838863951411010e-07,2.616431177471222356e+06
3.071835548857493440e-07,1.660717518196284538e+06
2.936215745516911902e-07,1.765936413595497143e+06
4.462658626875997568e-07,1.655260519660943653e+06
7.092682656344432456e-07,1.454459994798699860e+06
5.367376153149834469e-07,1.930144247026860015e+06
3.808250255374808476e-07,2.861366735545092262e+06
7.246325208525215423e-07,1.547064173842053860e+06
8.178929120518687528e-07,1.410424455779944547e+06
7.158135091764935807e-07,1.819743885540423216e+06
1.130909567480115557e-06,1.175273406730739633e+06
5.993472133301207995e-07,2.312863076621145476e+06
1.228328038805507810e-06,1.275343962107717525e+06
5.000025290889524812e-07,1.246719136382166762e+06
7.875905312219552900e-07,1.154410764016235014e+06
8.387199283176880571e-07,1.117284970090691000e+06
8.075676339024743384e-07,1.211149418230258161e+06
8.534725906840976402e-07,1.158251546789309708e+06
7.983768032151896496e-07,1.224289301211406244e+06
6.777256857908882009e-07,1.501982767326675123e+06
6.419328269294885465e-07,1.601488769253964070e+06
8.660350245551495692e-07,1.227881318774843821e+06
7.246325208525215423e-07,1.547064173842053860e+06
8.178929120518687528e-07,1.410424455779944547e+06
4.918847738441768952e-07,2.453329221348350402e+06
1.419357761209353566e-07,3.442297325217995327e+06
1.111100507491176489e-07,8.705953955572502315e+07
3.297928308836036337e-07,2.655389676520551089e+06
3.069866930471506641e-07,2.620683410490805283e+06
4.721826327571342722e-07,2.103927758280053269e+06
6.592288401040492974e-07,1.876904775179107208e+06
5.408136253003352820e-07,2.408589984213547315e+06
6.094198208000216087e-07,2.145669247399865184e+06
5.014570551074924541e-07,2.619926557678825688e+06
1.123929229078824240e-06,1.394336314656683011e+06
4.650443022105316557e-07,3.521605878469166346e+06
9.351112423322671686e-07,1.775651397073718486e+06
1.357308490803273582e-07,4.145432391003735363e+07
1.755909131126048272e-07,4.026532368156047072e+06
8.455881335423154060e-08,1.160061459700243473e+08
2.291848586756994487e-07,4.156009741383936256e+06
3.315868768688750848e-07,2.818141496062378865e+06
3.396611314858407727e-07,2.766711790377944242e+06
2.963469170253099963e-07,3.107052181004552171e+06
3.410928334943206447e-07,2.863208048996780533e+06
2.899359811843777316e-07,3.634395595574308187e+06
4.194329908350649917e-07,2.753927605808171909e+06
1.632683242008833535e-07,9.040898288504298776e+06
2.200441649658798432e-07,4.216743808570099063e+06
3.119237414727852249e-07,2.641383804646297824e+06
3.396611314858407727e-07,2.766711790377944242e+06
3.875082844121653083e-07,2.463238985860698391e+06
3.219234622476117371e-07,2.943294970386440866e+06
3.410928334943206447e-07,2.863208048996780533e+06
4.196984622971330820e-07,2.424958115712461527e+06
2.899359811843777316e-07,3.634395595574308187e+06
2.349427445872015798e-07,4.853266903996471316e+06
2.873509712759709218e-07,3.911036141786244232e+06
3.271902937873231176e-07,3.950785477272158023e+06
4.634347289569269089e-07,3.031865557817688212e+06
4.177948582338044176e-07,3.520886404637223110e+06
3.535275918489030500e-07,1.901766404678292572e+06
2.908497562929813399e-07,5.654897683529480360e+06
3.165029001987525685e-07,2.192670558893173002e+06
4.257642793002452075e-07,2.110905104846501257e+06
6.793542698269977918e-07,1.333022497614807682e+06
6.967183192634369855e-07,1.342306902974921977e+06
6.280191529059940396e-07,1.625302651568625355e+06
6.179133058604239329e-07,1.663248539896863978e+06
5.797352798809158557e-07,1.965256995837042341e+06
5.703681359947971062e-07,2.295862537794073112e+06
1.043942432443871149e-06,1.500654851896917447e+06
2.390261457852392292e-07,7.844659697406017222e+06
5.602096643934576670e-07,8.433949834109175717e+05
7.666141493137567493e-07,9.470155126015470596e+05
7.311224997925813919e-07,1.040899637890046812e+06
6.727148440659159870e-07,1.323607590403452516e+06
7.102423854147401618e-07,1.292660095881486544e+06
8.254483312741146356e-07,1.122450954335019225e+06
7.464723916948816675e-07,1.312562749460220803e+06
5.127174396871757300e-07,2.097183967613171320e+06
5.516101294138117447e-07,2.241752965325243771e+06
6.607128211778421981e-07,1.838777858851827215e+06
9.436592448497096025e-07,1.492324507131859194e+06
3.315995465085029145e-07,2.076219343945079669e+07
6.249698469121675982e-07,8.266283328109619208e+06
9.479441025588433880e-07,9.004808150677550584e+05
8.996295597003426214e-07,9.786688264355196152e+05
4.428581478642396123e-07,2.362741612228927668e+06
7.814425926722879001e-07,1.296588847459406359e+06
5.127174396871757300e-07,2.097183967613171320e+06
6.132843912893326275e-07,1.727218868711046176e+06
9.184825048325079540e-07,1.264727842371196719e+06
6.607128211778421981e-07,1.838777858851827215e+06
9.436592448497096025e-07,1.492324507131859194e+06
2.566509131528432722e-07,1.804617622422608314e+06
2.049724568692759568e-07,3.397238080948737916e+06
5.768292202704477076e-07,1.787703106580974301e+06
4.558084644837234067e-07,2.240549091123647522e+06
6.337443630091805204e-07,1.647077634237954393e+06
8.202337692351685272e-07,1.290156909772257321e+06
6.133051128840428154e-07,2.042786447097412311e+06
7.366086042886569382e-08,1.602684089763138629e+07
6.896695146554784495e-07,1.887770230025139404e+06
6.268619392553189003e-07,2.072956756531407125e+06
5.380949797333724334e-07,2.443667141089799814e+06
1.185881180921919839e-06,1.321173617656679824e+06
1.064756519424527499e-06,1.471307302729961229e+06
8.650736190373476964e-08,7.305823218367981911e+07
2.566509131528432722e-07,1.804617622422608314e+06
2.218197724361328479e-07,4.110097319492569659e+06
4.774096698212337019e-07,2.048194563846342964e+06
2.757766366116596683e-07,3.464120238633751869e+06
4.237969176411221591e-07,2.566419915481769945e+06
6.160403407641029344e-07,1.779700472355660517e+06
4.720998914692623678e-07,2.354962359879489988e+06
6.614713333605406572e-07,1.863870102201165631e+06
1.056013985191653427e-06,1.401728275192233734e+06
2.355445693027363325e-07,6.810948000373486429e+06
2.168633917807271717e-07,2.666249455604266841e+06
8.497819709073577893e-08,1.187413906709816307e+07
2.218197724361328479e-07,4.110097319492569659e+06
2.757766366116596683e-07,3.464120238633751869e+06
3.090379661514132803e-07,3.236233495605315547e+06
4.237969176411221591e-07,2.566419915481769945e+06
3.242885867090809329e-07,3.565791404879743233e+06
4.720998914692623678e-07,2.354962359879489988e+06
4.416773119128694912e-07,2.629747334308834746e+06
4.229970180573664693e-07,2.852619264051835984e+06
2.396597856742973373e-07,5.837057316617384553e+06
6.174871814850281093e-07,2.406663917773841415e+06
2.707578010633386234e-07,1.647331467097834451e+06
3.999732633152080436e-07,1.387231154015388107e+06
1.851786824274754572e-07,6.447821744854122400e+06
3.673249901233229468e-07,2.753419707362851128e+06
2.961542380914951582e-07,3.513767774915400892e+06
2.189641155920031536e-07,5.257615976111426950e+06
4.416773119128694912e-07,2.629747334308834746e+06
4.774393132858677584e-07,2.565732506701990962e+06
4.107089145950655081e-07,3.152600162201436237e+06
6.163352814428194081e-07,2.284866930013499223e+06
6.688627067216560742e-07,2.103949854438029695e+06
7.203723248947776509e-07,1.945321490448303288e+06
3.243131214670795527e-07,2.785535655927090440e+06
2.817484664578128235e-07,1.666465351877741516e+06
3.537143365548641403e-07,2.417313794379473664e+06
1.037622937015394304e-06,8.967837739360883133e+05
5.631637343551776577e-07,1.701897310616411734e+06
4.910250649248312411e-07,2.163043418039507698e+06
6.737802279503702969e-07,1.795564978698301362e+06
7.893527482167949329e-07,1.707884234637280460e+06
5.927389906925046386e-07,2.316416296065610833e+06
7.596440395716664323e-07,1.791087864877155283e+06
8.258030189699051733e-07,1.838047691604331136e+06
3.348495177076113826e-07,2.675782928922381718e+06
4.312200346732141999e-07,1.546784759142233757e+06
6.659755744073250919e-07,1.082945911528209457e+06
8.473347571171310004e-07,7.831265326978244120e+05
7.459770484465874265e-07,1.228298894973461051e+06
8.384544071386657445e-07,1.111992842130468693e+06
9.128502514164183728e-07,1.229480093674293486e+06
6.596624969571929904e-07,1.805735042463330552e+06
8.206220754222160219e-07,1.404203435786255170e+06
1.011670331790855646e-06,1.196155556190367788e+06
7.760621949088220355e-07,6.916381036045077490e+05
8.517984022242006919e-07,6.813419495007365476e+05
8.878090872777549450e-07,7.656372514763595536e+05
4.240418275300645767e-07,1.611911701672491618e+06
6.670490354899737532e-07,1.042620177620773320e+06
6.173236397166595321e-07,1.087141441969881998e+06
1.662365471156186057e-06,5.625948914223000174e+05
9.723945566009137044e-07,1.363447954479315318e+06
1.204112136124167638e-06,1.078122830977305537e+06
2.022436841059624792e-06,7.745471408178639831e+05
8.517984022242006919e-07,6.813419495007365476e+05
5.985753006391800099e-07,1.071887875954040093e+06
6.039356446486208474e-07,1.301931739945634967e+06
3.895767561139636872e-07,2.304663918851541355e+06
1.483551939086798337e-06,6.446155674066079082e+05
1.662365471156186057e-06,5.625948914223000174e+05
7.223852285239521873e-07,1.458512922735455679e+06
9.048083532335019115e-07,1.183876211365797557e+06
1.040538415213565957e-06,1.209105104322603904e+06
1.134787837688069587e-06,1.207822851937059779e+06
1.459393356326253154e-06,9.619032157641033409e+05
2.030392509646395307e-06,7.712605316363881575e+05
2.953165175357594481e-07,1.522119850738832261e+06
2.753140313885384659e-07,2.738443037142682355e+06
1.484764003407678206e-07,4.959149294310349971e+06
2.952467276819098951e-07,2.525738010568771046e+06
5.651232455291250041e-07,1.638891210639908910e+06
5.154295706250454962e-07,1.868592704373295419e+06
5.750793037226329221e-07,2.198710041502244771e+06
8.571249273118200591e-07,1.639548717684460804e+06
7.838311819614214059e-07,1.741199339428318664e+06
1.312335611457930811e-06,1.201018503571924055e+06
1.396999503410048993e-06,1.191930209728350164e+06
1.981938863225131699e-06,8.957346148711736314e+05
1.374404499536787424e-07,3.672367234144962579e+07
1.410170824492226044e-07,4.813690931668924168e+06
1.102982686261296850e-07,7.199244716395795345e+06
1.571323234473237251e-07,6.490970725799886510e+06
2.418504132030532008e-07,4.184096766579469200e+06
2.640271934343535168e-07,3.855879068045518361e+06
2.031964094712465054e-07,5.559207758738587610e+06
2.110439254387845201e-07,5.326913479563933797e+06
3.286039258091223613e-07,3.895764013935625553e+06
2.836603517798171668e-07,4.887371066950722598e+06
3.507732280038282914e-07,3.833028760308915284e+06
4.069881038486896057e-07,3.457028357135638129e+06
5.405528972617891709e-07,2.722080866155626252e+06
1.340352410990091745e-07,6.990170445819184184e+07
2.130353522661609209e-07,3.199416739129935391e+06
1.410170824492226044e-07,4.813690931668924168e+06
1.586485817684156857e-07,1.818174598637960479e+07
2.960090139968280585e-07,2.954376598042517900e+06
1.102982686261296850e-07,7.199244716395795345e+06
2.545662836676015099e-07,3.616725688529227860e+06
3.715039244124495694e-07,2.702307540253995918e+06
3.559421769010117647e-07,3.174082570624553133e+06
3.985637349818517761e-07,3.051548558685856871e+06
1.344423584288168968e-07,4.999414815720709972e+06
2.132414528572356397e-07,3.582614464845472947e+06
1.424796665928164912e-07,5.971152635747599415e+06
2.289895797845620928e-07,3.988762377771434374e+06
1.180342046721648967e-07,6.985705627472207882e+06
2.655473445720271764e-07,3.483352853471368086e+06
2.495862687950237628e-07,4.082435484776330646e+06
2.986052246178282517e-07,3.537472615846704692e+06
2.485143143461086987e-07,4.323518117634763569e+07
1.257693343835723983e-07,9.146580390770964324e+06
3.551939827193178869e-07,3.592775084961622488e+06
4.926580598315869497e-07,2.838531264497496188e+06
1.637279259948600899e-07,4.459144113909595646e+06
2.191847319837103595e-07,3.668936978570725303e+06
1.344423584288168968e-07,4.999414815720709972e+06
3.283587277132659553e-07,2.695303105160925537e+06
3.296204450753258285e-07,2.654093233019063622e+07
2.716426680800516604e-07,3.265258226644840091e+06
2.213061068180916022e-07,4.295162264686541632e+06
3.281150873843412212e-07,3.256229939250485040e+06
3.700856240935700442e-07,3.189979820011179894e+06
3.473324315057318784e-07,3.652499633890316822e+06
6.684616294913121153e-07,2.364190352581171319e+06
7.704437907466323248e-07,2.037772427465939429e+06
1.838235205702453951e-07,3.320046202100541908e+06
1.658166501288453144e-07,4.703623390008498915e+06
2.345652489389227964e-07,3.466383489964631852e+06
5.968543839145302154e-07,1.540217032772689825e+06
6.576918309611827893e-07,1.486213675569039071e+06
3.500615346382903647e-07,2.778633799616354052e+06
4.213581874157999475e-07,2.582511937528246082e+06
4.972358882623376814e-07,2.124146562877337914e+06
3.936556456818861103e-07,2.931633539207134861e+06
4.500558992908900079e-07,2.517384152708210517e+06
3.406076283772320545e-07,3.655794006813374348e+06
7.969770193938998802e-07,1.855377572301242268e+06
2.696087627198129389e-07,3.449287607030875981e+07
2.205271283217122862e-07,3.043632155924063176e+06
5.259802859035889968e-07,1.828903555277941516e+06
3.515956079244893434e-07,2.912603991419850383e+06
6.280542741875792660e-07,1.618893326951482566e+06
6.252328944042879360e-07,1.692939483106429456e+06
4.366952898347498015e-07,2.380871324205757584e+06
6.328677141095668825e-07,1.697093527990737231e+06
5.906396022335116169e-07,1.899504220368299633e+06
6.633118998591946810e-07,1.678421779526420170e+06
8.719716045141517392e-07,1.611551981332608964e+06
1.900181526033592998e-07,1.165676271341509558e+07
4.260656182457829041e-07,1.245442400962507119e+06
5.303878132637313126e-07,1.112461107999868924e+06
2.978012864999141201e-07,3.748768900925028604e+06
6.015988857239205918e-07,1.563834558458588086e+06
5.758669439824992533e-07,1.701161081192942569e+06
6.280542741875792660e-07,1.618893326951482566e+06
5.920328111081740690e-07,1.731785089790195925e+06
4.461802458651741474e-07,2.224986122726234142e+06
6.252328944042879360e-07,1.692939483106429456e+06
6.328677141095668825e-07,1.697093527990737231e+06
6.633118998591946810e-07,1.678421779526420170e+06
4.260656182457829041e-07,1.245442400962507119e+06
5.813348087599806207e-07,1.307339548794080503e+06
5.086770495596800525e-07,1.747480507293051109e+06
6.774445409011482556e-07,1.287105438644228969e+06
6.015988857239205918e-07,1.563834558458588086e+06
5.758669439824992533e-07,1.701161081192942569e+06
5.804051677679799828e-07,1.727934407672352623e+06
6.810264952719823806e-07,1.684936076956264907e+06
5.479022836617264897e-07,2.047686543926244369e+06
7.436928187130385447e-07,1.668789673850774067e+06
9.152016266991637702e-07,1.454927537276877323e+06
1.286005529547932372e-06,1.218597845579555491e+06
3.492162614477946504e-07,1.787114681019700365e+06
3.120950552917545735e-07,2.204921661227954552e+06
2.282471693364142458e-07,4.429934736740739085e+06
3.345803142998188490e-07,2.593584412496472243e+06
4.546413598114712283e-07,2.187622411915900186e+06
6.550546785288772160e-07,1.454566834165181965e+06
6.435832646327551362e-07,1.869788338560594479e+06
7.826098923012147859e-07,1.508746281534302514e+06
6.463387961955512964e-07,1.902790054186168127e+06
9.039913928861430564e-07,1.402670559540979099e+06
8.699564818138308795e-07,1.455700782951575238e+06
1.279462342594692908e-06,1.225461362815917702e+06
4.079145797147136871e-07,1.513353522400721675e+06
4.007845352116715276e-07,1.858507207575990818e+06
2.861908001848803336e-07,2.799466493728369474e+06
2.403116471464484544e-07,3.892447086883265991e+06
7.323059548420879274e-07,1.306906618065586314e+06
5.145706469988653455e-07,2.026261979015627410e+06
6.410945534304037291e-07,1.790623963553480571e+06
2.678932058747908832e-07,4.351230467500080355e+06
4.871781361165178128e-07,2.387413847743366845e+06
6.958178624958457484e-07,1.887509684564952739e+06
6.094202191512202765e-07,2.280676175953710917e+06
1.234054864291395141e-06,1.345431325862827012e+06
4.318495781985358377e-07,1.123490087812631158e+06
4.067395051693035746e-07,2.242604056154233404e+06
5.792052916910819270e-07,1.674392859902901575e+06
4.110209604246912807e-07,2.289779994826925453e+06
5.635597379818681491e-07,1.831918532611034811e+06
5.145706469988653455e-07,2.026261979015627410e+06
3.060235604216256114e-07,3.475368441597699653e+06
9.274464400120022583e-07,1.142089336042007897e+06
8.527281105840656524e-07,1.312838721250837203e+06
6.100120641103640690e-07,1.799720901148441713e+06
5.767913530264803706e-07,2.117925754557656590e+06
5.237694679708615638e-08,2.501555072745964676e+07
3.661792337206693803e-07,1.483757134423369542e+06
6.433362471797713416e-07,1.362463381363437511e+06
1.705215508865359752e-07,4.666291535590126179e+06
3.758338180107291849e-07,3.867873321433209814e+06
5.936051010725440273e-07,1.560972468440318247e+06
7.315177885390282076e-07,1.266440534877998522e+06
3.746120867076024706e-07,2.616507085598445963e+06
4.425651899862930949e-07,2.406321909508547746e+06
6.918510680145010461e-07,1.462475996722805081e+06
6.077969518550777292e-07,1.710529813960095169e+06
6.152674176163750002e-08,1.839108841303746030e+07
1.619862779674217444e-07,2.761325583157186396e+06
3.033555852712273713e-07,1.638554633196974406e+06
1.563070142111076849e-07,4.292353252876913175e+06
2.668336641385183860e-07,3.610642096882991027e+06
2.672533078487604639e-07,4.183071968558588997e+06
3.363360885910186185e-07,3.322730675169494003e+06
3.468237865697378660e-07,3.339640009248707443e+06
4.957035258529559844e-07,2.538894134753969498e+06
5.785071631711485018e-07,2.225221304105008487e+06
5.194749865654218753e-07,2.651844521622949280e+06
9.213784649718637885e-07,1.703034522236302262e+06
9.370747433069355829e-07,1.771912592649928061e+06
1.413980557592796136e-07,6.305841657654390670e+06
2.230753989409620638e-07,3.963016445800997317e+06
2.413666656194784152e-07,4.011437221015549265e+06
2.668336641385183860e-07,3.610642096882991027e+06
1.512949372348001425e-07,6.311215478349471465e+06
2.223128797219002651e-07,4.345587502673383802e+06
2.869582606800398305e-07,3.612085247270617634e+06
1.975276331833488171e-07,5.170397169460641220e+06
2.535455015643897813e-07,4.017418965650557540e+06
2.795316195972130854e-07,4.031958664372404572e+06
2.193400667121808603e-07,5.155814628993197344e+06
4.311715928236572932e-07,2.638555183075435925e+06
2.225852820573125734e-07,2.112975589503399096e+06
2.534037423364707632e-07,1.968333207863106625e+06
1.420961764594863172e-07,1.723855571821574867e+07
2.536540699716006713e-07,3.676727839978864416e+06
4.718240135404960095e-07,2.211721980533138849e+06
3.748955666822133702e-07,2.779796546513472684e+06
4.836274770881076822e-07,2.529145635881039314e+06
4.932269600811170239e-07,2.473345953320964240e+06
5.446279885642272091e-07,2.230570517132596113e+06
4.346034388026185808e-07,3.349973991551785730e+06
8.348439348491697532e-07,1.989950467388623161e+06
5.433599309911168123e-08,4.115592460368240625e+07
4.898772345296740160e-07,1.107222256419575308e+06
1.420961764594863172e-07,1.723855571821574867e+07
5.976081086247820714e-07,1.638088679961068323e+06
6.183720112016097103e-07,1.635378314279609127e+06
6.250614443701702960e-07,1.623655415819438640e+06
4.504940930478408745e-07,2.429000969555130228e+06
5.855471305679216322e-07,1.816587284351627575e+06
6.237857228133084847e-07,1.708186777066024020e+06
6.594619942192144403e-07,1.674971087628788315e+06
5.387889808568609397e-07,2.166073051424476318e+06
5.647753023649267383e-07,2.041203966808205936e+06
7.395478845896949431e-07,1.803906419020466739e+06
3.673684695154875146e-07,1.362074309071609750e+06
1.349940843440962140e-07,6.678609931173686869e+06
5.211567696882816834e-07,1.986703237781388219e+06
6.250614443701702960e-07,1.623655415819438640e+06
6.001474522317409673e-07,1.680990747524984879e+06
3.351503087444527432e-07,3.147528221386326011e+06
6.237857228133084847e-07,1.708186777066024020e+06
5.855471305679216322e-07,1.816587284351627575e+06
5.353546418810380245e-07,2.091711044447903056e+06
6.594619942192144403e-07,1.674971087628788315e+06
2.702740511997128742e-07,4.149331231147236191e+06
5.015748424224166004e-07,2.529310348423876334e+06
3.211109729493152728e-07,5.353602092831316404e+06
2.035959743297234603e-07,3.057962267664342187e+06
2.202103877134012564e-07,2.867333910355547909e+06
2.035050335350043617e-07,6.658883684135986492e+06
4.090950308534206885e-07,1.820125197418652708e+06
4.519419125512932033e-07,2.443840505598178506e+07
4.079512529845541847e-07,2.552851776831744239e+06
3.981378915625168200e-07,2.969021245204546954e+06
5.827155648151178789e-07,2.130859504491079599e+06
4.692804221179958449e-07,2.574626914830701426e+06
9.862173250282354566e-07,1.587440171122813132e+06
4.659931576606953566e-07,1.237379938802177785e+06
2.202103877134012564e-07,2.867333910355547909e+06
5.990132520146627816e-07,1.434765128216288052e+06
5.521253880950869198e-07,1.610476994656980038e+06
6.931028157193712383e-07,1.395425137871882413e+06
6.622297408616628783e-07,1.460432290424012113e+06
6.188588205248780793e-07,1.644813850257690996e+06
6.161474037159179886e-07,1.660382525473766727e+06
6.722773535106881434e-07,1.592505664315080037e+06
7.317193470431703085e-07,1.512027018115508603e+06
1.936840394090584798e-07,6.576192580724659376e+06
7.917520562851715611e-08,2.951625559693370014e+07
5.027487261304143901e-07,2.219873546183416154e+06
5.521253880950869198e-07,1.610476994656980038e+06
5.658951979729289358e-07,1.676346062500169734e+06
6.069494590174709164e-07,1.541783493948918767e+06
6.622297408616628783e-07,1.460432290424012113e+06
5.150997387724599045e-07,1.954532710604831576e+06
6.188588205248780793e-07,1.644813850257690996e+06
5.903891115297660490e-07,1.740447386278877035e+06
6.066606201321312435e-07,1.675510632453787373e+06
5.853763926795097945e-07,1.761251385691940086e+06
6.161474037159179886e-07,1.660382525473766727e+06
9.239330717755570895e-07,1.365539592284610961e+06
2.395352149473842650e-07,1.991873882195389131e+06
3.903071896426817220e-07,1.481709047176090069e+06
1.966324189051984261e-07,5.157691230205904692e+06
1.960525210667872755e-07,3.738682522887761705e+06
6.069494590174709164e-07,1.541783493948918767e+06
5.658951979729289358e-07,1.676346062500169734e+06
6.066606201321312435e-07,1.675510632453787373e+06
5.795719385238130990e-07,1.761126638815016020e+06
5.623568226472909056e-07,1.920429208496411331e+06
7.121761723997677867e-07,1.622232939496156294e+06
2.395352149473842650e-07,1.991873882195389131e+06
4.195608814040090393e-07,1.696542783472016919e+06
3.769313017413469876e-07,2.501560532731583808e+06
4.819535166998370905e-07,1.834500405429105740e+06
1.960525210667872755e-07,3.738682522887761705e+06
3.225041661520332626e-07,2.728647333217995241e+07
4.204953076999386445e-07,2.404426866610968485e+06
6.984937501478175733e-07,1.570825505910370266e+06
7.195065360271857835e-07,1.671158730156820733e+06
7.087945972536060938e-07,1.845889176418627612e+06
1.248776197286763810e-06,1.329444517661141930e+06
1.770029041034402286e-07,2.501842080856162682e+07
3.421739804286364810e-08,2.535823336137491092e+07
2.246547645260586129e-07,3.539937964510607999e+06
2.226682360626818955e-07,5.049913688655021042e+07
3.007149517656725846e-07,3.398608937559283338e+06
6.886161609849683732e-07,1.706552072157250950e+06
4.688096353683995368e-07,2.697905860619843006e+06
5.097907431324767564e-07,2.665329311762201134e+06
5.484271092668506259e-07,2.513995285663739312e+06
6.385424445261146336e-07,2.346348183997321408e+06
8.460940435642290044e-07,1.854008981696571223e+06
1.029329446266830117e-06,1.617080953421649989e+06
2.638583868653733844e-07,4.398941595707348734e+07
3.705798235381527681e-07,2.507945668094325811e+06
5.896544081022408388e-07,1.573535136958644725e+06
4.757688822242458307e-07,1.954470824533633655e+06
6.784359298031191940e-07,1.437182291967777768e+06
2.731876785813556312e-07,3.663158626399038825e+06
4.880575852273035333e-07,2.169848536003223620e+06
6.292016373946654248e-07,1.673174777298591565e+06
6.886161609849683732e-07,1.706552072157250950e+06
3.988660592693957802e-07,3.226430076635828242e+06
7.324536150584067947e-07,1.731643804597410606e+06
7.811433882998562015e-07,1.627699198803268140e+06
1.028328185212843317e-06,1.442669347155394964e+06
3.407991912636044994e-07,2.061575303607587470e+06
3.315077022880577576e-07,2.802776538543307222e+06
5.871346511703893338e-07,1.473104949131571921e+06
6.575853857034883801e-07,1.552206077292465372e+06
5.468923160110629709e-07,1.840394271209721221e+06
6.384872598376984903e-07,1.781974390400092350e+06
4.706452805919384667e-07,2.357421397742216010e+06
7.070621575112379808e-07,1.574249045709869824e+06
6.574182802668143999e-07,1.800201584311273880e+06
7.378721910993040080e-07,1.636716938602737151e+06
5.980543398169853023e-07,2.146908583791530691e+06
9.995561754069670182e-07,1.334486125528029399e+06
1.178263641103503763e-06,1.256740646661649691e+06
3.012741789010534914e-07,2.028171744300119113e+06
1.388131010716409443e-07,2.557304243415617943e+07
5.901771059120929540e-07,1.435973205262015341e+06
5.368606377913736039e-07,1.712959342109929537e+06
5.820938207922870173e-07,1.613716550817128038e+06
4.889474182217594179e-07,1.995729338675553445e+06
7.326254447348005060e-07,1.449603878328944324e+06
4.264407895469549050e-07,2.579402487526829354e+06
6.912162062918098051e-07,1.630553477559269173e+06
6.384872598376984903e-07,1.781974390400092350e+06
9.835145061803677094e-07,1.431253318358959164e+06
1.166030686495234191e-06,1.345304913479241310e+06
3.012741789010534914e-07,2.028171744300119113e+06
2.641533138742517623e-07,2.840669370787111577e+06
1.025628573494806199e-07,9.712442209819655120e+07
5.368606377913736039e-07,1.712959342109929537e+06
5.820938207922870173e-07,1.613716550817128038e+06
3.058981423581784593e-07,3.160025576530452818e+06
1.481483795555398025e-07,6.990195163262635469e+06
4.264407895469549050e-07,2.579402487526829354e+06
3.234082919721501989e-07,3.475645366188253276e+06
3.498602220573415319e-07,3.486618669248905964e+06
2.991546860153293179e-07,4.291802044008711353e+06
4.813800223457985673e-07,2.927552455638038926e+06
2.193327837073915750e-07,3.291593035663566552e+06
3.337209591972236654e-07,2.358620133282114286e+06
5.832760355545331832e-07,1.576667121400596341e+06
6.454293996635075032e-07,1.397663199631366180e+06
2.868708873055919267e-07,3.432975085046197288e+06
2.453720731813339071e-07,3.807749848581269849e+06
2.086737824005260767e-07,5.019636713117158040e+06
3.498026448484205242e-07,2.915171219317968003e+06
3.770646575791301589e-07,2.847345501746107824e+06
4.312705870586724188e-07,2.842746836679340340e+06
6.230204083976286328e-07,2.135917735562740359e+06
4.577544348727805486e-07,2.932961894763893448e+06
3.886360639039990664e-07,1.905900829529433046e+06
3.381716101331154963e-07,2.302156477029209025e+06
4.563038496663377536e-07,1.830863056695800973e+06
1.779028939867540600e-07,6.248384216933709383e+07
3.665497173559009461e-07,2.695534194518669043e+06
4.821070848795023446e-07,2.136516488577724434e+06
4.855493612485329812e-07,2.178240556771947071e+06
4.624892598747674194e-07,2.339194016821045894e+06
5.641086580475183259e-07,1.910849362974380143e+06
4.002591152329498145e-07,3.287969456934205256e+06
6.509303934347410521e-07,2.284897249954537023e+06
8.598072350719961029e-07,1.725174262558389455e+06
8.276479469949479716e-08,2.376684133140334487e+07
3.314660366824819840e-07,1.909078943647749489e+06
2.118369092272942310e-07,3.169116433361285832e+06
3.378432834388902381e-07,4.941687967968592420e+06
3.665497173559009461e-07,2.695534194518669043e+06
4.821070848795023446e-07,2.136516488577724434e+06
5.059801149034797242e-07,2.002606991241799667e+06
2.498673926114213784e-07,4.105646055975195020e+06
4.624892598747674194e-07,2.339194016821045894e+06
3.084094612083738608e-07,3.376826960534164682e+06
4.743706038720414319e-07,2.472743001301795244e+06
4.687639145807350335e-07,2.505689732489996590e+06
6.780506300118681714e-07,1.871376443853335688e+06
3.314660366824819840e-07,1.909078943647749489e+06
3.804838636657936386e-07,2.521682561117554549e+06
3.352410544164369074e-07,3.031046835555935279e+06
3.363214435415395332e-07,3.039180893460121471e+06
3.446056715177576040e-07,3.071553221984279342e+06
4.419647238361365583e-07,2.441105450777829625e+06
4.733744566884723242e-07,2.357850121278219391e+06
3.912796199751036288e-07,2.857710482770245988e+06
4.330735714534490128e-07,2.537068473995794076e+06
2.194445993088872850e-07,5.153380298568531871e+06
4.743706038720414319e-07,2.472743001301795244e+06
4.687639145807350335e-07,2.505689732489996590e+06
4.871885737579874659e-07,2.551497392997716554e+06
2.285743329893978039e-07,1.198980951497328095e+07
4.149417261900171737e-07,1.431754628102175891e+06
5.808469224434645972e-07,1.568131710975378985e+06
3.363214435415395332e-07,3.039180893460121471e+06
3.446056715177576040e-07,3.071553221984279342e+06
5.607947944606996919e-07,1.913839404984145891e+06
6.519694859734450099e-07,1.634436617006544722e+06
6.757744803945127098e-07,1.570264413803611649e+06
3.912796199751036288e-07,2.857710482770245988e+06
4.330735714534490128e-07,2.537068473995794076e+06
5.929359474011078226e-07,1.956467376739423722e+06
2.489816336629031694e-07,1.115117373630357906e+07
3.377994056921527408e-07,3.075171920586861204e+06
3.679559003935265019e-07,2.507488414270143956e+06
5.808469224434645972e-07,1.568131710975378985e+06
6.502878310290032040e-07,1.537479799773291219e+06
6.757744803945127098e-07,1.570264413803611649e+06
5.742171651940380452e-07,1.797597671413588570e+06
6.519694859734450099e-07,1.634436617006544722e+06
8.011772230944833651e-07,1.470769843067899346e+06
8.799787976862135772e-07,1.322577026821197709e+06
6.590926565943395212e-07,1.737208031949788332e+06
4.923563416377354979e-08,4.365582150330704451e+07
2.017974594546734832e-07,4.258685827493708581e+07
3.864998500192251715e-07,1.473594766257103998e+06
2.593998353786686107e-07,3.197717967933531385e+06
3.699620564807214847e-07,2.339162468148736283e+06
3.871558420055106229e-07,2.652897543415167369e+06
3.055888179829678342e-07,3.154475171958322637e+06
5.620279060031624885e-07,1.927377295538986335e+06
6.590926565943395212e-07,1.737208031949788332e+06
8.799787976862135772e-07,1.322577026821197709e+06
8.011772230944833651e-07,1.470769843067899346e+06
3.407840742133006506e-07,4.613479271658396348e+06
3.244977303563971048e-07,1.511126842127834680e+06
2.017974594546734832e-07,4.258685827493708581e+07
3.864998500192251715e-07,1.473594766257103998e+06
5.102613698132292990e-07,2.183243721474910527e+07
8.110535439358768444e-07,1.317936348265246255e+06
5.229105312288640497e-07,2.167689809877546504e+06
8.005275821343757411e-07,1.395531567575468216e+06
7.110271281223455374e-07,1.651096982650721446e+06
6.132210815233302390e-07,1.973604413862804417e+06
8.801604562002252226e-07,1.505058344237204175e+06
1.062161013114381951e-06,1.477572472413215786e+06
6.210937459851285842e-07,8.960399682073647855e+05
3.673586405550308509e-07,1.791988479233093793e+06
3.983405072098164055e-07,2.140049645342041738e+06
5.042983594113896740e-07,1.807369060036469251e+06
7.012035509411194800e-07,1.282881845175035996e+06
5.449005432632550077e-07,1.840859060441453476e+06
6.521823933941667349e-07,1.547579438588328892e+06
7.980922285232483601e-07,1.274298861280178884e+06
7.620365244319266672e-07,1.402619113423415227e+06
8.110535439358768444e-07,1.317936348265246255e+06
8.005275821343757411e-07,1.395531567575468216e+06
1.803198819826498914e-07,5.554606731777650863e+07
3.459178750257897023e-07,2.705597881699863821e+06
4.772602352354286045e-07,1.341012534381239675e+06
3.230988067474480625e-07,2.224634867715475149e+06
3.671804029932793386e-07,2.554037717306615785e+06
3.195543799015006885e-07,3.390912198515608907e+06
5.861882774862058387e-07,1.903413347787119448e+06
5.673321063445274236e-07,2.165327327040199656e+06
4.206742228420959463e-07,2.896299991043999791e+06
3.610599950896713152e-07,3.894346625279732049e+06
6.074983114109583842e-07,2.448301759887582157e+06
1.506675035235879172e-07,3.605589812984146643e+06
1.354557848013053469e-07,8.297907902451794595e+06
1.769721441982923164e-07,5.318451461293020844e+07
3.274875819365098445e-07,2.045522467149913078e+06
3.230988067474480625e-07,2.224634867715475149e+06
3.838469496703672685e-07,1.940590514150361065e+06
3.554992276105858991e-07,2.911231282489442732e+06
4.505885809808251869e-07,2.841045105426803697e+06
4.233977036774336299e-07,3.210679659657099284e+06
1.691897135872584635e-07,7.999420488356282935e+06
1.506675035235879172e-07,3.605589812984146643e+06
1.546552381438560728e-07,3.914828105319441296e+06
1.373848881783242315e-07,4.513290912826642394e+06
2.919792243661077986e-07,3.073284454633141402e+06
3.268737965886597945e-08,2.963509146143385395e+07
1.194488499469818635e-07,7.508608451252247207e+06
3.597021856585953902e-07,2.844816257653480861e+06
1.933217937437902776e-07,5.928075702087276615e+06
1.799093959455366884e-07,6.780363084551824257e+06
3.238084407039565803e-07,3.743079423141855747e+06
2.852798613866069563e-07,4.564736665295057930e+06
1.735503562786995517e-07,3.637940688851869199e+06
1.462167805351242754e-07,3.797476866744426545e+06
1.373848881783242315e-07,4.513290912826642394e+06
4.170620789478008813e-07,2.064406908024650067e+06
2.701360903799643291e-07,3.758375304580444936e+06
3.970708069205602314e-07,2.675419612644698471e+06
1.999291380824926586e-07,5.251839237725751474e+06
3.881856218460463467e-07,2.744075875298525672e+06
3.228902979754360682e-07,3.660145957705005538e+06
3.504708881702412671e-07,3.672166865588372573e+06
5.361301929734083361e-07,2.762616360283031594e+06
3.982942123616079813e-07,2.333160662927995995e+07
4.594735605320227384e-07,1.771154994738972513e+06
3.074781534678893745e-07,3.709845997558199614e+07
6.549030904246763333e-07,1.406318480486095883e+06
3.882582140338668028e-07,2.409213541466847528e+06
5.610040503074229665e-07,1.714146485435457435e+06
3.881856218460463467e-07,2.744075875298525672e+06
2.609699198045999426e-07,4.067901990127952304e+06
3.970708069205602314e-07,2.675419612644698471e+06
3.654629817490922271e-07,2.908575115586443804e+06
9.299297740714332435e-07,1.293284707978560822e+06
6.674990491578894886e-07,1.908499760265883291e+06
3.840914900684054796e-07,1.499111382510593161e+07
4.971395387440380108e-07,1.765405198862833669e+06
3.682696433155767129e-07,2.293002589126340579e+06
5.867614865573600524e-07,1.503270918455448467e+06
5.754186190121741068e-07,1.626421595511162654e+06
6.215552086324937387e-07,1.533117214090901427e+06
4.630974505372372895e-07,2.066788752219920745e+06
6.549030904246763333e-07,1.406318480486095883e+06
7.251754045957994711e-07,1.336876180294916732e+06
7.004613688340794308e-07,1.387461036743697943e+06
5.420823704679065739e-07,1.786527613921676297e+06
1.288854950354971140e-07,1.342172995349322073e+07
1.399125436379457496e-07,5.740445685353741050e+06
1.612669782282187707e-07,4.923452740534828976e+06
2.514741029787064078e-07,3.080189266246437095e+06
4.789942347346897327e-07,1.918916537939728005e+06
3.556488642710417487e-07,2.595093838537686039e+06
5.272520856984459571e-07,1.921124113594404655e+06
5.246592628126940833e-07,2.163978746044785716e+06
5.709514198341609842e-07,2.276629642229824793e+06
5.424609034620314273e-07,2.403631613087930717e+06
9.353231879659418746e-07,1.776158390642558690e+06
1.108506730283958890e-07,2.009947742016570643e+07
1.296595450611815619e-07,4.813870597003809176e+06
1.438170057893046227e-07,5.725625501960768364e+06
1.612669782282187707e-07,4.923452740534828976e+06
1.942561918300081613e-07,5.700669705282940529e+06
1.820141700441591751e-07,5.878751628184090368e+06
2.458946081769842786e-07,4.498773581796670333e+06
2.126518492814269073e-07,5.379826240645000711e+06
3.678532761705119414e-07,3.267624452589972410e+06
3.481051700510396781e-07,4.175025426513905171e+06
6.590782006684876977e-07,2.519473722768748179e+06
1.981975451016064753e-07,9.939075095521965995e+06
1.371972374888637622e-07,9.117686820559084415e+06
2.156143590457190992e-07,2.544775378539114725e+06
3.719274204099298871e-07,2.119629776803604793e+06
2.848998997218027997e-07,2.877566498183305375e+06
3.916255935635698460e-07,2.052339712171403924e+06
4.268594010801270368e-07,2.441672132937387098e+06
4.911076236778295018e-07,2.064292550080679823e+06
3.284892614906678871e-07,3.210649808350370266e+06
4.108375800160831450e-07,2.856971442526497878e+06
6.623084223189345326e-07,2.119132493609299418e+06
2.609135128491726116e-07,3.374128561690966599e+06
4.598554924023186225e-07,1.818521887544489000e+06
2.131778104319355349e-07,5.373863738140749186e+07
5.193969855320679022e-07,1.673187754002697533e+06
3.215715096524903456e-07,2.848320340663155541e+06
5.128682532464218177e-07,1.800522992001300212e+06
4.397389935065979043e-07,2.253467270741606131e+06
3.045892736628358519e-07,3.549429457879009191e+06
5.781212014022616181e-07,1.985838868238383438e+06
5.629657576858246097e-07,2.249535128033408895e+06
6.186045534961406477e-07,2.046444950837900396e+06
5.725889082357445456e-07,2.227241959655272309e+06
8.925173574404054590e-08,6.445953178233598918e+07
1.905784986996421810e-07,4.564413873659224249e+06
2.649288942408856770e-07,3.800804572072599083e+06
4.577662060121451857e-07,2.247455568792267237e+06
3.045892736628358519e-07,3.549429457879009191e+06
3.205812718221914106e-07,3.410020091351814568e+06
3.064903190641528785e-07,3.940794518950516824e+06
4.010029310265824304e-07,3.233865167204969097e+06
5.953341579367684411e-08,2.242912934379180893e+07
6.990254250112033945e-07,2.009731127813345753e+06
5.547412116845423308e-07,2.533259661022710148e+06
6.414996562987860446e-07,2.311403607262502890e+06
6.657519204034326002e-08,8.487476510405287147e+06
1.168214053417759920e-07,5.877561754777389579e+06
1.080247917006785173e-07,6.329103874945176765e+06
7.732287810103688690e-08,1.196482444606436044e+07
2.118991529249748073e-07,5.269137881664366461e+06
1.102158800911948896e-07,1.131619265675769188e+07
2.174725743494281638e-07,5.230362144994247705e+06
1.964293706018950846e-07,6.275810816928217188e+06
6.189983686085639830e-08,2.102544984777086228e+07
2.056062815862801097e-07,6.361547713011238724e+06
2.065006229555878519e-07,6.319174077985364012e+06
3.242629865943894347e-07,4.575153016981671564e+06
3.674952617365821174e-07,4.519133867536302656e+06
7.778761408815697645e-08,1.260858067011963204e+07
2.458322062166534322e-07,2.438261539909623098e+06
1.112934569625930327e-07,5.824922520100195892e+06
2.345509704398162635e-07,3.812219065420416184e+06
2.606422910451226981e-07,3.911861938575223088e+06
2.601321143839534502e-07,3.918683302677635103e+06
1.400272773049754959e-07,7.982139522048695944e+06
6.638082539019058346e-07,1.849446375082243234e+06
7.962805703363032453e-07,1.731299529418132035e+06
7.602871968602164660e-07,2.482193639385191258e+06
4.368923485700686688e-07,3.370416703832400031e+06
3.562539451534979813e-07,2.468008835061026737e+07
7.524177868679720510e-08,5.767390508005684614e+07
8.259837003241183915e-07,1.063283957678847015e+06
8.663337754822928160e-07,1.041452549202107009e+06
1.097687842789852967e-06,8.910852478102532914e+05
1.008260062742217825e-06,1.023193197195004905e+06
1.065194498734129526e-06,1.041518995287140016e+06
9.978651636229865432e-07,1.176647709432997275e+06
7.793211594232143891e-07,1.625680317691171775e+06
9.676524789082819543e-07,1.411990922691283748e+06
1.634456473245586989e-06,9.581130340610743733e+05
6.364502900015952323e-07,8.274934045865524095e+05
8.023590189685569006e-07,7.625002476896701846e+05
6.796652629224960811e-07,8.919987741082343273e+05
5.065675287642399189e-07,1.817782387723627314e+07
6.777265115752207270e-07,1.486784460398121271e+06
1.065194498734129526e-06,1.041518995287140016e+06
9.978651636229865432e-07,1.176647709432997275e+06
7.484615255193686208e-07,1.681202187319392338e+06
8.258091402554412196e-07,1.596785369935832219e+06
9.676524789082819543e-07,1.411990922691283748e+06
1.509481000805055069e-06,9.785438497365531512e+05
1.634456473245586989e-06,9.581130340610743733e+05
1.921799315483785323e-07,5.449681806521181762e+07
4.166950477660641134e-07,1.428951556101314956e+06
6.395245685383477232e-07,1.431087015698555158e+06
3.988076549769103311e-07,2.288067947551076300e+06
7.948544306046577282e-07,1.206346441219389206e+06
6.080502920828073660e-07,1.830208697963118553e+06
6.002378286136417960e-07,1.847200195290742442e+06
5.890151001559477944e-07,1.885819479674577247e+06
6.148275740565408204e-07,1.895837665259957546e+06
6.622199408179698744e-07,1.823544217167283176e+06
5.915681435146208323e-07,2.185544045805210248e+06
4.785012158355336446e-07,3.838727297763855197e+06
1.921799315483785323e-07,5.449681806521181762e+07
3.219137396413216913e-07,2.042309830615831306e+06
3.528011810221602665e-07,2.520412297366858926e+06
4.883095997378925776e-07,1.802397872751725838e+06
3.988076549769103311e-07,2.288067947551076300e+06
3.632018973420491846e-07,3.099015839412966743e+06
4.990364962497655004e-07,2.376420011760007590e+06
6.175840200375518024e-07,1.991550420805716887e+06
6.852621264481919918e-07,1.797246637096201768e+06
5.329501885220010588e-07,2.472082219155504368e+06
1.114358671862066065e-06,1.327377512358028442e+06
9.718273506666380739e-07,1.526762389259663643e+06
1.072263598055774363e-07,2.199806510955003276e+07
4.546434527645092026e-07,1.317998235435486771e+06
3.219137396413216913e-07,2.042309830615831306e+06
3.528011810221602665e-07,2.520412297366858926e+06
4.883095997378925776e-07,1.802397872751725838e+06
7.502117493729135449e-07,1.269182148524858989e+06
7.932006779681268979e-07,1.183704027184098260e+06
4.820462871979672529e-07,2.047599570512303617e+06
5.211187710764019341e-07,1.893628634607719490e+06
5.295630311730838989e-07,1.913589725088053616e+06
4.278948763973728096e-07,2.488108490834381897e+06
5.157447300321564844e-07,2.169090530394793488e+06
1.866563522084610621e-07,3.608386830086501781e+06
1.638961077002422881e-07,4.576806801567801274e+06
5.023319407398448141e-07,1.483198975683348021e+06
2.605716388491861275e-07,3.674986834070052486e+06
2.837115885056242285e-07,3.330259598868906498e+06
3.892292697372533948e-07,2.481898743786078412e+06
4.820462871979672529e-07,2.047599570512303617e+06
5.211187710764019341e-07,1.893628634607719490e+06
5.295630311730838989e-07,1.913589725088053616e+06
4.278948763973728096e-07,2.488108490834381897e+06
5.157447300321564844e-07,2.169090530394793488e+06
1.447310571654838962e-07,4.045015024638941046e+06
1.869781679411908953e-07,3.388342982863141224e+06
3.892292697372533948e-07,2.481898743786078412e+06
3.637104953790117360e-07,2.640098424157021102e+06
2.837115885056242285e-07,3.330259598868906498e+06
2.605716388491861275e-07,3.674986834070052486e+06
3.774848787784365953e-07,2.619056824475689325e+06
2.735641267819796597e-07,4.277620727473093197e+06
5.881950162120372934e-07,1.953568187352719717e+06
6.417000589073521031e-07,2.116921061625260860e+06
7.215012145666504885e-07,2.065642813066565664e+06
9.086287392002351303e-07,1.728933108216203982e+06
4.818746139539922620e-07,1.161067683251600247e+06
4.988467695632579866e-07,1.465516388859551167e+06
3.637104953790117360e-07,2.640098424157021102e+06
3.774848787784365953e-07,2.619056824475689325e+06
7.512198458102184532e-07,1.353739620096889324e+06
7.007475581879328484e-07,1.466925289246032480e+06
5.070215063889283665e-07,2.199610633275829721e+06
5.287634491694798534e-07,2.188977380319934338e+06
7.319629718918526122e-07,1.576955894723920384e+06
6.285932453521245776e-07,1.875912453730467474e+06
5.657532119468150645e-07,2.140869710172398016e+06
7.627661108315898867e-08,2.232630348422387987e+07
2.650923403961881383e-07,7.937421344371812418e+06
2.471416547695571656e-07,1.865060860653061187e+06
8.049920155605658364e-07,1.031131783665623632e+06
5.091535031950393199e-07,1.793835077590586385e+06
7.467169996224873966e-07,1.319771695148683386e+06
3.757185909937559407e-07,2.894007015858153999e+07
7.779180084008922176e-07,1.256443362955658464e+06
5.070215063889283665e-07,2.199610633275829721e+06
5.287634491694798534e-07,2.188977380319934338e+06
4.288830633134112497e-07,2.730963143339987844e+06
4.321483239239126949e-07,2.707940199597046245e+06
6.008646142661543785e-07,2.171927849875560962e+06
7.229210773591619875e-07,1.942741913743765559e+06
1.975275710502563433e-07,2.396749211329191923e+06
2.778831086044448773e-07,1.824673490183103131e+06
3.361241557190803678e-07,1.858921980277699418e+06
5.494166670369515860e-07,1.794230902490918059e+06
5.762225410370016948e-07,1.753736852743648691e+06
4.514560979571715534e-07,2.468246170866263099e+06
4.288830633134112497e-07,2.730963143339987844e+06
8.258863911432962464e-07,1.529758864534287248e+06
5.297724303615523463e-07,2.612509776591446251e+06
7.164533050081144279e-07,2.069694643776327604e+06
8.833437279699535092e-07,1.788967456942788558e+06
1.046304942869424236e-06,1.590011414739894448e+06
2.627076769762852400e-07,3.499363880517526716e+07
2.072654724006846890e-07,2.459640786537739914e+06
3.418188449961926054e-07,3.013048010878403671e+06
4.576471564209885354e-07,4.376358210607606918e+06
4.860720333089929344e-07,2.315810617755388841e+06
3.592457330879585189e-07,3.366429463533017784e+06
5.094861743920012193e-07,2.425418153244204819e+06
3.451121575821943723e-07,3.689651222490609623e+06
4.373371273767598096e-07,2.983833135824408848e+06
4.709693433491874138e-07,2.754662143754296936e+06
7.556997315270518527e-07,2.073510659882395063e+06
8.466179963954548311e-07,1.852411757364758756e+06
1.113075710468803210e-07,1.438052424336046167e+07
1.528611074647832827e-07,3.804929517407369800e+06
1.917183148593607151e-07,3.864116438264961354e+06
4.832519566519515096e-07,1.918870266091524856e+06
3.158024943698752037e-07,3.571714870188931935e+06
3.674725695493730189e-07,2.998278000961130019e+06
3.269497065075113229e-07,3.353982099535592832e+06
5.596711465398831929e-07,1.961199310578272678e+06
4.685725987581497772e-07,2.405052723328674678e+06
3.059810970991724173e-07,3.582103709155555815e+07
3.487049937882772884e-07,3.433733548895603511e+06
4.393441504099149589e-07,2.611419699640131555e+06
3.879632567477488738e-07,3.130440647050628439e+06
7.054647805099642265e-07,2.227518959950227756e+06
2.175666023468093726e-07,3.728757967801332474e+06
3.522748388843814266e-07,2.413561458473335020e+06
2.749164836747987798e-07,4.041003757822608203e+07
2.101164483409081403e-07,4.662988084793905728e+06
3.591128032990042659e-07,2.655853660485900007e+06
1.664629081774122256e-07,5.641719837577798404e+06
3.375261133392148716e-08,2.753106668899870664e+07
3.024050628178158165e-07,3.774406434291227721e+06
3.487049937882772884e-07,3.433733548895603511e+06
4.393441504099149589e-07,2.611419699640131555e+06
4.986490301428672044e-07,2.574838442007580772e+06
4.413595495289829097e-07,3.012888483860198874e+06
6.846533582472450904e-07,2.295408550663288217e+06
2.107993707556552175e-07,3.778344756624765228e+06
3.378754427527228050e-07,2.336964478041548282e+06
3.522748388843814266e-07,2.413561458473335020e+06
3.487889557193145231e-07,2.563222914562047459e+06
3.591128032990042659e-07,2.655853660485900007e+06
4.362166539980228232e-07,2.435109587369666900e+06
3.488256013481868804e-08,2.774824595469824225e+07
4.605442769706878658e-07,2.300781168979512528e+06
2.969242860826169179e-07,4.005388640209544916e+06
4.475470293570324109e-07,2.776064360327826813e+06
4.250500601159332046e-07,3.210391864971219562e+06
1.281340109469461588e-07,1.096849655489227548e+07
7.547753969423878544e-07,2.078069593960126396e+06
2.939920904080090063e-07,1.838049294904666953e+06
2.880019417990747207e-07,2.044034278374471935e+06
3.133930207976934623e-07,2.453309301096781623e+06
2.395331508309837042e-07,3.332056673742693383e+06
5.495160065407490403e-07,1.778306359001983888e+06
3.454208985643079678e-07,2.706050473966867197e+06
5.505583063194083131e-07,1.843780706499128137e+06
4.362166539980228232e-07,2.435109587369666900e+06
4.605442769706878658e-07,2.300781168979512528e+06
6.864279902542789740e-07,1.623338848376827082e+06
6.738847852750825157e-07,1.653099633871179074e+06
2.936037021334964332e-07,1.806520760937371105e+07
2.591299871692372597e-07,2.711867838682453614e+06
1.292967834193410174e-06,7.954498776817466132e+05
9.691064119227407830e-07,1.043326264629419893e+06
1.361617945257095883e-06,7.507425651157308603e+05
6.984314012848848555e-07,1.518684913084357744e+06
6.284127206919527228e-07,1.788127152389760129e+06
9.597616451656298790e-07,1.159067190799072385e+06
1.057315693638347840e-06,1.044388617558412254e+06
6.437354292222869172e-07,1.946964719227042049e+06
1.380432127230272173e-06,1.075889925304572796e+06
6.786808361794932711e-07,8.961752665652709547e+05
7.400328157671786355e-07,8.219147395070928615e+05
8.882929641978246777e-07,9.699309182043239707e+05
9.491935828505922476e-07,9.813970701391779585e+05
1.302386242196643653e-06,7.562854293442228809e+05
1.136115011768428018e-06,8.476456859660547925e+05
9.480311358802222797e-07,1.023221481031971634e+06
9.511933882966593575e-07,1.025158015781414811e+06
1.292967834193410174e-06,7.954498776817466132e+05
9.691064119227407830e-07,1.043326264629419893e+06
9.894060306575727091e-07,1.201311578669092618e+06
6.312903549888754408e-07,8.765889890761831775e+05
7.400328157671786355e-07,8.219147395070928615e+05
5.137343543325798105e-07,1.397118769008036703e+06
9.491935828505922476e-07,9.813970701391779585e+05
9.480311358802222797e-07,1.023221481031971634e+06
6.643996138094258682e-07,2.096378435370256891e+06
1.135477570475587533e-06,9.082887364599112188e+05
7.563345270701919865e-07,1.351021555467456114e+06
1.260092023834198475e-06,8.074357749354285188e+05
8.921856657592373421e-07,1.235315964216154069e+06
8.110831669794162337e-07,1.446828756656571059e+06
8.015040038464139640e-07,6.380546928224690491e+05
9.146339209676203797e-07,5.920389390565067297e+05
5.137343543325798105e-07,1.397118769008036703e+06
1.145514405399927172e-06,7.780846215445795096e+05
1.358262732090700816e-06,6.557067684434792027e+05
1.281376493401313504e-06,7.724617637192609254e+05
1.443303339447429222e-06,6.717230771182752214e+05
1.225978984125923509e-06,8.338283241052879021e+05
1.285544358365603337e-06,9.626013751357501606e+05
1.191406238129536230e-06,1.044073781592827756e+06
2.180614464600352690e-06,7.188302206958447350e+05
7.366627536890711105e-07,6.525467309591684025e+05
9.187786609937897520e-07,6.130724528266268317e+05
7.091184211299167778e-07,8.034806996187145123e+05
1.240653143551011662e-06,7.614194052468078444e+05
5.708127425959710660e-07,1.774180489084034460e+06
1.402610069965252406e-06,7.228293194419472711e+05
1.225978984125923509e-06,8.338283241052879021e+05
1.522351050407341023e-06,7.285506230681606103e+05
1.352121722047381077e-06,8.701105532253133133e+05
1.124038954152428254e-06,1.164620275191616965e+06
2.164998895210300426e-06,7.244659676935187308e+05
3.062173744007138720e-07,1.997668428728911094e+06
4.113478640911751772e-07,1.461267913789167069e+06
2.324969449533919389e-07,2.792257870186437853e+06
4.439162418701650367e-07,1.500984811411197064e+06
2.382608134220984364e-07,2.915579808232021518e+06
5.348731221709217002e-08,1.379636631773038581e+07
3.900440800801974972e-07,1.834538901906368556e+06
5.418477698877764016e-07,2.482242416964931414e+06
7.050257312050851854e-07,2.059927169641718734e+06
1.329868731644643251e-06,1.050460064870337257e+06
6.084288825387784112e-07,3.043416230107971933e+06
4.484853716471157062e-07,2.056350026680422202e+07
2.522270794364571995e-07,3.024906583804113790e+06
1.061316068633908613e-06,8.303152937212176621e+05
7.312228393797917138e-07,4.272289473420049995e+06
1.023077132998566558e-06,1.084505651901017316e+07
1.195115556950747576e-06,9.451985952707539545e+05
1.383812025977763260e-06,8.179949753686817130e+05
1.019824361264331375e-06,1.217036327042271849e+06
3.651609397460544310e-07,3.499888289542654529e+06
2.003895127381544928e-06,6.622832539895155933e+05
1.807562257520754852e-06,8.179390446899061790e+05
2.275007297540584397e-06,6.501601451203303877e+05
4.264975290310917710e-07,1.910319770938621089e+07
1.770881844497793221e-07,3.092343047341996431e+07
6.980398136867024538e-07,7.227841118867456680e+05
1.237131372999180885e-06,7.970495872024616692e+05
1.267774721220248950e-06,7.722688047267987859e+05
1.406812777930985451e-06,7.893271273996374803e+05
1.248567654294474792e-06,9.988193010419809725e+05
1.854476206393028021e-06,6.842551058592419140e+05
1.249884780102182396e-06,1.047435919917285210e+06
2.290319349307198632e-06,6.838870098699283553e+05
1.916469346913739880e-07,5.683886883844194561e+07
1.770881844497793221e-07,3.092343047341996431e+07
3.443204824078164568e-07,1.888647685035609407e+06
4.117344466646853647e-07,1.596734842283019330e+06
4.115028443879871924e-07,1.688018692836295115e+06
4.775672787331829114e-07,2.535420902445602231e+06
7.350204629155013286e-07,1.575579626666815951e+06
7.575489469948283832e-07,1.558824906376215164e+06
9.634224223247094234e-07,1.446524515871262411e+06
8.834341974799570794e-07,1.786381991014026105e+06
1.286104758746440754e-06,1.218932289730092743e+06
2.819113777415356620e-07,1.208259923411026224e+07
3.465053110374222677e-07,1.905997137849350227e+06
8.171175481570564254e-07,1.060684248226101743e+06
3.745841843653118041e-07,1.926640744777150080e+07
9.476091341157182879e-07,9.505716210949678207e+05
9.751603023445391104e-07,9.585879626248105196e+05
8.323198455314604975e-07,1.094867713346277596e+06
8.023124009411103686e-07,1.384367325717624743e+06
1.087951637987011501e-06,1.174000354657716816e+06
7.945993838088265402e-07,1.657276824517926667e+06
1.551818572090724365e-06,1.008984842089407262e+06
6.287209716787010933e-07,8.212019706493166741e+05
4.463147806214737968e-07,2.576538795148694515e+07
6.628325366332427855e-07,1.598964488747268217e+06
5.867726910446293985e-07,1.737162227981393458e+06
6.720727978644975924e-07,1.524001787362814415e+06
8.873354285333273487e-07,1.203945824834999628e+06
6.855881720529033747e-07,1.552805520902305841e+06
7.567498217642491177e-07,1.536500556232783943e+06
8.458491144081727722e-07,1.478067671593738254e+06
8.631931047583323178e-07,1.399297663044321351e+06
1.231761486750319629e-06,1.083092614188628038e+06
4.456336025265545285e-07,3.277730803477029782e+06
1.552232897554677564e-06,1.008704193738007802e+06
6.462049410352659847e-07,8.373032128788813716e+05
4.292145368633436850e-07,2.024283845095220488e+06
7.893549301608731567e-07,1.247707140838298015e+06
7.749785984511248424e-07,1.273522719147910131e+06
5.867726910446293985e-07,1.737162227981393458e+06
6.720727978644975924e-07,1.524001787362814415e+06
7.168398180108867890e-07,1.494455290221149102e+06
5.977712627381903357e-07,1.776489162682326278e+06
6.855881720529033747e-07,1.552805520902305841e+06
7.558332734448026500e-07,1.409125958124339348e+06
5.793000650081966618e-07,1.920363218852291582e+06
8.631931047583323178e-07,1.399297663044321351e+06
5.419695602751677259e-07,1.702219990377232432e+07
4.642938113687869131e-07,1.397879073645359371e+06
3.511775336039810747e-07,2.077413529859431554e+06
8.853678588291229700e-07,9.063720657495787600e+05
7.016172397971594839e-07,1.306672971058788942e+06
7.712659342088728369e-07,1.230186551728897961e+06
6.474231160275399367e-07,1.693692201278367778e+06
7.558332734448026500e-07,1.409125958124339348e+06
7.168398180108867890e-07,1.494455290221149102e+06
9.191417675533697093e-07,1.269362420482717222e+06
8.693342335595378607e-07,1.352157937753714155e+06
3.223860725866652454e-07,1.848218258292939048e+06
4.642938113687869131e-07,1.397879073645359371e+06
6.704340136753779096e-07,1.387630093964397442e+06
6.401469196585167308e-07,1.521159338994543301e+06
6.853948961561376568e-07,1.483598032648960361e+06
6.025870115233393675e-07,1.681917072126904503e+06
5.072297075650176344e-07,2.053776149483017158e+06
7.379888505577482896e-07,1.412319411947030108e+06
7.520719529557219625e-07,1.546003118609509664e+06
8.693342335595378607e-07,1.352157937753714155e+06
9.191417675533697093e-07,1.269362420482717222e+06
7.357440571836666492e-07,1.673157014465170447e+06
3.856937723439682009e-07,2.082886885938196909e+06
4.601836256390279162e-07,1.780660141630813945e+06
4.326394521616734025e-07,2.474099917897738982e+06
5.122469583764368215e-07,1.742683664373708889e+06
5.725960930156484514e-07,1.600117054225433851e+06
5.740899199395818829e-07,1.588248837798416382e+06
6.704340136753779096e-07,1.387630093964397442e+06
6.532865757422321668e-07,1.513233718178851763e+06
6.401469196585167308e-07,1.521159338994543301e+06
6.025870115233393675e-07,1.681917072126904503e+06
6.853948961561376568e-07,1.483598032648960361e+06
3.856937723439682009e-07,2.082886885938196909e+06
3.021431622318380128e-07,2.801658714701090939e+06
3.549692516665170883e-07,2.296684784431301523e+06
4.089311716394239103e-07,2.161892486581589095e+06
3.592778749267735709e-07,2.415171224075546023e+06
3.042925443155578867e-07,2.923856477289284114e+06
3.743226942416904865e-07,2.778100590676500928e+06
4.940417190083968336e-07,2.388996455943807960e+06
4.200682518753383900e-07,2.789358578975636512e+06
4.211614850644570178e-07,2.964927673844298813e+06
6.734770056789760066e-07,2.202013557438602205e+06
8.349272280737723634e-07,1.770869030627636937e+06
1.005113173877481427e-07,2.362179241419322044e+07
3.549692516665170883e-07,2.296684784431301523e+06
5.717152833923931235e-07,1.547650348262024112e+06
2.906996207445112296e-07,3.008041000599859748e+06
3.042925443155578867e-07,2.923856477289284114e+06
3.592778749267735709e-07,2.415171224075546023e+06
4.628945957123879316e-07,1.925123727927565342e+06
4.570201705176339904e-07,1.911420249128787778e+06
5.192127336476411428e-07,1.810452083962804172e+06
7.925901196655568665e-07,1.259758057698871475e+06
7.905610175680128197e-07,1.312465454671279294e+06
7.081562925135442230e-07,1.583187588899357012e+06
4.548670403504133006e-07,1.147749729314432014e+06
4.287757097021889409e-07,1.427349866873024497e+06
7.065967552399471977e-07,1.094641003057354363e+06
5.717152833923931235e-07,1.547650348262024112e+06
2.359631319233377569e-07,3.233123840443534311e+06
5.893047536551248209e-07,1.508991261754136533e+06
4.471038669430203304e-07,2.075287736617473187e+06
7.925901196655568665e-07,1.259758057698871475e+06
5.894528103516624072e-07,1.716402230140424799e+06
7.905610175680128197e-07,1.312465454671279294e+06
2.539153432549793976e-07,2.435402012140124105e+06
4.287757097021889409e-07,1.427349866873024497e+06
2.327156102641014242e-07,4.027935974080315325e+06
2.359631319233377569e-07,3.233123840443534311e+06
5.753179371990137528e-07,1.713849508722522063e+06
6.553184328423977158e-07,1.609762262694877572e+06
7.881216312881150073e-07,1.326533559179569362e+06
4.535351331659220518e-07,2.456110495551232714e+06
3.932908269599165800e-07,2.897371124706363771e+06
8.046167483926405049e-07,1.442441484754680190e+06
7.202450578532829619e-07,1.655304620799885131e+06
1.394158444101273170e-07,1.606556243937416933e+07
3.846836194498211081e-07,2.215566009068201482e+07
2.820639729611091556e-07,2.982752697598354891e+06
7.777216465310150599e-07,1.019185073439548607e+06
8.413910955171866648e-07,9.951797524704171810e+05
5.809787484802883437e-07,1.636713158362468705e+06
8.829006792412867312e-07,1.132305018417850370e+06
4.426105191773389943e-07,2.446080477098511066e+06
6.259751349471102357e-07,1.910264207202563062e+06
7.357481788068801598e-07,1.610797219583966304e+06
6.078258720605252338e-07,2.365667423005400226e+06
1.270029351114749008e-06,1.164815490695027867e+06
3.365688375958674741e-07,2.305816550613039173e+06
5.000645779414651820e-07,2.243338254161789641e+07
7.132791642052375953e-07,1.245103657700329321e+06
7.176635167108313509e-07,1.201406054838027107e+06
4.004166487681612610e-07,2.429774593891853932e+06
8.394126173698146782e-07,1.227448111682897899e+06
4.426105191773389943e-07,2.446080477098511066e+06
7.837679915720684250e-07,1.547425632288536057e+06
1.101957853175894117e-06,1.096819175330660306e+06
8.756574592931154219e-07,1.395850883627750445e+06
8.759191476924697107e-07,1.441485200402456569e+06
1.198810781971104957e-06,1.112887365116374101e+06
2.606743932276904683e-07,7.580116904595100321e+06
6.244137059835422170e-07,9.126507955950527685e+05
9.465384224129985453e-07,6.439482060253169620e+05
3.062101734840711031e-07,2.674652713057461195e+06
7.266985432314597709e-07,1.093574734392232262e+06
1.474685257662667788e-06,6.713337307340974221e+05
1.524309765139816887e-06,6.986545313422149047e+05
1.096536961921077535e-06,1.004866296110658557e+06
9.922775168176328351e-07,1.124032354189491365e+06
1.246714758752229022e-06,9.530542093404813204e+05
1.285976392347853316e-06,1.008867378859735909e+06
2.212388086876039980e-06,7.084124187018246157e+05
4.333687313106956270e-07,4.585550285638811067e+06
1.168412016621277569e-06,4.886808610148956068e+05
9.944595543900372805e-07,7.297654754757939372e+05
8.156537605636362195e-07,9.760948426143116085e+05
1.010606418965754671e-06,8.003624351293365471e+05
8.669589188957979788e-07,9.389296584733015625e+05
1.198532975552398590e-06,7.200453637252105400e+05
1.532653116144647952e-06,6.186570762659768807e+05
1.638548353509284091e-06,5.942401408457832877e+05
1.474685257662667788e-06,6.713337307340974221e+05
1.524309765139816887e-06,6.986545313422149047e+05
6.803445844927470389e-07,7.991160695056779077e+05
7.060152012192900279e-07,1.069697945088284090e+06
5.552130284604444953e-07,2.065378543061309680e+07
6.948771075456853857e-07,1.209570424250809243e+06
7.231316697552441260e-07,1.272647882059690310e+06
5.900292184827179015e-07,1.510201983391535701e+06
8.946632349495220519e-07,1.059468872583156917e+06
8.377798426691079436e-07,1.143246118290484650e+06
1.457796019005521704e-06,8.698633940198657801e+05
1.214315335760430183e-06,1.040430682069524075e+06
1.409259307406711851e-06,9.043572926584437955e+05
6.803445844927470389e-07,7.991160695056779077e+05
6.085543307559418763e-07,1.840169054099137709e+07
7.268301965708194475e-07,9.636955196061553434e+05
8.859194230759292040e-07,1.026979818384302896e+06
5.882269216674039093e-07,1.679502026431387058e+06
7.218522186127000325e-07,1.330548792203790508e+06
7.326594980964584473e-07,1.555420122952054255e+06
9.610703356828263594e-07,1.251126601325497730e+06
8.188204165467212767e-07,1.511979620063139126e+06
9.376156175316432305e-07,1.479435458186836680e+06
1.389697910515356073e-06,1.065361580911113648e+06
1.884922707910430868e-06,7.839636677370611578e+05
4.683916713758932645e-07,6.613928490281390958e+06
9.161533553633301261e-07,8.796729419136907673e+05
6.322367201795190665e-07,1.387786666246836539e+06
9.339229596924464975e-07,9.432507273968601367e+05
1.258551800039719461e-06,6.907141910060332157e+05
1.220050855373537613e-06,7.837127659885990433e+05
1.026911933419162776e-06,9.132777973873992451e+05
1.326086980090199362e-06,7.391754144813262392e+05
1.271719062427124563e-06,9.281893385840003612e+05
5.554717083260154495e-07,2.453658653422936797e+06
2.025297444372123547e-06,7.306545366560196271e+05
2.663353824316442494e-07,2.949530604276721831e+06
7.284066458422671709e-07,1.238276680386740249e+06
7.365676615427892702e-07,1.263094685643019620e+06
1.132316100566762350e-06,8.200950021229252452e+05
1.421405008687337608e-06,6.748735402507374529e+05
1.224361604457494705e-06,7.760657169213526649e+05
9.346466126150275659e-07,1.178155021185269346e+06
8.633273305580859658e-07,1.278423569402776472e+07
1.271719062427124563e-06,9.281893385840003612e+05
1.437098875759859300e-06,8.533415165703644743e+05
1.857510140756335988e-06,7.127837800889654318e+05
2.012518647380545844e-06,6.960353275422551669e+05
2.083360639424448929e-06,7.112319202470787568e+05
7.091126116748346664e-07,7.644277601305836579e+05
3.001342233486056153e-07,7.662869907650878653e+06
8.787051402437218299e-07,8.953402070766569814e+05
1.096179850989879493e-06,7.698237186680519953e+05
1.120398399155623156e-06,8.326867112448243424e+05
1.396162957327530550e-06,6.938323817519065924e+05
1.476266864491088133e-06,7.242031979572324781e+05
1.612344180127916129e-06,6.558262080193619477e+05
1.195844300386372624e-06,1.022402647474118276e+06
7.959441258829362919e-07,1.588753515048003523e+06
1.788191565595060219e-06,8.294565784025704488e+05
8.397951239565714396e-07,2.069583467682823073e+06
3.587579415225606316e-07,2.018451263970750617e+06
3.439580150379763682e-07,1.483652738586703083e+06
6.005767927848977916e-07,9.547537828433593968e+05
7.383824211806405417e-07,1.331589844268910121e+06
6.441285313917105482e-07,1.619854443816401530e+06
4.543960710684884180e-07,2.444762424523774069e+06
6.676964925810460301e-07,1.667796354910702445e+06
9.208216576314844877e-07,1.254670103483534651e+06
6.539172689586322489e-07,1.784100341109152883e+06
1.293249671448779060e-06,1.089881804681506008e+06
8.205590371973797312e-07,1.994682329298526281e+06
3.439580150379763682e-07,1.483652738586703083e+06
6.470312754498652966e-07,9.446872671701245708e+05
5.829402150974246077e-07,1.595833639628926758e+06
6.120122881023491355e-07,1.599052295612835092e+06
7.305803909825158207e-07,1.384352740105054807e+06
8.415594692244919537e-07,1.276854696837515337e+06
4.543960710684884180e-07,2.444762424523774069e+06
6.441285313917105482e-07,1.619854443816401530e+06
8.566914278765826629e-07,1.360743837390581379e+06
5.374653835478255882e-07,2.176296870732468553e+06
8.642404441254645163e-07,1.626871705817128299e+06
4.056719518717082235e-07,3.718785032719589304e+06
2.570959433924704329e-07,3.585452620945487916e+07
4.536478566483617869e-07,1.122905704572628252e+06
4.534806551476424503e-07,1.553489006487073144e+06
5.185586026550287533e-07,1.636266194829541259e+06
5.678224942725603323e-07,1.705758254363967804e+06
7.305803909825158207e-07,1.384352740105054807e+06
7.680248384690467095e-07,1.544918092888925457e+06
5.374653835478255882e-07,2.176296870732468553e+06
8.682675775374668935e-07,1.536975401252611307e+06
1.110400650556277472e-06,1.197419829234760487e+06
3.574197441487281906e-07,1.809759013593503507e+06
1.990133934394597310e-07,3.154644934550841805e+06
3.627999683266661797e-07,2.301012427812586538e+06
2.452377418140460983e-07,4.639929763788194209e+07
4.209120713005669647e-07,1.949086353177218698e+06
4.289836201324194364e-07,2.390912626433737110e+06
3.263513171538967481e-07,3.391012401503703091e+06
6.063876360071168434e-07,1.827643549735410605e+06
5.352978999217239793e-07,2.129702060513415374e+06
6.150237632552499402e-07,1.967096253017947311e+06
7.416787309454077312e-07,1.809113480064206524e+06
5.696651501955661838e-08,4.089509816137684882e+07
1.597001020168479950e-07,3.357856197208048310e+06
2.677662600184126505e-07,2.428364354959372431e+06
3.480808500965814929e-07,2.107118602547094226e+06
4.899075098082018741e-07,1.862398602431705222e+06
3.947726467046933985e-07,2.701725541965050157e+06
6.768600667554395840e-07,1.548126115524810273e+06
3.951357740722082876e-07,2.844903809034524485e+06
6.835518242112734714e-07,1.659112690973934717e+06
2.853637669265411887e-07,4.175898808401325252e+06
6.458693012385191356e-07,1.957909556602766505e+06
7.204701211414557274e-07,2.046510245745091233e+06
1.496165903877398917e-06,1.180669088386122603e+06
1.550452941490706824e-07,3.274714802747491747e+06
5.870762752549747847e-07,9.220194061722365441e+05
2.473643087743581784e-07,2.978159025400090031e+06
7.172754781308039984e-07,1.026392546810020693e+07
5.373294053739876715e-07,1.592636871377107920e+06
7.840903181509216480e-07,1.313334938081706641e+06
1.036702199692545568e-06,1.035101577802651445e+06
1.076243463287129951e-06,1.037198266935547814e+06
6.751134856879298824e-07,1.841081968413386494e+06
7.023321441997187867e-07,1.880291471584853483e+06
1.353545215040420889e-06,1.031624962414383306e+06
5.478800883745325134e-07,1.283587888514032122e+06
8.148469486511260460e-07,8.347970451153825270e+05
9.249832977057362153e-07,1.031386472919147112e+06
8.159887316795875490e-07,1.171631465439562220e+06
9.099455548847301859e-07,1.130601079676276306e+06
1.180629354360179734e-06,8.615617571684516734e+05
1.171286509361188392e-06,8.717897037246637046e+05
1.053161300569389887e-06,9.993792951371767558e+05
9.199020512068163294e-07,1.146602732137857005e+06
9.563051524193398680e-07,1.161752307473259280e+06
7.792045377629031298e-07,1.482223589338999707e+06
9.309468326226928871e-07,1.399798921147209127e+06
4.391802296942434794e-07,1.636515426654147450e+06
4.923426682539236596e-07,1.523182913305339869e+06
5.252371495973356197e-07,1.510871972894644830e+06
9.345516474800590525e-07,8.353341697786056902e+05
3.733856867562546313e-07,2.458339451914327219e+06
9.249832977057362153e-07,1.031386472919147112e+06
1.180629354360179734e-06,8.615617571684516734e+05
1.171286509361188392e-06,8.717897037246637046e+05
1.053161300569389887e-06,9.993792951371767558e+05
7.792045377629031298e-07,1.482223589338999707e+06
1.036030468237895659e-06,1.359314260910577839e+06
4.868930399753810971e-07,1.295722235040825792e+06
5.506721068955628628e-07,1.498954194652531529e+06
4.672299192143690103e-07,1.970323347583809635e+06
3.331738141831390877e-07,2.945024579702630173e+06
4.275883974201631640e-07,2.208752007778137922e+06
4.338953650161184107e-07,2.367839074473067187e+06
6.115520273348566230e-07,1.819759348218662431e+06
8.056425590949129781e-07,1.334346258414261742e+06
1.019220178584936232e-06,1.247829258315125247e+06
7.306736393233406756e-07,1.816849959878192749e+06
8.939393083393660804e-07,1.539266113343994599e+06
1.518284150767042577e-06,1.094290233246118529e+06
7.771533329659228730e-08,2.272075416851190850e+07
2.419415106948032656e-07,2.207383723325418308e+06
3.493123790654506029e-07,1.535761509264251217e+06
3.477034292945446111e-07,4.140614440910209436e+06
4.177162020294781209e-07,2.402597547559994273e+06
5.352799713785455491e-07,1.822007480060388101e+06
9.179140192177843063e-07,1.119088566961926408e+06
8.056425590949129781e-07,1.334346258414261742e+06
6.546740119396346289e-07,1.752155662111831596e+06
5.678085885850326469e-07,2.173320874490078539e+06
9.511137778221362015e-07,1.367589634301714133e+06
6.778990915572311992e-07,2.065563000612468226e+06
1.495701417977692740e-06,1.112264685157117201e+06
5.043845905469070401e-07,9.790393749418964144e+05
3.493123790654506029e-07,1.535761509264251217e+06
2.857266371660853550e-07,2.532472310786126181e+06
1.011156908539200968e-06,8.968776099160232116e+05
5.629167455500644786e-07,1.694525549616512377e+06
1.047586240773427682e-06,8.927483428903459571e+05
8.226284195926827545e-07,1.264233257151182042e+06
2.268191178307613271e-07,4.800393396092183888e+06
1.006002200052856254e-06,1.296706523375913501e+06
8.561113310490369262e-07,1.616694671567569720e+06
1.677185368888442778e-06,9.903079957388102775e+05
3.837097919758387816e-07,1.350732522393990774e+06
3.514402923642732715e-07,1.512234025719915284e+06
3.677782546856292783e-07,7.379067518112419173e+06
4.072351432126027246e-07,1.621298102647476597e+06
5.475835255164382238e-07,1.462107062726731412e+06
8.703033686187923949e-07,1.039425825146725052e+06
9.145245676212730003e-07,1.434830196319975657e+06
7.322953073790560143e-07,1.881062022060120711e+06
9.456273353145212786e-07,1.456328133700693259e+06
1.415290606257671278e-06,1.107908445394500159e+06
1.686908239091993734e-06,9.839876861317487201e+05
3.837097919758387816e-07,1.350732522393990774e+06
3.514402923642732715e-07,1.512234025719915284e+06
4.375326062066233159e-07,1.380425397183327004e+06
4.059108831382718685e-07,1.888548878229471156e+06
5.370740171849957984e-07,1.552112034773970256e+06
6.841773253619399977e-07,1.239053879587864270e+06
6.197628390889738899e-07,1.697539168151339050e+06
5.466260236774310552e-07,1.970094619058720767e+06
4.689657414343651712e-07,2.517045423172874842e+06
4.355706804980911671e-07,3.131125579537670594e+06
4.584846039482277963e-07,2.030638829506230727e+07
2.505645461471587015e-07,3.206640483385692351e+06
3.917413722425512063e-07,2.231438591718718875e+06
6.931455592099186600e-07,1.174515163177759387e+06
4.326326795806477628e-07,1.928313347955841338e+06
4.514658613726326894e-07,2.089424727494630730e+06
6.197628390889738899e-07,1.697539168151339050e+06
5.466260236774310552e-07,1.970094619058720767e+06
7.519696310222592990e-07,1.537019533932133578e+06
3.915577180805713894e-07,3.220476198183319066e+06
8.633689300066315443e-07,1.583204181828848552e+06
9.620434371162243332e-07,1.548220198476533173e+06
5.009483703983516134e-07,1.068078390198699199e+06
5.726720096144239760e-07,1.282106168521950720e+06
3.917413722425512063e-07,2.231438591718718875e+06
5.918749617648807191e-07,1.536928103080123663e+06
4.514658613726326894e-07,2.089424727494630730e+06
8.444750265387870282e-07,1.128232068267594790e+06
6.030166510416649522e-07,1.703836964314040495e+06
8.910266023402134972e-07,1.216443555331467651e+06
6.846953495546574495e-07,1.537675134614356328e+06
1.705365865394278708e-07,6.383388909744731151e+06
1.037518960958024943e-06,1.066311451959880069e+06
3.802955773307135127e-07,1.906804225511418190e+06
5.739507872742584922e-07,1.415884037013130262e+06
3.168893546442802191e-07,2.834367197318152525e+06
2.683675067322836132e-07,3.404470210306395311e+06
6.247579160835688543e-07,1.572341103440406499e+06
4.179003916941681094e-07,2.611660973980265670e+06
4.587477452719407492e-07,2.415175548356277868e+06
6.636154074806096418e-07,1.664062625731606269e+06
5.086728440437996053e-07,2.163880655470731668e+06
4.800229768532748145e-07,2.289991264561695047e+06
3.875055907135131296e-07,3.310258377139927354e+06
6.086267995967582164e-07,2.427252545302720275e+06
1.365052138076025956e-06,1.217112022684296360e+06
3.037759395930697820e-07,2.294520914764754009e+06
3.802955773307135127e-07,1.906804225511418190e+06
3.521571845582924921e-07,1.944655393218548270e+06
3.379710561450723063e-07,2.061933984625203069e+06
5.558963580418623454e-07,1.407040518736969447e+06
5.324468109881918900e-07,1.975720259755386738e+06
6.231163979895607363e-07,1.685124287114496343e+06
5.230683450968826390e-07,2.411233637074667960e+06
5.491002348658744162e-07,2.394965594570152462e+06
5.296078327278465304e-07,2.481209109014709014e+06
1.009328481157932994e-06,1.551450747875752393e+06
2.091435723959433467e-07,8.413186840575793758e+06
3.379710561450723063e-07,2.061933984625203069e+06
4.033562153140316033e-07,1.980041329546857858e+06
8.505906766138715765e-07,1.063882191565796966e+06
8.811578998028646117e-07,1.020772746121883392e+06
6.726009254475802508e-07,1.411598902732979041e+06
6.027577689960138488e-07,1.601259838426064933e+06
6.712044430760982325e-07,1.478687669222141849e+06
6.115345812292021046e-07,1.573127772798284888e+06
5.123694975965072333e-07,2.145143225411896594e+06
7.376911731989489845e-07,1.528284494881496066e+06
4.973819539099831271e-07,2.553833690576104447e+06
1.147252857098117961e-06,1.293271388508500764e+06
2.590058164337402714e-07,1.536071444629668258e+07
5.495596425492868148e-07,2.983200204006830696e+06
3.885573854717671464e-07,2.206150780821716413e+06
7.995633447633782278e-07,1.134164049140006537e+06
5.969183178792745255e-07,1.503835501670012716e+06
5.553169599398629993e-07,1.810917122262484860e+06
6.007712618434533535e-07,1.836615246845419519e+06
7.527287465103745094e-07,1.486117951093958458e+06
5.312802489125123293e-07,2.276598083564878907e+06
7.020883412045647825e-07,1.687951659731704509e+06
1.177804806665278776e-06,1.130180058190038428e+06
1.165899774805010113e-06,1.270986087903162232e+06
2.136675208527564916e-07,5.291861461226388067e+07
2.190333127584459471e-07,3.172920533406153321e+06
5.645598370112584032e-07,1.732844885222968645e+06
4.349849126981874196e-07,2.262383919480418321e+06
4.523967260547035944e-07,2.188450477312896866e+06
4.124466313729332795e-07,2.408696235203636345e+06
6.269549883200237391e-07,1.644508791612412315e+06
3.952462095459094603e-07,2.834914879160311539e+06
5.868261871229497506e-07,2.044625828054273035e+06
5.640995258041624918e-07,2.332836209143768065e+06
7.099219575834980203e-07,1.881591785768247442e+06
8.460940443150718049e-08,1.576359877637323551e+07
1.090693613414084350e-06,1.435199178708623629e+06
1.421763601465391328e-07,6.616166303006124683e+06
2.268176607847451592e-07,2.255560970293907914e+06
2.337875494849262901e-07,2.541465599835977890e+06
2.190333127584459471e-07,3.172920533406153321e+06
4.349849126981874196e-07,2.262383919480418321e+06
4.124466313729332795e-07,2.408696235203636345e+06
1.469012216717106075e-07,7.501831714977857657e+06
3.978497461058916758e-07,2.850261898010219447e+06
6.011938409377951268e-07,2.346991597108962014e+06
7.087570260666781822e-07,2.092118280794851482e+06
1.552849318717535691e-07,3.605743819526033942e+06
1.959282382304988894e-07,5.593321144831156731e+07
1.802661909930299634e-07,4.920922103313590400e+06
2.237685297076717635e-07,3.928216584043258801e+06
1.699085148818351225e-07,6.005680267156340182e+06
2.449646724601878633e-07,3.905356240603217855e+06
1.036245598897910297e-07,9.411442197007298470e+06
2.532396009902943706e-07,4.229613631040018052e+06
3.113837658507619292e-07,3.662663726325372234e+06
2.585545257108594297e-07,4.705704241294514388e+06
1.902612664329370658e-07,6.905113467761418782e+06
3.257733891837421421e-07,4.324411891725456342e+06
2.552059425476811974e-07,2.718313902430175338e+06
1.976229268041408317e-07,4.029500669235052541e+06
1.113029669722099477e-07,7.332856753671691753e+06
2.332814396005934896e-07,4.941121045410867780e+07
3.124733903531222191e-07,2.955119861852170900e+06
4.137244432590414143e-07,2.412669793291534297e+06
4.818366478586627545e-07,2.237128300447708461e+06
3.250381326517858750e-07,3.159911037535265088e+06
5.488100593399585836e-07,2.105484495226450264e+06
3.360209053716162912e-07,3.577922077108297963e+06
5.146370188574451431e-07,2.387151232236188836e+06
7.352169895688713225e-07,2.137116960348336026e+06
5.958694283158909232e-08,3.833351197826945782e+07
5.213531656842879936e-07,8.704700330702073406e+05
7.272216298420633018e-07,1.037778692111648968e+06
3.691827141631672117e-07,2.999060409728518873e+07
3.633489842991472098e-07,2.124241060491707642e+06
6.242298867765835050e-07,1.393708756158759352e+06
4.987534357858192086e-07,1.870582509567990666e+06
1.002955379402178227e-06,8.721615042183001060e+05
5.909267958097168369e-07,1.587182168890683213e+06
1.273603681460367153e-06,8.870600099583634874e+05
1.906513421264066927e-06,6.978042899312598165e+05
2.779007114257844096e-07,3.223768174937169999e+07
5.168293201756458586e-07,1.741725212426808197e+06
1.151781096755602477e-06,8.180072465152664809e+05
5.858987127801170915e-07,1.570050952903441852e+06
8.425043696159868703e-07,1.138919027528699255e+06
1.110090006899131116e-06,8.864924720492511988e+05
6.914217868291661639e-07,1.372217148578353459e+06
9.625241211296416077e-07,1.026382034335663426e+06
1.035348104383674235e-06,9.810318804715170991e+05
9.888624337290886518e-07,1.021948225995469489e+06
3.672981109473905621e-07,3.987443304112669546e+06
2.366684970309600220e-07,7.635779108764882199e+06
3.370324865401121596e-07,1.069670163326102868e+07
5.175181188237499109e-07,1.209268645826127147e+06
5.168293201756458586e-07,1.741725212426808197e+06
5.858987127801170915e-07,1.570050952903441852e+06
5.173787016874299610e-07,2.070428020869659027e+06
5.482856371421909944e-07,2.110848602841425221e+06
6.207047943331193893e-07,2.035960036169152707e+06
8.073753246740464251e-07,1.604260931774020195e+06
7.874598796505036444e-07,1.756358147547422675e+06
1.306376884870370718e-06,1.199881400503950892e+06
1.597634507392593508e-06,9.813283307255669497e+05
2.366684970309600220e-07,7.635779108764882199e+06
5.175181188237499109e-07,1.209268645826127147e+06
5.376360710228160272e-07,1.236780584438528866e+06
4.370304930425472903e-07,2.015588366703523323e+06
6.334896374301064398e-07,1.375364378944710596e+06
6.521950408963997056e-07,1.343824252243615454e+06
2.897762104873694776e-07,2.888215694392424077e+06
4.660172197401345407e-07,2.142757475846695248e+06
5.549341942153450246e-07,1.717803840191139607e+06
5.489904057343448300e-07,1.909261282502467977e+06
1.592002696351088699e-07,3.054901709004943725e+06
2.085794504407237319e-07,2.421391260120803025e+06
3.526550999569313880e-07,1.638192212525273208e+06
4.660172197401345407e-07,2.142757475846695248e+06
5.541268588817536058e-07,1.959675763549738564e+06
5.755003835220999364e-07,1.902086095506268553e+06
5.485856834209273862e-07,2.137972263457354624e+06
3.281414586926014441e-07,3.618652802824184299e+06
4.827599184603739841e-07,2.510125128815419506e+06
5.702726142433757962e-07,2.147020296755748801e+06
6.530148721267707494e-07,2.276814393445068505e+06
1.964401818471336637e-07,2.226033264668211807e+06
1.592002696351088699e-07,3.054901709004943725e+06
3.000752135746414687e-07,2.867551977163077332e+06
3.688984693048760424e-07,2.961655952729867771e+07
6.243495669875226951e-07,1.529940880282472586e+06
4.097549771303838094e-07,2.346106959008255042e+06
3.396757461063054494e-07,2.965981859598156996e+06
7.514351120640852565e-07,1.338181066245417576e+06
5.886499058879776131e-07,2.499761344334274065e+06
1.110190784767819064e-06,1.507885837675711606e+06
1.251111048763088198e-06,1.414482681204279186e+06
3.686610342425333914e-07,1.119236750793851679e+06
6.929464877042116876e-07,1.288227284467083635e+06
6.243495669875226951e-07,1.529940880282472586e+06
9.178780174160295667e-07,1.070459569414954167e+06
7.981275344370882331e-07,1.230286243354083737e+06
8.936968576353491925e-07,1.084717606217881665e+06
7.514351120640852565e-07,1.338181066245417576e+06
7.249184578413385268e-07,1.467463829378422815e+06
9.014242930220650923e-07,1.190397797929933760e+06
9.707801876081189449e-07,1.202235379251118982e+06
2.626432526916804532e-07,5.029515887805600651e+06
3.438330766946747126e-08,6.664205629802589118e+07
6.915562716631008602e-07,2.718860917051394004e+06
5.400442794812551308e-07,1.596531054590335349e+06
2.989665469235912795e-07,3.108088243087774143e+06
7.467885145310777349e-07,1.328399583382712910e+06
9.156541470405429990e-07,1.014112360502521042e+06
6.430984313287858516e-07,1.510495900169150438e+06
5.929408134356993472e-07,1.567291568966379156e+06
9.696270317225336203e-07,9.770911769030618016e+05
7.745666019607214301e-07,1.252806832953947363e+06
1.017628711261565968e-06,1.034527472486232058e+06
6.261259655484670516e-07,1.957513694764319807e+06
1.995731744881837919e-07,9.915703862429909408e+06
3.885465955113519953e-07,1.804625711764562409e+06
6.472849441327749002e-07,1.131050865191657329e+06
4.863818769365285633e-07,1.602436247748991009e+06
6.966603638743989266e-07,1.313753651417027693e+06
7.467885145310777349e-07,1.328399583382712910e+06
4.921954395689621939e-07,1.856712889666344970e+06
5.663887600522534426e-07,1.863013194853174733e+06
1.017628711261565968e-06,1.034527472486232058e+06
8.404791716787446297e-07,1.446216422549950890e+06
5.386279388654201639e-07,2.287906750715394504e+06
8.270286192823208802e-07,1.549047956869178684e+06
6.103577926492216423e-07,2.383006865087937564e+06
1.921325906547996262e-07,3.535676732120523695e+06
3.583634051807990810e-07,2.375691875742036384e+06
4.921954395689621939e-07,1.856712889666344970e+06
4.528876572338878181e-07,2.110135311294245534e+06
5.983598830677694302e-07,1.610357333408141509e+06
3.964002972307124466e-07,2.712356100044866558e+06
6.665945996400825710e-07,1.499292613580690231e+06
5.749642046110027281e-07,1.899381832387263887e+06
7.707934104636268888e-07,1.524067509647792205e+06
5.386279388654201639e-07,2.287906750715394504e+06
8.380083871502074195e-07,1.528376897386645433e+06
1.149444867018300545e-06,1.289827726450743619e+06
1.421620614853858072e-07,1.250365355741022713e+07
1.997899627523854448e-07,3.068307275268008001e+06
2.074705254632806102e-07,3.779000268227494787e+06
1.907254660196044239e-07,4.012078343928354792e+06
3.896515835737873415e-07,2.093208796401586616e+06
2.083581342003045796e-07,3.942370444891029969e+06
3.644481045165215007e-07,2.330901363794877660e+06
2.718621267062535666e-07,3.971745430871629622e+06
3.408896269141531057e-07,3.415632680002165493e+06
3.125805471100503680e-07,3.711684398702134378e+06
5.936735422941743100e-07,2.233239731765224598e+06
1.021815230890781228e-06,1.637786868420378305e+06
1.115813428493019529e-06,1.683119764036401408e+06
2.849120629053819670e-07,3.020742714654111862e+07
1.997899627523854448e-07,3.068307275268008001e+06
2.253714516652411298e-07,2.871935122387218289e+06
2.096028666463018266e-07,3.614554240300249308e+06
1.996077703232094912e-07,4.093395623532439582e+06
2.433684058969584184e-07,4.660376842338632792e+06
2.786640628105787135e-07,4.034190715573829133e+06
2.391258588560403562e-07,5.470561655736985616e+06
4.924623388653632842e-07,2.711537855550264474e+06
5.061992605723599441e-07,2.942948917137075216e+06
4.478292482443804724e-07,3.312904297065325081e+06
7.818881845968513891e-07,1.998637613456810825e+06
3.432159809063019614e-07,1.196578056532486901e+07
2.253714516652411298e-07,2.871935122387218289e+06
3.023461309009580770e-07,2.700398115345470142e+06
3.307269978388149904e-07,2.711110671075744554e+06
5.771399594146005538e-07,1.781719673898237990e+06
7.315301747928925955e-07,1.405858331230265088e+06
7.379305621990362963e-07,1.387590069513319293e+06
3.090790385848773254e-07,3.158753507910094224e+06
5.815812373597177248e-07,1.913057741733042290e+06
3.180024223807676338e-07,3.640049260506124701e+06
5.964006522045290782e-07,1.932044465983575443e+06
5.367388000569157588e-07,1.064214957865997683e+06
3.200554945919950143e-07,2.681998853766931687e+06
2.619065136668209149e-07,3.657398550041644834e+06
7.379305621990362963e-07,1.387590069513319293e+06
6.506066988104342551e-07,1.596382285419374006e+06
7.315301747928925955e-07,1.405858331230265088e+06
5.771399594146005538e-07,1.781719673898237990e+06
7.089395173337430405e-07,1.500643672457233770e+06
5.815812373597177248e-07,1.913057741733042290e+06
5.577877333080833025e-07,2.102071110135627910e+06
4.521447950056871916e-07,2.753783129371399991e+06
8.947425073476969848e-07,1.567718193418182433e+06
3.957839638606214108e-07,4.350796257707329467e+06
4.719805933810456086e-07,1.167368025883940980e+06
4.104283119906120372e-07,2.222186110955824144e+06
6.076328837930003695e-07,1.499929820795424283e+06
6.800873131996695853e-07,1.321882621080190176e+06
4.419067476935832639e-07,2.104500405074581504e+06
6.254754796923013869e-07,1.623349589163412806e+06
6.176016275521725170e-07,1.707891401638764190e+06
5.984644854111772058e-07,1.717267815284650074e+06
6.506066988104342551e-07,1.596382285419374006e+06
6.742983304982514875e-07,1.849423453966168687e+06
7.089395173337430405e-07,1.500643672457233770e+06
1.539558135629959222e-07,2.871697867538194172e+06
4.850170891431942681e-07,1.865819220485958504e+06
4.104283119906120372e-07,2.222186110955824144e+06
4.419067476935832639e-07,2.104500405074581504e+06
6.169420437644083940e-07,1.570778005455879727e+06
6.176016275521725170e-07,1.707891401638764190e+06
8.231853322346363409e-07,1.254948355543324025e+06
5.984644854111772058e-07,1.717267815284650074e+06
6.254754796923013869e-07,1.623349589163412806e+06
8.749283258261790215e-07,1.269552339140137890e+06
7.822791739404587280e-07,1.543978594196729362e+06
1.619855322329936457e-07,3.155212394580156542e+06
2.445857363211797388e-07,3.220534813594376668e+06
2.227554590341609273e-07,3.933907880326323677e+06
2.147667263735960496e-07,4.395739706898457371e+06
3.082711638271402499e-07,3.142568722148528323e+06
4.179747391847832170e-07,2.598575988612255082e+06
3.548287720130215440e-07,3.320440077121110633e+06
4.055182106628666096e-07,2.747356385272203013e+06
5.225096155610734774e-07,2.336991142304376699e+06
5.363755022922215277e-07,2.757455186604847200e+06
9.629386005261607426e-07,1.553874024236499332e+06
7.897032507999295188e-07,1.984653409470357234e+06
1.184563771707920949e-06,1.493721022669935133e+06
2.501869743927787338e-07,1.993529848685852718e+06
2.498460545309109439e-07,3.047236215150474571e+06
3.082711638271402499e-07,3.142568722148528323e+06
4.048797857541429442e-07,2.538998011682337616e+06
5.710254377742694984e-07,1.858194366176960990e+06
4.179747391847832170e-07,2.598575988612255082e+06
4.647913447427101194e-07,2.265404167112688068e+06
6.456391920595540232e-07,1.674125070668599801e+06
4.060083771078969720e-07,2.865206284104786348e+06
4.717119917048658284e-07,2.816476748265164439e+06
8.070408154162428933e-07,1.743777419912667712e+06
1.006162740427478197e-06,1.653171310547150904e+06
1.986282468747736097e-07,8.740466835878398269e+06
6.103461765599274319e-07,1.022195527701680199e+06
3.347424286028014374e-07,2.004108510552614229e+06
6.814860314468667353e-07,1.402166874086950207e+06
7.234208090027110598e-07,1.306846826797733549e+06
3.767400759034121266e-07,2.571885067270725500e+06
3.460950475952891850e-07,2.971336845614328515e+06
4.048797857541429442e-07,2.538998011682337616e+06
4.647913447427101194e-07,2.265404167112688068e+06
4.863295922749193564e-07,2.268733236393909436e+06
5.511267933395443793e-07,2.018012482764447341e+06
6.646400732878237554e-07,1.723439825311533641e+06
8.167224801212271107e-07,1.634026047647174215e+06
3.868014775110419832e-07,1.394491243646294810e+06
4.600573811438388806e-07,2.289836566703806445e+07
5.688289879317574940e-07,1.956264187002822384e+07
5.371980969306392231e-07,1.595119032399972435e+06
3.939187714843913666e-07,2.559016163461199962e+06
3.460950475952891850e-07,2.971336845614328515e+06
3.482776417150226093e-07,2.914154389975204132e+06
3.604680539314223394e-07,2.922462692502568010e+06
4.863295922749193564e-07,2.268733236393909436e+06
6.097836607743257437e-07,1.882925195379865821e+06
6.646400732878237554e-07,1.723439825311533641e+06
3.759638483148955843e-07,1.325607665860620327e+06
3.966868817594676893e-07,1.412705056688129902e+06
4.842774875876529654e-07,2.340444438610447943e+07
6.634413596513109202e-07,1.444562582384547917e+06
7.721422173490426100e-07,1.277884820240570931e+06
8.491491412689737352e-07,1.150829132826387184e+06
7.773356172134699649e-07,1.322862437119160313e+06
4.442430620731371156e-07,2.364103980200786609e+06
6.335508167928422681e-07,1.638924956593969837e+06
1.054566669851174025e-06,1.199104977988241473e+06
1.177755668612352822e-06,1.129736953566460405e+06
9.948320343056773178e-08,2.354304455677934736e+07
2.486517454574088263e-07,2.989347160725396127e+07
5.850817338272490455e-07,1.401803651514782803e+06
7.438389629631371981e-07,1.384772702834463445e+06
5.846035715479453130e-07,1.863121983579406282e+06
5.658631001565812747e-07,2.109231811316593084e+06
6.447178936553784539e-07,1.847699278900051489e+06
6.939706512338226961e-07,1.783739458349109627e+06
1.087380721820072955e-06,1.288429633840860799e+06
1.159170941285664610e-06,1.275663558031371562e+06
1.186560033270050587e-06,1.321919548417618033e+06
6.741587651029682530e-08,1.065153832979555428e+08
1.458449076481556994e-07,5.121882583323900588e+06
3.020630999424715489e-07,2.989700519432716072e+06
4.625160523308900994e-07,2.082560613360551186e+06
2.442457643333378187e-07,4.187710475194902625e+06
5.207039710574352420e-07,1.958624873637028039e+06
2.028405395574877093e-07,5.231294665218637325e+06
2.379609872365410725e-07,4.376618514819467440e+06
3.426006431348044073e-07,3.650802141165889800e+06
2.802063037852306989e-07,4.739842657026180066e+06
3.383283397768365172e-07,3.971750478558405768e+06
6.047495679013314945e-07,2.589183464804045390e+06
3.846566707350113001e-08,5.964660859678537399e+07
2.069026017830408705e-07,3.021228524776337668e+06
1.858474758957451890e-07,3.380762662072152365e+06
2.881856081366462052e-07,2.549701675373207312e+06
2.526796630458806036e-07,3.237683203554068692e+06
3.098591067055385645e-07,2.463488425090857781e+06
2.663540586469474623e-07,3.073617652706422377e+06
3.182071071852254355e-07,2.670483540782676544e+06
4.289183448188657469e-07,2.297581656074074097e+06
3.894975557709349367e-07,2.564384776944824494e+06
3.100896436326281243e-07,3.817211082383452915e+06
2.186600858027151159e-07,1.716872312014572322e+07
3.378951100797061423e-07,1.943875947604766581e+06
1.955987807755301310e-07,3.589466272898014635e+06
4.007067952794255949e-07,2.175709153620508499e+06
4.025191518800859442e-07,2.156617711700583808e+06
4.723092562499174680e-07,2.174279664999474306e+06
3.570611554339954391e-07,3.202332462448969483e+06
5.933496341735529730e-07,2.132949697188804857e+06
9.557428213736770779e-07,1.340923172325671650e+06
7.593820208665614869e-07,1.751559173502245918e+06
1.280035213211345062e-06,1.226381628033929737e+06
4.544984627774402235e-07,1.487977462503085379e+06
4.947464314094165286e-07,1.677867107086977689e+06
5.644572330018441311e-07,1.432995963435633574e+06
1.118536005739682979e-06,8.118850422462697607e+05
1.151272561747795610e-06,7.833747162717629690e+05
8.383187695145312093e-07,1.106557962500013644e+06
1.136047548218459231e-06,8.385704072435460985e+05
9.646494270407453402e-07,9.703007911986726103e+05
1.215521246098603570e-06,8.039061013944605365e+05
1.046917365463546064e-06,1.033934721989190672e+06
1.618168579582221726e-06,8.208399006246125791e+05
3.203996459158484116e-07,1.342591339894122910e+06
1.980136116787557511e-07,3.111442041872353293e+06
1.019244185175826253e-06,8.845299561373079196e+05
1.215521246098603570e-06,8.039061013944605365e+05
6.828967930340090815e-07,1.493199714198279660e+06
9.822783843529559222e-07,1.058712658431926044e+06
9.654436635313242804e-07,1.163532770149608608e+06
8.411912640479913612e-07,1.477377830050460529e+06
9.803917436433018060e-07,1.328931585978340125e+06
8.421486366942300919e-07,1.564598040732531808e+06
1.586605268392892876e-06,9.334824278922694502e+05
1.682047552106869159e-06,9.315867969380515860e+05
1.379740669489202804e-07,3.296055059464243241e+06
1.921169167525092439e-07,2.348751291720234789e+06
1.857014023841627195e-07,2.940193269202200230e+06
2.868092560376546509e-07,3.081169494743537158e+06
3.229993497368898532e-07,2.988057010387618095e+06
3.095587130092372820e-07,3.552887020573804155e+06
5.086777408835827700e-07,2.513892274263901636e+06
4.937648547491445534e-07,2.550413749576485716e+06
8.211029298163511883e-07,1.644790643154153135e+06
1.160526216919942117e-06,1.434602782736648573e+06
4.970799822283597541e-07,4.006016732806604356e+06
1.316501486965260172e-07,3.162059303728200030e+06
1.921169167525092439e-07,2.348751291720234789e+06
3.787712852908344259e-07,8.549058202522933483e+06
5.955177283073096862e-07,1.721337971760808025e+06
3.246238920209759116e-07,3.235312499116070103e+06
6.051276147384317230e-07,1.760251230043292046e+06
4.058306101900275711e-07,2.580541486519017722e+06
6.285340870357216887e-07,1.726527696746270638e+06
4.878098422836106995e-07,2.704693222566184122e+06
5.400877031788102366e-07,2.539082654790890403e+06
9.664345991436932227e-07,1.620384345340746455e+06
4.343309660267017168e-07,1.179684158965438372e+06
3.555665754202857481e-07,1.835687378125431016e+06
4.629025246483860324e-07,1.671221288310257485e+06
5.455646135036433297e-07,1.481104974627383286e+06
6.343777420422884987e-07,1.625298317457559053e+06
7.111645654489330334e-07,1.421207569155195961e+06
5.955177283073096862e-07,1.721337971760808025e+06
6.051276147384317230e-07,1.760251230043292046e+06
4.842679493234866001e-07,2.442802220705900807e+06
5.934397234849808899e-07,2.030608242733633611e+06
6.555298870185000545e-07,1.995430050644580275e+06
9.904124102150986633e-08,2.362486494967596978e+07
2.911558942782345498e-07,1.993374442922534421e+06
4.629025246483860324e-07,1.671221288310257485e+06
5.455646135036433297e-07,1.481104974627383286e+06
4.125711028984411454e-07,2.127812313889310230e+06
2.200799079769760363e-07,4.327573442416164093e+06
2.938905522942479007e-07,2.994667028787216637e+06
3.775224764133951613e-07,2.491727710673304275e+06
4.072283119413782184e-07,2.613413546475131996e+06
7.602196788627003674e-07,1.469711001271364512e+06
4.052578675704585405e-07,2.746201501114637125e+06
7.096160499891257272e-07,1.591422743389827898e+06
2.911558942782345498e-07,1.993374442922534421e+06
3.310292951248074499e-07,3.181239980957543477e+07
5.997019922354108672e-07,1.510217662879267475e+06
2.990365075254857322e-07,2.824755351644050330e+06
2.116460244964277950e-07,4.685885930967591703e+06
3.755203784706814502e-07,2.636822094296169933e+06
7.938309657341729159e-07,1.231890463803762337e+06
7.799854950741258136e-07,1.287600600399104413e+06
3.110112815245150064e-07,3.776334453069182113e+06
5.867058283686176190e-07,2.163163159326525405e+06
6.046930738250576044e-07,2.253613502970023546e+06
9.412325755200863709e-07,1.664941503364034928e+06
3.560116224272817242e-07,2.307708936792805418e+07
3.664431776554649861e-07,6.192219675241669640e+06
4.444365333553002496e-07,1.659470669976390665e+06
3.210971593433902812e-07,2.337862319718409330e+06
5.997019922354108672e-07,1.510217662879267475e+06
7.964578456169049920e-07,1.146685740289101843e+06
8.054418096232512785e-07,1.183409692461503670e+06
7.799854950741258136e-07,1.287600600399104413e+06
7.912110889246812301e-07,1.331336954876542557e+06
6.673745899573450094e-07,1.625548887765176361e+06
2.012788257520749017e-07,2.962054811206304468e+06
1.378273653811324615e-07,7.082749922151143663e+06
2.007427559868439914e-07,3.593439656992480624e+06
6.120898736411664198e-08,1.068340776659126952e+07
3.210971593433902812e-07,2.337862319718409330e+06
7.912110889246812301e-07,1.331336954876542557e+06
6.673745899573450094e-07,1.625548887765176361e+06
4.137438901868784707e-07,2.969819482905135490e+06
6.367572425448140202e-07,2.129539800922601484e+06
8.243711519014059598e-07,1.615887690627912525e+06
8.604924768616865971e-07,1.898103399105535354e+06
9.103685364490616920e-08,2.473273395260451734e+07
3.237473092023427275e-07,2.101648882387819234e+06
1.906901725614484677e-07,3.585497106195249595e+06
6.120898736411664198e-08,1.068340776659126952e+07
3.968829180167828872e-07,1.196022514537727460e+07
2.922943225402342654e-07,2.723385295329323970e+06
4.688279865551924006e-07,2.072910350170815131e+06
2.339633248392106503e-07,4.784195491247231141e+06
6.994619118823556389e-07,1.556844307303989539e+06
6.964985776178652679e-07,1.657738172020035097e+06
7.360292443699665388e-07,1.870992504708926426e+06
1.276132586841376028e-06,1.383196749472427182e+06
3.342524948930077908e-07,1.734398625131195411e+06
3.458940414145822646e-07,1.674855351748547051e+06
2.475889388597620735e-07,2.782655709093030076e+06
2.657456207715445776e-07,3.371116784811988939e+06
8.109411239502667072e-07,1.200539869628676679e+06
5.580834267369092594e-07,1.736723798912978498e+06
4.402243714888417003e-07,2.414415515955838840e+06
9.071449374562552740e-07,1.230029625639534555e+06
4.175698560567726546e-07,2.811786320445933845e+06
5.870247077767171423e-07,2.092791333195341984e+06
5.685318825266068093e-07,2.515279986189383548e+06
9.919695609547608210e-08,2.243004158222509921e+07
3.372103819990408371e-07,1.637911221306342632e+06
2.647104976883920892e-07,2.447423337317346595e+06
2.475889388597620735e-07,2.782655709093030076e+06
4.388519339104264412e-07,2.094371402428977890e+06
4.878596459767273085e-07,1.920715639535857597e+06
3.574445525069781223e-07,2.836242137266551610e+06
4.402243714888417003e-07,2.414415515955838840e+06
6.304729315145050686e-07,1.768003623694487382e+06
4.175698560567726546e-07,2.811786320445933845e+06
5.331411955258327219e-07,2.230672764284000266e+06
9.553351930777742044e-07,1.642720643766771303e+06
4.028329487793639761e-07,4.114775394939677324e+06
1.803012040886877044e-07,2.025200504822563007e+07
4.388519339104264412e-07,2.094371402428977890e+06
2.912811017903597415e-07,2.919923905933605507e+06
4.878596459767273085e-07,1.920715639535857597e+06
4.967730332529325727e-07,2.075079844124638243e+06
3.263795846219063746e-07,3.563340738652975764e+06
6.427283686922770579e-07,1.853774584931685589e+06
5.331411955258327219e-07,2.230672764284000266e+06
6.052774366565266025e-07,1.932411836647671415e+06
5.992896333894887319e-07,2.306185018680928741e+06
9.663643706666811063e-07,1.533264655398963951e+06
1.129604044143579717e-06,1.469947739177710842e+06
2.083269404112945333e-07,3.100241945748171769e+06
1.373200302397536992e-07,4.963940635360307060e+06
2.193996661881250104e-07,2.626444719031138346e+07
2.828632497126056022e-07,3.550088517351795919e+06
2.477804479796851818e-07,3.357785858320703730e+06
2.551994850089052744e-07,4.026006477922386955e+06
8.329518353036713603e-07,1.173979817216421943e+06
3.316987556577577400e-07,3.245078257818887942e+06
3.916064885263994938e-07,2.651803944651215337e+06
4.856742965991704607e-07,2.231760270642369986e+06
5.979893210741072783e-07,2.217327466278612148e+06
9.989253483286584432e-07,1.777825530706529506e+06
1.387209004423927581e-07,8.404475990387570858e+07
3.800788807807795254e-07,2.347881193991801236e+06
2.477804479796851818e-07,3.357785858320703730e+06
2.551994850089052744e-07,4.026006477922386955e+06
2.512452858649277614e-07,4.338468666764957830e+06
3.916064885263994938e-07,2.651803944651215337e+06
3.862338491642328834e-07,2.706184588060861453e+06
2.692640587503090045e-07,4.148572080878058448e+06
4.111051880463193561e-07,2.722883621150428429e+06
3.034371005100375388e-07,3.813291846698926762e+06
4.068133830992659262e-07,2.997553858956133015e+06
5.991595171671669496e-07,2.334918624020143878e+06
6.251875447987091748e-07,2.246423237465005834e+06
3.743212583749419301e-07,1.411500620209464105e+06
2.722835029355328537e-07,2.816365087356501259e+06
3.882745783065676988e-07,2.206366700576267671e+06
3.187983147939946503e-07,2.774601576235902030e+06
2.201312710300240933e-07,4.403477454531399533e+06
6.514833598416089881e-07,1.397228707693790784e+06
4.568690506565075325e-07,2.136510661687659100e+06
5.589477312801500993e-07,2.071597127783942269e+06
4.208384938638765029e-07,2.966213702669091523e+06
8.855005651523696529e-07,1.453764171943580965e+06
5.936995461008257960e-07,2.343859736420258414e+06
1.285405172220043202e-06,1.294811255709123332e+06
5.873655187710855830e-07,8.626238438901719637e+05
3.743212583749419301e-07,1.411500620209464105e+06
8.270941186817486942e-07,1.059485018031152897e+06
9.028838895868716161e-07,9.585616501933648251e+05
1.084771458825457099e-06,9.151969475384233519e+05
8.717617611122848591e-07,1.141353214335299330e+06
6.182289201153078103e-07,1.633378536327475216e+06
1.161760697697568566e-06,9.147670648136156378e+05
1.001319958630058075e-06,1.100332617407076992e+06
7.568532723964193752e-07,1.537118399371184409e+06
2.081035252539587080e-07,7.318324572211830877e+06
4.832939341744346947e-07,1.480666668366263388e+06
4.822568324719699622e-07,1.666003797721890733e+06
4.973131773724948431e-07,1.598016981908913469e+06
5.586555619097915164e-07,1.402366099664767971e+06
6.955011241355235793e-07,1.132393546206610510e+06
5.815893546469282901e-07,1.568393111315311864e+06
1.084771458825457099e-06,9.151969475384233519e+05
1.161760697697568566e-06,9.147670648136156378e+05
6.934948745869158491e-07,1.555950918337846873e+06
6.815356616219883999e-07,1.809298710652492475e+06
1.206533883375470431e-06,1.162459626834098948e+06
5.586555619097915164e-07,1.402366099664767971e+06
4.973131773724948431e-07,1.598016981908913469e+06
6.292858766047922854e-07,1.249282050591779640e+06
5.350926057200964134e-07,1.608514198341401760e+06
5.815893546469282901e-07,1.568393111315311864e+06
2.600561676436754043e-07,3.622076484514208045e+06
5.686695072776600283e-07,1.684376190867754631e+06
3.387425824315119058e-07,3.041883253543818835e+06
5.968338915416089180e-07,2.050073098899484146e+06
4.910671289400744611e-07,2.531711854532368947e+06
5.249589342112143967e-07,2.472208492253812961e+06
9.111268995219560032e-07,1.623876753085247008e+06
3.558687326098435280e-07,1.378548037119860528e+06
1.666796930644132085e-07,5.021691752270749770e+06
3.464316750959762449e-07,2.488601342698543333e+06
6.332528190220323770e-07,1.488465777441191720e+06
4.278003047184268200e-07,2.169278304066076409e+06
3.113446880514479800e-07,3.069906168518224265e+06
6.688653747551537293e-07,1.457730861892251531e+06
5.135295920822391921e-07,2.160717173028135207e+06
5.413670943659634203e-07,1.966853141008181497e+06
5.203628805219902481e-07,2.121126045461346861e+06
6.611496220015101733e-07,1.839482486264171544e+06
2.889145547921691013e-07,1.885391087864586152e+06
1.805926480458667297e-07,3.225345995192141738e+06
1.825142260056124551e-07,4.320330935804411769e+06
2.668469182000989085e-07,3.770498073224253953e+06
4.011021255382293424e-07,2.441826940029813908e+06
3.388310954812478295e-07,2.773627280525381211e+06
4.051445627430345780e-07,2.499420336073274259e+06
3.412352473611360116e-07,3.108619476353646256e+06
2.950097064072803723e-07,3.855373948753236793e+06
3.960791398080329403e-07,2.763109883239514660e+06
3.660758237445252797e-07,4.215971556688512675e+06
3.416380596805372732e-07,1.483397797569757095e+06
1.805926480458667297e-07,3.225345995192141738e+06
3.090967084511350462e-07,1.933883899596709991e+06
5.469900787560800530e-07,1.949503779063907452e+06
3.278564508345541524e-07,3.210812726952304598e+06
3.749238636105800559e-07,2.857027609830911737e+06
3.078300125706616226e-07,3.621824080772967543e+06
5.181428332461837859e-07,2.165524868516592775e+06
4.780906444343768869e-07,2.659634850401567761e+06
4.016742393941506826e-07,3.291519093697808217e+06
4.769980892092336545e-07,2.873317928285778966e+06
8.179861980569299911e-07,1.914255809700348414e+06
2.402367870993842061e-07,3.248576273427676409e+06
3.410896925156626337e-07,2.511978278231458273e+06
3.181598725143527604e-07,2.747848299704123754e+06
3.003766013087232852e-07,3.038807637842277531e+06
3.513296788365441978e-07,2.582103666765621398e+06
5.459391358049144614e-07,1.820914788025365444e+06
2.939225849949823697e-07,3.349614307994179893e+06
5.999073394985152179e-07,1.769333627780773444e+06
5.254392780800275142e-07,2.131811758033217862e+06
3.169258387928638236e-07,3.481926815817447379e+06
6.385619283993204226e-07,1.992439790569333825e+06
4.795033786490735095e-07,2.651143724909950979e+06
1.314802146458568176e-07,4.231972636516354978e+07
2.316095650866511638e-08,2.800803748834461719e+07
3.252698509033045079e-07,1.701686097141357372e+06
1.268508022429895048e-07,4.462741056888275780e+06
5.911875485026055159e-07,1.665058925454295008e+06
6.520576953539757371e-07,1.689024597489878070e+06
5.511888648783531116e-07,2.846232197412649170e+06
8.631700475201218827e-07,1.805760409565800568e+06
7.706407599950539907e-07,2.107734865316150710e+06
1.355637666901513933e-06,1.309936872051866958e+06
1.440771691339671378e-06,1.304022404671509983e+06
6.587476884623527458e-07,7.502452993300858652e+05
7.605460671380485740e-07,1.173875029952558689e+06
3.339533719970449126e-07,1.705888372529746499e+06
9.874045756485111222e-07,1.010462006483533420e+06
1.175726842048829530e-06,8.959634099230560241e+05
1.282084466149829068e-06,8.182125261825276539e+05
1.330897305692715513e-06,9.393779163188196253e+05
1.168715229329926536e-06,1.071724516815299867e+06
1.277069866367142596e-06,1.078546616585674230e+06
1.224080699562443887e-06,1.120536146506090183e+06
2.428237827232654112e-06,6.449216200484668370e+05
2.208926113686786916e-06,7.089998037692593643e+05
4.589125211597190314e-07,1.106454106090497458e+06
2.879098294540104575e-07,1.919327689322552877e+06
5.181972726278332335e-07,1.481296568649715045e+06
8.769840331103886429e-07,9.594683539606378181e+05
4.376626883775123402e-07,1.911365798506707884e+06
1.315230305827291415e-06,7.608996506079458632e+05
1.371501047045107474e-06,8.984551621213235194e+05
1.330897305692715513e-06,9.393779163188196253e+05
1.360181742767656603e-06,9.595238290808344027e+05
2.175685110673039852e-06,6.441374486551848240e+05
2.404075670547449710e-06,6.907443281360117253e+05
2.864236443316132699e-07,2.338011136131541338e+06
4.235491892855202221e-07,1.900218370271453168e+06
5.321714084944335715e-07,2.114728126522827148e+07
4.505401768416224841e-07,2.060516542479109252e+06
3.718581964909435949e-07,2.709549842950572725e+06
3.333194480579416385e-07,2.961817581727227662e+06
3.431399304480381287e-07,3.050322985995356925e+06
5.347926348258661355e-07,1.959172267766714096e+06
4.354452397954450799e-07,2.601086954008650500e+06
5.814832962831167737e-07,2.002291536062609171e+06
8.485768072309781063e-07,1.416970468764710007e+06
7.383165360748500159e-07,1.803995356699767290e+06
2.386735672969379623e-07,2.837186915479348507e+06
3.037523254671424491e-07,2.995157794043579604e+06
3.852694834260346353e-07,2.304913779298552778e+06
4.657825109603890160e-07,1.914701295285811182e+06
3.565945668503474254e-07,2.548682784652760252e+06
3.534266979721051886e-07,2.743345294287927449e+06
4.973904563432334158e-07,2.111442363335828297e+06
5.819777115651836165e-07,1.998915200340057956e+06
4.982020131260848221e-07,2.557409576375109144e+06
5.776712070142636591e-07,2.211779844583050348e+06
7.895647003632247611e-07,1.697301831655923044e+06
5.834901564005337988e-07,2.363741947872840799e+06
1.063597130845025942e-06,1.471524723916380666e+06
1.157256278625088318e-07,8.904130560205785930e+07
9.985193331571459856e-08,7.826413548501858115e+07
2.464696054575488339e-07,2.926228387743328232e+06
2.112133504817168478e-07,4.235906334063296206e+06
4.128911187931074077e-07,2.595692857139384840e+06
4.145448529846079093e-07,2.593659740256426390e+06
1.951516278749820662e-07,6.283836595403105952e+06
3.093281461151279530e-07,3.765448461593470536e+06
5.329545227656813718e-07,2.273460298919563647e+06
4.475470878932177647e-07,3.136280200757669285e+06
1.064962149516917515e-06,1.469336516220920254e+06
9.489980302102766852e-08,9.273212096173641086e+07
9.505829965293922781e-08,7.009608858049260452e+06
1.116073726047751460e-07,6.406425247076519765e+06
1.315582828248338380e-07,5.891187680044979788e+06
1.350886991653784907e-07,6.887407059323082678e+06
2.328575072708679990e-07,4.261229772488425486e+06
2.176956894673271909e-07,4.496523937213188037e+06
2.251703438433548365e-07,2.929299999329929799e+07
3.193727470865347843e-07,3.958134905467099510e+06
3.710573517291117877e-07,3.668621820147871505e+06
5.622335521298393974e-07,2.956688839189043734e+06
1.070198510801328938e-07,2.178996279088985920e+07
1.280142384672498042e-07,6.542930840446915478e+07
1.487791991044187994e-07,4.710430634685115889e+06
2.209654203346698199e-07,2.913826125857809559e+06
2.603653345849920915e-07,4.301769652269968390e+07
4.585164579271964278e-07,2.311558378539988305e+06
4.412735780379353126e-07,2.492942518098826054e+06
3.837672086067753189e-07,3.067012629493210465e+06
3.128054122676421221e-07,3.998374000832283869e+06
6.022896921354712961e-07,2.112782872312651947e+06
5.409371676967126757e-07,2.896015830374221317e+06
3.719042721268886591e-08,5.985821072871730477e+07
1.517455234539153524e-07,4.956173226424285211e+06
4.668051661817617529e-07,1.749006209692032309e+06
2.362959725559360639e-07,4.814689505365247279e+07
4.564487719807413096e-07,2.277427961445778608e+06
3.764828382251305759e-07,2.721646812306588050e+06
3.534322989368106380e-07,2.770484456997967791e+06
2.487497709181597466e-07,4.395774514831908047e+06
3.906848519241374792e-07,2.836273363777789753e+06
5.205003655686943037e-07,2.255864494648708496e+06
6.501728006408911183e-07,2.053204377465678612e+06
5.506695484416974487e-07,2.425763210693289060e+06
7.290229876580364794e-07,1.832997242749815574e+06
1.343537478264122696e-07,4.513698485866655596e+06
1.555392179149329814e-07,5.198620999916074798e+06
4.774831983489323821e-07,1.969247903443891089e+06
4.594678890320975621e-07,2.092132449949682457e+06
3.607847002720438825e-07,2.485756197202724870e+06
4.640440837526775063e-07,2.102258049328158610e+06
3.935938540731596885e-07,2.525659149133051280e+06
5.121589129404147022e-07,1.921123661429020576e+06
5.840175793529914156e-07,1.734545168649759609e+06
4.404401229959320330e-07,2.305982232285080012e+06
5.197355781292351723e-07,2.146376733392389491e+06
2.035523614822810067e-07,4.177440730503712595e+07
1.499097894107175933e-07,7.057267743841189891e+06
4.246220655220582482e-08,2.325185503943829611e+07
4.162548627927159468e-07,2.690075427481223829e+06
2.285342647849270671e-07,5.159299497188763693e+06
3.388892588919930798e-07,3.404541591764827725e+06
2.737916091877743189e-07,4.394069114959500730e+06
2.660314373675230748e-07,4.704893251463958994e+06
3.569765754978604241e-07,3.631549952341239434e+06
4.005152616831997326e-07,3.335095343281691428e+06
5.058904270753273806e-07,2.920647450574416667e+06
6.223167017166639628e-07,2.383020844700596761e+06
4.794653246968511830e-08,3.316455372067166865e+07
5.923656123142741255e-07,2.803213065871499013e+06
2.662472312222442989e-07,2.867866489589602221e+06
3.796159671403919941e-07,1.883288186123523396e+06
2.496826374998834090e-07,3.117964199511022773e+06
2.743877011433293391e-07,5.223940940762017854e+06
3.330182205673707279e-07,2.505450413073120639e+06
3.344460855746579819e-07,2.563210120131041855e+06
2.581480102930251186e-07,4.243237674252725206e+06
3.561967245191895345e-07,3.603440853133447468e+06
5.298521956571454367e-07,2.313061764271936845e+06
7.600363771609024398e-07,1.849731846900735050e+06
8.567000251300568001e-07,1.830194566034424352e+06
2.063083486171353033e-07,5.656635415016902983e+07
5.076808490134220971e-07,1.364109011230107164e+06
4.777520671067620248e-07,1.903026502382239560e+06
4.350147557508882153e-07,1.769232291965337936e+06
5.630124400882458716e-07,1.734570601698198123e+06
6.434814939756552759e-07,1.578099142418410163e+06
2.163206939668812999e-07,4.382810139617161825e+06
5.754479366748551423e-07,1.923503611490962794e+06
9.900071925967220990e-07,1.125876314617267577e+06
9.340863155768742191e-07,1.321469257524523884e+06
6.759533946125034914e-07,1.801265729990097694e+06
6.618360361916617675e-07,2.049624187404581113e+06
4.058035230425642151e-07,3.223888673434913158e+06
5.999534822386330045e-07,1.873147250396657735e+07
5.885145546939075184e-07,1.403471725438837660e+06
8.460372219792149286e-07,1.102734880083776312e+06
7.673166698185965209e-07,1.243774186632167315e+06
1.191976872987985734e-06,9.688175930036129430e+05
1.186572502290575698e-06,9.728735127939516678e+05
9.487379364911373252e-07,1.237211987204028293e+06
9.780543231655943172e-07,1.197663114529235289e+06
7.640891398568148097e-07,1.616042232548434520e+06
1.261696009902506780e-06,1.059487717986943200e+06
2.674120752590134572e-07,6.063560371268121526e+06
9.676854406539913664e-07,8.143620471166521311e+05
8.225439462741378982e-07,9.027290811702883802e+05
9.638317402340840476e-07,8.441817985429372638e+05
1.006995792294691695e-06,8.491843071805399377e+05
8.898782657059625525e-07,9.802150780972865177e+05
1.048645721825019354e-06,8.645852699274665210e+05
9.087581669337337148e-07,1.032588789802799467e+06
8.116449567086007765e-07,1.141385411820445908e+06
7.994743086413686971e-07,1.269942047075362643e+06
7.155256793580764530e-07,1.434522291433131322e+06
1.190596563367148132e-06,1.121748516489989823e+06
2.656736983255631387e-07,6.013621233818978071e+06
8.898782657059625525e-07,9.802150780972865177e+05
9.087581669337337148e-07,1.032588789802799467e+06
3.900102390522895174e-07,2.522477450295604765e+06
6.927014789967799188e-07,1.493963721579989884e+06
4.306770571694286726e-07,2.346157639387377538e+06
7.461842472174755794e-07,1.425467080230149673e+06
7.510848577654737488e-07,1.532987222009751014e+06
8.633296274537718146e-07,1.313905336732213851e+06
1.502137541514278704e-06,9.859482867393594934e+05
3.462044284526130994e-07,5.363977930604694411e+06
5.850311064291062625e-08,3.511751327217733115e+07
1.538620389987557491e-07,6.155169785787005723e+07
3.212876654359588984e-07,1.795302374615903711e+06
1.785109240268673475e-07,4.033228717556849588e+06
3.040654894038684761e-07,2.701992406899446156e+06
6.433806020341982088e-07,1.416745971074789064e+06
3.900102390522895174e-07,2.522477450295604765e+06
4.306770571694286726e-07,2.346157639387377538e+06
4.403511117701362813e-07,2.556378580421807244e+06
6.035151640560432739e-07,1.976863585984626785e+06
4.365522493617002544e-07,2.839092447415380739e+06
7.570590850992177803e-07,2.071548141941372538e+06
2.397893856920610145e-07,2.511509968356386293e+06
5.711706298856605123e-07,1.429271887787840329e+06
3.649416833465284857e-07,2.399451800956787076e+06
6.610907202041398276e-07,1.324760453535843408e+06
5.288796845083763903e-07,1.717289931541032856e+06
5.558666306974361473e-07,1.680861174312947551e+06
8.669583574776031781e-07,1.163115735891445307e+06
7.210588932612000071e-07,1.469089985751223983e+06
9.543113104045929777e-07,1.169947870632365346e+06
9.149335031007773357e-07,1.397643144280405482e+06
4.487201512201380156e-07,1.475796152644113870e+06
5.888453645595582234e-07,1.336637561392402742e+06
2.306575181884761847e-07,3.791127719868198037e+06
3.649416833465284857e-07,2.399451800956787076e+06
4.900530815451239651e-07,2.099202354027929716e+06
7.210588932612000071e-07,1.469089985751223983e+06
4.527828958024995828e-07,2.519978887436765246e+06
8.149681216365553294e-07,1.358905224618121283e+06
7.276767421173150712e-07,1.585315494062945945e+06
6.593409180441295379e-07,1.827088876084748190e+06
9.149335031007773357e-07,1.397643144280405482e+06
1.066204516496568329e-06,1.254929615656746319e+06
3.440214607878742951e-07,1.881514299417815870e+06
4.562345237797646600e-07,1.624165270209586713e+06
5.905979821245433767e-07,1.311198445649911184e+06
5.579931594808650049e-07,1.369639984271815978e+06
5.184080167173826408e-07,1.919916954192049801e+06
9.041956330600858681e-07,1.229202561432676623e+06
4.724598845638504963e-07,2.460223506269838661e+06
4.800249445083285267e-07,2.465300745837954339e+06
7.523265529331197117e-07,1.634093113883456215e+06
9.048971364769070747e-07,1.469319054004304577e+06
1.145421556543906671e-06,1.294766829532339936e+06
3.032229934394865809e-07,5.094804508046707138e+06
3.437898917163089347e-07,3.280412506170405820e+07
5.900900422748909429e-07,1.607418150187242543e+06
7.546255469245103805e-07,1.320630260332060512e+06
7.099730676944004745e-07,1.430463285567396786e+06
9.355531762648056501e-07,1.131873056218626210e+06
8.524720661984821465e-07,1.240245122627218487e+06
8.087147400605121221e-07,1.334748208434392465e+06
6.810135605400537858e-07,1.631563870053632185e+06
8.815447680972630222e-07,1.244907190402453532e+06
8.568768970601040294e-07,1.346868735265405616e+06
9.847590034808744956e-07,1.320084937428686069e+06
1.004480465700256376e-06,1.272567159561964916e+06
1.568279766045585152e-06,8.932708758756815223e+05
2.402534487061403567e-07,7.713816460583574139e+06
4.739994859878467954e-07,1.865973072503957432e+06
7.546255469245103805e-07,1.320630260332060512e+06
8.427081486008435743e-07,1.222210727078953292e+06
6.811126751743433669e-07,1.462156451069414383e+06
7.099730676944004745e-07,1.430463285567396786e+06
2.482766971048430181e-07,4.060932853031343780e+06
1.129572584096137418e-06,9.073742601232996676e+05
8.815447680972630222e-07,1.244907190402453532e+06
6.810135605400537858e-07,1.631563870053632185e+06
1.132445511773526556e-06,9.842670879717229400e+05
8.906308074008066113e-07,1.345928132532452000e+06
8.759420686707156060e-07,1.411882094691640697e+06
7.359686873896368964e-07,1.696511020575613948e+06
2.412769937516510535e-07,2.771684315660358407e+06
4.739994859878467954e-07,1.865973072503957432e+06
6.957666541309717562e-07,1.412830961223647231e+06
5.500500014363607049e-07,1.745206818833158119e+06
6.811126751743433669e-07,1.462156451069414383e+06
7.084434188016677888e-07,1.440942854021783452e+06
4.308764256679377365e-07,2.360517175192003138e+06
6.706773254219580440e-07,1.547846093396957964e+06
8.906308074008066113e-07,1.345928132532452000e+06
8.759420686707156060e-07,1.411882094691640697e+06
7.359686873896368964e-07,1.696511020575613948e+06
7.137240495977745880e-07,1.785331295699954266e+06
5.946207869494746000e-07,2.930790393333284184e+06
4.327500475896350588e-07,1.351942823904012796e+06
5.322363571141656683e-07,1.381578703461602330e+06
5.052507726689148316e-07,1.277041578697771532e+06
6.129739889620133053e-07,1.238216613552611787e+06
7.723268335875146858e-07,1.063905733456563205e+06
6.957666541309717562e-07,1.412830961223647231e+06
2.835032637102628503e-07,3.081369580207868945e+06
7.084434188016677888e-07,1.440942854021783452e+06
6.706773254219580440e-07,1.547846093396957964e+06
6.944636604784482293e-07,1.613926139517187839e+06
1.588785847569431078e-07,1.234601470184035040e+07
4.447610106606768360e-07,1.373788182264506351e+06
5.052507726689148316e-07,1.277041578697771532e+06
8.515723836716746908e-07,1.102972580600092420e+06
8.444636748752912030e-07,1.157640954746699426e+06
2.835032637102628503e-07,3.081369580207868945e+06
7.444334744091989750e-07,1.394732932424229104e+06
5.841301346835240231e-07,1.795383446357241366e+06
6.378876201289206898e-07,1.610785066995997215e+06
7.019078412106608725e-07,1.573631333055770257e+06
6.944636604784482293e-07,1.613926139517187839e+06
7.375495565906377823e-07,1.589732230053951731e+06
1.177089774762454260e-06,1.192065107877011411e+06
2.120362526887279632e-07,1.978462957364160800e+06
4.163711137678923060e-07,1.983806248043344589e+06
7.394066577511582124e-07,1.124525675751225324e+06
5.859798073853721430e-07,1.909339762595609948e+07
9.169099991159337362e-07,9.404843711507589323e+05
6.169061535492895946e-07,1.425459785243005492e+06
8.287137218940594874e-07,1.103737706930947024e+06
8.592245705421895430e-07,1.098548039707036223e+06
6.969249586435393782e-07,1.697116421163684456e+06
1.205937681993646267e-06,1.162140452110104030e+06
1.801563397976709649e-07,4.194019835839740001e+06
2.099760181918843155e-07,3.682498096424443182e+06
2.115470747453250016e-07,4.524520899114223197e+06
3.358273753912769344e-07,2.946536819568587933e+06
3.743981397183944141e-07,2.589208819052831270e+06
2.698589638528541343e-07,3.761486129711767193e+06
6.163382726079554400e-08,1.559355934419582412e+07
3.128088789313676896e-07,3.323881436150848400e+06
5.209404049425239357e-07,2.233632049181922339e+06
2.927301035728814210e-07,4.249624728673227131e+06
6.290794970482437086e-07,2.086423889346291544e+06
7.289338547842528843e-07,2.159552157432544976e+06
1.181663381050466531e-06,1.406665611199242994e+06
6.735334435978071004e-08,1.241697964089068025e+07
2.054165962223454432e-07,4.225390263634382747e+06
4.161393277706353002e-07,2.252894172732733656e+06
2.115470747453250016e-07,4.524520899114223197e+06
3.638241808171840426e-07,2.611589753157207742e+06
3.026036241423024751e-07,3.195296162467851304e+06
3.645813437341572317e-07,2.699776329530107789e+06
3.252825465455384346e-07,3.061007575968373567e+06
3.638282011045284533e-07,2.789936991533725988e+06
2.698589638528541343e-07,3.761486129711767193e+06
3.879845127874115352e-07,3.282301500975437928e+06
7.272840955905432346e-07,1.724764529911575140e+06
2.697137757040493190e-07,2.501377863437448628e+06
4.093814686912277037e-07,1.893763658651947509e+06
4.330018177539555139e-07,2.087169467016977025e+06
3.106789066852952108e-07,2.979070397549045738e+06
1.885717117775635797e-07,5.142652284422919154e+06
5.996528256728666977e-07,1.662772308365604142e+06
5.839645361880062015e-07,1.820643711461170344e+06
5.699682662214874930e-07,1.874597808285234496e+06
4.399890022050534853e-07,2.481607272721265908e+06
2.820916065681215769e-07,3.847281825418606400e+06
3.741007668215065712e-07,3.107698999477105215e+06
3.461639375133769401e-07,3.403680429430286866e+06
4.223624952927966609e-07,1.286738508341806242e+06
4.797243009352974774e-07,1.194189284380658763e+06
2.697137757040493190e-07,2.501377863437448628e+06
2.726790436334251080e-07,2.453223129347002599e+06
4.907071373918436571e-07,3.038217382500550244e+06
6.036579478473276727e-07,1.571440536843957845e+06
6.788148638882676625e-07,1.421071963844956364e+06
5.903878042636298027e-07,1.727092454886114690e+06
6.972665623622381054e-07,1.666210933651437517e+06
6.884940341106805396e-07,1.690211333318573656e+06
1.300800833434496726e-07,1.788793808307507634e+07
4.250663817372278130e-07,1.477348980637038825e+06
4.968862357821009884e-07,1.803387812504013069e+06
5.796541996087051042e-07,1.689486595973288873e+06
6.036579478473276727e-07,1.571440536843957845e+06
5.420917008208636839e-07,1.761716652984847082e+06
7.586361193061203270e-07,1.240919119243948488e+06
6.788148638882676625e-07,1.421071963844956364e+06
6.925861959267812560e-07,1.444354539200401632e+06
8.188052880429643877e-07,1.345383976326516131e+06
6.972665623622381054e-07,1.666210933651437517e+06
6.884940341106805396e-07,1.690211333318573656e+06
2.132487577657054208e-07,3.467068402807907760e+07
5.156825732680696082e-07,1.678501347264119191e+06
5.841304648780490893e-07,1.663689764387847623e+06
5.420917008208636839e-07,1.761716652984847082e+06
5.605138615665071339e-07,1.771665158937024651e+06
7.459724091277757728e-07,1.322090201463938458e+06
6.589820460393818960e-07,1.517522264505524654e+06
8.188052880429643877e-07,1.345383976326516131e+06
5.250517855216167291e-07,2.145458478157012723e+06
5.853451031020217911e-07,1.976347011567963753e+06
8.330190273997529593e-07,1.468048708098228555e+06
2.132487577657054208e-07,3.467068402807907760e+07
2.403719527473459718e-07,2.178053028984921984e+06
4.943197228433488231e-07,1.775124956058432348e+06
5.605138615665071339e-07,1.771665158937024651e+06
6.668022155975167377e-07,1.443222946815341013e+06
6.324685087521143152e-07,1.599619675952032674e+06
5.004494281291268385e-07,2.368267747029777151e+06
6.565176179512205838e-07,1.807409905406137230e+06
6.781160538398614526e-07,1.827562450587869156e+06
7.067953370908268949e-07,1.881057937259562081e+06
1.143709814236809847e-06,1.452630553698771168e+06
9.175042260070916847e-08,7.028384318106610328e+06
2.780891854541066770e-07,3.685180081573451869e+06
9.842910140375630329e-08,8.001971498328380287e+06
2.034133888332487576e-07,4.354668179588746279e+06
1.830245103420107899e-07,5.392371669313039631e+06
2.061976424261042416e-07,4.958357603984104469e+06
5.851890576702549823e-07,1.989831369848376140e+06
3.225910682801522183e-07,3.800138778115663677e+06
7.549432193381892724e-07,1.629464590570728062e+06
6.021769933686119111e-07,2.287239474427030887e+06
8.158168550578546091e-07,1.821664769632705720e+06
1.152466103260102372e-06,1.359935841899522115e+06
9.343044864784991448e-08,6.899556730086694472e+06
9.739651734785819718e-08,7.797858435520037077e+06
1.881226529872776264e-07,5.416527637243886478e+06
3.024573611635403361e-07,3.086956887750562746e+06
5.204031011307082486e-07,2.059535035656449152e+06
5.501739831245535528e-07,1.945672281176341698e+06
5.428007799073193362e-07,1.978550697805999080e+06
5.772215614226792091e-07,1.908874982178849401e+06
4.535771439473401522e-07,2.471861001836551353e+06
4.016500316980974037e-07,2.934790948387219105e+06
7.144020458559162034e-07,2.196843492869906127e+06
2.176990076525131494e-07,9.090834376094363630e+06
3.477939397118322095e-08,6.250131582741759717e+07
9.561091386092642870e-08,9.317655185031251609e+07
4.738001876086636460e-07,1.654896159198955633e+06
5.204031011307082486e-07,2.059535035656449152e+06
5.772215614226792091e-07,1.908874982178849401e+06
4.249862204729088659e-07,2.596251889759368729e+06
5.282751931396156955e-07,2.127887654466380831e+06
4.492753691316207075e-07,2.435504812718145084e+06
4.016500316980974037e-07,2.934790948387219105e+06
3.931113255521575310e-07,2.963225040304604918e+06
4.044620421340911976e-07,3.019337575104823802e+06
6.541016050809795388e-07,1.852593059287646785e+06
4.123186940464353019e-07,2.999766754523344804e+06
7.295392356600920190e-07,1.921295336337050656e+06
1.397455496570914118e-07,2.636663835795937479e+07
2.889833357023670903e-07,1.886945905409482075e+06
2.503274143843072475e-07,2.399291905199035536e+06
2.110630090418864625e-07,3.012507339481045026e+06
4.629323515659890914e-07,2.121218379708789755e+06
4.249862204729088659e-07,2.596251889759368729e+06
2.970567489913405179e-07,4.062538488075339701e+06
4.044620421340911976e-07,3.019337575104823802e+06
3.556000369818463466e-07,3.640027921131248586e+06
5.834052974500154170e-07,2.389665474803906865e+06
5.805848783706255010e-07,2.543892447932516225e+06
2.959650361028608904e-07,1.895353225869417191e+06
2.503274143843072475e-07,2.399291905199035536e+06
2.110630090418864625e-07,3.012507339481045026e+06
3.494707133021828793e-07,3.007337652726424858e+06
5.711359265968902570e-07,1.786285207301849499e+06
5.743735871844207408e-07,1.874120310007793829e+06
5.504761873588059908e-07,1.938912025889909128e+06
6.234933210551576835e-07,1.723617657918434124e+06
6.344217264984833894e-07,1.742648389426008100e+06
6.781630716964693488e-07,1.629737144559635781e+06
4.503997220473424255e-07,2.434190079899433535e+06
7.561164128859698654e-08,3.117502031816316396e+07
4.538679699848732838e-07,3.900036729325707536e+06
3.824777389184303284e-07,2.339634573405072093e+06
6.832019991638283764e-07,1.346219602199662477e+06
5.887421027526297668e-07,1.657581886837708531e+06
6.028605850128700743e-07,1.584717273306392133e+06
8.721112827920937918e-07,1.130905694912865991e+06
8.161523602067341639e-07,1.230289353952270700e+06
8.996649521650395664e-07,1.182111262956209714e+06
5.743735871844207408e-07,1.874120310007793829e+06
6.234933210551576835e-07,1.723617657918434124e+06
6.781630716964693488e-07,1.629737144559635781e+06
6.344217264984833894e-07,1.742648389426008100e+06
1.763386745304952098e-07,9.273969845242235810e+06
2.793021748829190509e-07,3.518483672659753822e+06
4.883743197031211714e-07,1.645475053588357521e+06
2.581730669715954349e-07,2.884192878146011755e+07
4.379493848658086663e-07,1.987828518060776638e+06
6.028605850128700743e-07,1.584717273306392133e+06
8.721112827920937918e-07,1.130905694912865991e+06
8.161523602067341639e-07,1.230289353952270700e+06
8.996649521650395664e-07,1.182111262956209714e+06
7.895256699537443439e-07,1.353336509130743332e+06
1.849748575163484104e-07,8.030137456210409291e+06
2.952552761823690270e-07,2.935979474844096694e+06
4.325880957777603257e-07,2.099935205134172924e+06
3.041236214129189324e-07,3.199774509376272559e+06
3.805480038964328203e-07,2.706056723034841940e+06
3.778604037835722887e-07,2.752026581465777941e+06
4.360446445402926083e-07,2.414067012241734657e+06
4.420342760636041224e-07,2.379720829642710276e+06
3.878566949594114605e-07,2.850964537138130981e+06
3.351428736935537681e-07,3.388933337840378750e+06
4.604384388367772418e-07,2.624567602618668228e+06
4.729203517022981826e-08,2.967684276775061712e+07
4.366709697814532475e-07,1.127981672563690692e+06
3.396622009880137449e-07,2.037785300238384167e+06
3.661971504578967154e-07,1.925596940750183770e+06
2.794253365450304739e-07,3.022952998403730802e+06
1.178629338412175067e-06,6.963191706525798654e+05
4.436669404615578010e-07,1.798797046646480216e+06
1.448342926184026627e-06,6.827706979633041192e+05
1.467722587571084678e-06,6.988621750257231761e+05
1.035683875868258052e-06,1.045564521598450607e+06
9.421342380508936048e-07,1.366251797641515965e+06
5.959399454479512966e-07,9.934027529745878419e+05
4.434131244717497338e-07,1.575940238902549259e+06
8.496281265280773409e-07,1.006443003201618441e+06
2.382810311794592241e-07,3.974553386839813087e+06
1.040514481538155336e-06,1.012348812569054542e+06
8.631847049882188819e-07,1.256584651652610861e+06
6.575982922022784662e-07,1.724057461321839131e+06
1.035683875868258052e-06,1.045564521598450607e+06
1.214370075224748700e-06,1.027262656682871981e+06
1.369568005032999415e-06,9.289792216966950800e+05
1.059331435392895135e-06,1.250927949961398961e+06
2.127358059474428831e-06,7.805363500753896078e+05
5.003982949999018136e-07,1.485713135465764906e+06
6.106499824809474974e-07,1.306838707180011319e+06
9.146799937222901502e-07,8.665381796479282202e+05
6.151373645525833916e-07,1.214939851771499217e+07
2.134834811858773083e-07,4.643438979863745160e+06
7.738176988932688138e-07,1.314096367692177882e+06
6.020822308508662394e-07,1.838042242368681356e+06
8.510466119010969186e-07,1.312913005275324453e+06
9.313737586659798482e-07,1.261772968926665373e+06
8.061628255709693895e-07,1.524620625211919658e+06
1.468249405892264024e-06,8.628630829575838288e+05
1.290049775772631233e-06,1.087862598694385495e+06
5.825727735442719873e-07,1.729492195807320997e+07
1.090407761112221343e-06,6.720241791433960898e+05
9.504058591910661866e-07,9.343726777039897861e+05
1.139516010674092650e-06,7.843496286638933234e+05
1.110979818668606186e-06,8.593978608902875567e+05
1.221469285114423079e-06,7.970877785412116209e+05
1.273745642290349078e-06,8.391887337185679935e+05
1.325974703812933434e-06,8.064841006520325318e+05
1.317982854462197904e-06,8.045922789659727132e+05
1.396297201599175212e-06,7.944422395879649557e+05
1.167113879642822478e-06,1.007340388548787450e+06
4.348581866717071344e-07,2.556004316936687380e+07
7.760030894122117029e-07,1.006886256164299091e+06
1.091741009701204011e-06,9.103995651179247070e+05
1.313624039913363535e-06,7.752636519309765426e+05
1.317982854462197904e-06,8.045922789659727132e+05
1.325974703812933434e-06,8.064841006520325318e+05
1.195629123092011616e-06,8.851572808601219440e+05
1.295707053759283302e-06,8.210511595711380942e+05
1.273745642290349078e-06,8.391887337185679935e+05
1.099662282047464769e-06,1.016187978475759621e+06
1.396297201599175212e-06,7.944422395879649557e+05
1.568896238530567924e-06,8.072341721862318227e+05
4.440197664599577630e-07,1.143742006778898183e+06
3.264085502325915451e-07,1.613889498212895123e+06
3.061320825743000222e-07,1.898370584013734479e+06
5.885967781280710922e-07,9.691661153193209320e+05
5.924344547167724904e-07,1.610296986725800671e+06
7.185124245140744053e-07,1.334681415222127456e+06
7.831966659048991124e-07,1.408591467253355309e+07
9.576783937292329292e-07,1.188975006073593860e+06
1.773834702587056889e-06,8.353343221262587467e+05
1.629482808103535298e-06,9.071344397281775018e+05
3.088091360617117629e-07,1.917861498036914505e+06
1.539844797269610521e-07,3.885905172379668336e+06
3.647606498778951918e-07,2.135249233976097312e+06
4.423867556285840509e-08,1.699292307208585367e+07
2.465786458427943778e-07,3.579373274375782814e+06
1.939050201093621258e-07,5.098509276232237928e+06
5.275676616707473294e-07,2.031547565644074464e+06
3.984985905713250419e-07,2.788607287014468573e+06
4.056835371785681867e-07,2.742973645876625553e+06
5.233226133443302281e-07,2.138709600812118035e+06
3.714762724087728242e-07,3.127075698193721008e+06
3.538022724645084623e-07,1.481399206567805726e+06
3.004345473609487185e-07,1.897760845481165452e+06
5.491222097606769348e-07,1.846988492842228385e+06
4.111539941266217459e-07,2.438471766048805322e+06
4.831426861889710650e-07,2.132924651015107520e+06
4.134446279941924059e-07,2.558793425807400141e+06
4.565945612531428528e-07,3.770366921723262873e+06
5.275676616707473294e-07,2.031547565644074464e+06
5.233226133443302281e-07,2.138709600812118035e+06
3.896390377554281218e-07,3.002533173950205091e+06
4.890866901495032255e-07,2.449683489837139845e+06
9.620593284523500287e-07,1.627932563994081924e+06
3.452033962252700846e-07,1.471058098217740655e+06
5.602168244911859257e-07,1.519660427415837999e+06
5.909779337736090954e-07,1.582356572297106031e+06
6.815302397319041849e-07,1.298939295776903396e+06
6.473856210992978569e-07,1.530733246100588469e+06
5.255526972571750123e-07,1.856460591273944592e+06
7.094797487450166796e-07,1.429238136893927120e+06
4.831426861889710650e-07,2.132924651015107520e+06
8.185551925271426646e-07,1.218240871259493288e+06
7.618127338338716216e-07,1.542745225749409059e+06
8.064558236376010584e-07,1.514004439609748311e+06
2.047220986937673745e-07,1.074249388249458186e+07
3.617042177102767917e-07,1.505545528138277587e+06
4.529467046307940097e-07,1.302646121741802432e+06
5.438705415531049601e-07,1.623340017160518095e+06
2.199611579563073249e-07,4.555771402354828082e+06
5.040333238694308589e-07,1.767719400091088610e+06
4.926549315745994651e-07,2.040815998740709852e+06
8.005603209277700757e-07,1.305040723306317581e+06
7.618127338338716216e-07,1.542745225749409059e+06
4.361704913831799194e-07,2.757360931541740429e+06
8.064558236376010584e-07,1.514004439609748311e+06
6.846575181007918789e-07,1.879625229758450296e+06
9.836346596383698088e-07,1.599140145827974426e+06
3.617042177102767917e-07,1.505545528138277587e+06
4.529467046307940097e-07,1.302646121741802432e+06
4.228151481713411585e-07,1.655172018771067029e+06
6.072463335394003486e-07,1.426626385574816028e+06
5.011032564832263799e-07,2.185807031128948927e+07
1.952711767011852609e-07,5.499560441735646687e+06
6.105566564782776056e-07,1.704002194775609532e+06
4.375471839763280227e-07,2.547808449115266092e+06
5.648930485999072369e-07,1.914501591962977778e+06
4.627478865538362436e-07,2.393752074285085313e+06
2.397689688534909887e-07,4.589025972694147378e+06
3.863542819598766684e-07,4.173882434551130049e+06
5.935893623189607105e-07,1.051335493233263725e+06
6.507075198357575967e-07,1.310173279711785959e+06
7.980574559414682999e-07,1.030113475488806493e+06
1.036311391820206206e-06,9.925985496840777341e+05
1.139713950462071151e-06,9.266527501130554592e+05
5.213450311522648337e-07,2.061519187326217070e+06
5.999997855718659699e-07,1.825344966034322046e+06
1.003948877296190894e-06,1.157348924761762843e+06
9.669019928759892273e-07,1.212873120351652848e+06
3.988161473560300431e-07,3.093397149910907261e+06
3.764688773088753667e-07,1.833683872911550105e+06
3.271312594933259176e-07,2.183953696474077180e+06
7.550195741492588887e-07,1.100723120426018722e+06
7.839192570742437076e-07,1.088987542057242710e+06
6.746360154832707916e-07,1.468230086776656099e+06
1.036311391820206206e-06,9.925985496840777341e+05
4.522840992452787886e-07,2.301688649949908722e+06
7.115650901548854685e-07,1.500709706289806170e+06
1.139713950462071151e-06,9.266527501130554592e+05
6.800940001313122373e-07,1.645924456131211249e+06
1.101240411447288336e-06,1.102658974983685184e+06
9.608791095202534689e-07,1.274486201649191789e+06
2.691670674956245164e-07,8.137181406650203280e+06
3.764688773088753667e-07,1.833683872911550105e+06
3.271312594933259176e-07,2.183953696474077180e+06
4.910531540576673259e-07,1.950958093823398463e+06
6.653996735529117621e-07,1.584766970674758777e+06
6.269414803159645674e-07,1.697049159950402332e+06
6.211255852461425097e-07,1.678385786876858212e+06
6.842941368107877357e-07,1.638476841113469796e+06
6.164874020824878626e-07,2.022424851482554339e+06
8.483462844337421363e-07,1.512592987359444145e+06
7.333884374143189922e-07,1.731064323130563600e+06
8.575408244101912814e-07,1.557912838592976332e+06
2.691670674956245164e-07,8.137181406650203280e+06
5.925741417789476496e-07,1.199607121772891842e+06
4.139602853328509245e-07,1.783732051299717510e+06
4.416461010971149532e-07,2.086532648219057824e+06
6.356122837806992379e-07,1.606352148551527876e+06
4.463820277429896653e-07,9.050912932626850903e+06
6.269414803159645674e-07,1.697049159950402332e+06
6.490137925000015409e-07,1.877065992363684811e+06
6.164874020824878626e-07,2.022424851482554339e+06
8.727042409224751553e-07,1.396210743710493436e+06
8.483462844337421363e-07,1.512592987359444145e+06
7.333884374143189922e-07,1.731064323130563600e+06
5.327657857007405984e-07,7.451340513250749558e+06
4.734112258270228514e-07,1.677326555021088803e+06
6.023007132120056555e-07,1.333137164507389767e+06
1.258436897662778298e-06,7.552567036636971170e+05
1.342833861449147682e-06,7.553627601164270891e+05
1.445585416394296600e-06,7.789700249162876280e+05
8.642548821984698261e-07,1.464932380658358335e+06
1.068759039675374948e-06,1.155462273107341258e+06
8.727042409224751553e-07,1.396210743710493436e+06
1.133908996988374666e-06,1.281457469791343668e+06
1.790039740005492760e-06,8.752776557517566252e+05
2.207993735774020941e-06,7.533232945777889108e+05
3.398201571378297524e-07,6.483140672779683024e+06
5.867983693750207137e-07,8.002482680501891300e+05
7.470219063135715511e-07,7.006216439996404806e+05
1.258436897662778298e-06,7.552567036636971170e+05
1.342833861449147682e-06,7.553627601164270891e+05
1.266592759732650429e-06,8.049222828015959822e+05
9.645631476525832828e-07,1.088737159703561803e+06
7.992948426758625646e-07,1.351399385163212195e+06
1.533555258429635578e-06,7.898823079503016779e+05
1.234332325318860079e-06,1.061318581843155669e+06
1.288535860089377527e-06,1.011455646681013866e+06
7.717160604252259771e-07,1.658103766850599553e+06
2.272732206488533033e-06,6.892005364780424861e+05
7.470219063135715511e-07,7.006216439996404806e+05
7.952465156759552559e-07,6.859880197117794305e+05
6.095412285813219924e-07,1.496420975549561903e+06
5.629652802826005740e-07,1.712132971488853684e+06
5.504709210900505452e-07,1.753195000912598101e+06
7.686081044214485513e-07,1.282733350615425035e+06
7.636800283558140456e-07,1.483783983038086444e+06
1.274555836944120640e-06,9.060596506140648853e+05
1.163864701066969972e-06,1.006113562441422255e+06
1.297675001314822805e-06,9.490160868318399880e+05
1.180033223664480040e-06,1.124692951567847515e+06
1.791756701574560337e-06,8.292112150709442794e+05
4.506072604715805605e-07,1.293880867819597479e+06
8.582291174428920902e-07,1.289802240952409618e+07
6.783097929482163039e-07,1.158961549707402708e+06
1.412034728909103069e-06,6.737118096422413364e+05
7.165672892179334011e-07,1.447255975254401099e+06
7.846137978798032147e-07,1.346323546924616443e+06
1.273843924268121791e-06,8.884014009120310657e+05
7.016622284869708681e-07,1.597193685911940178e+06
1.416272993363328079e-06,7.837197977398337098e+05
6.465239002651260315e-07,1.822619484879627358e+06
8.178384826144297282e-07,1.415195975808124291e+06
1.191019713347434437e-06,1.180925357597519411e+06
4.506072604715805605e-07,1.293880867819597479e+06
4.262611342776747552e-07,1.413458090738856932e+06
2.500012220205338531e-07,2.300592105832133908e+06
1.001142557978218328e-07,6.692721507990325801e+06
3.455729694096040768e-07,1.840408240094827954e+06
6.915370689364781066e-07,6.308062735575329512e+06
7.627561323862895146e-07,1.287613752452261513e+06
7.304510669261133016e-07,1.461307228435442317e+06
7.584984080008673266e-07,1.461661626777074998e+06
1.195040552342301820e-06,1.240845143979804358e+06
2.500012220205338531e-07,2.300592105832133908e+06
1.120358141687199883e-07,6.410531071076308377e+06
1.001142557978218328e-07,6.692721507990325801e+06
3.455729694096040768e-07,1.840408240094827954e+06
2.330653403498885238e-07,3.319458059305618517e+06
8.518620084919338767e-08,8.713835428519580513e+06
3.496362426129002021e-07,2.974480265949464403e+06
3.791613442240034944e-07,2.931253610876479186e+06
3.654518666151512451e-07,3.070990445277450606e+06
4.030578273502427399e-07,2.873234541448284406e+06
9.932733487381142460e-08,7.764079446287077852e+06
2.508371173019101361e-07,2.943976686127007473e+06
8.518620084919338767e-08,8.713835428519580513e+06
3.320647616042615346e-07,2.662800964873706922e+06
3.443233542461560786e-07,2.728786422725316137e+06
4.567330757585743039e-07,2.113848477407731581e+06
3.214813265089613820e-07,3.983564381647576112e+06
5.613527716244037048e-07,1.873862974286541343e+06
3.803024576346681320e-07,2.809371417639012914e+06
5.071416062705856571e-07,2.448811415791756473e+06
5.617664528895626049e-07,2.421809472712665331e+06
9.060222040016437307e-07,1.834146025224207668e+06
3.303317387868334409e-07,2.551343189263018779e+06
3.217595196139479489e-07,2.860343184880729765e+06
4.567330757585743039e-07,2.113848477407731581e+06
3.822641974593030474e-07,2.539775144440803677e+06
6.538258248445995981e-07,1.456692428274657112e+06
6.103265856357445885e-07,1.680309554753501434e+06
7.125285275821746306e-07,1.410912293376438320e+06
5.733218119158369103e-07,1.842347374998311279e+06
6.556196694469241306e-07,1.603485857666120399e+06
5.613527716244037048e-07,1.873862974286541343e+06
7.047039074702993625e-07,1.565238759777248139e+06
6.589682549256322015e-07,1.766397151973086176e+06
5.682819502418119287e-08,2.425059926270925626e+07
2.238239488735840979e-07,2.829154675377067644e+06
5.475760228053452741e-07,1.749788871626870241e+06
5.733218119158369103e-07,1.842347374998311279e+06
4.507260585840354714e-07,2.247004049134711269e+06
2.209992341738782957e-07,4.502879334841040894e+06
6.556196694469241306e-07,1.603485857666120399e+06
4.370121410046044227e-07,2.426569855992270634e+06
6.017279178047341766e-07,1.832385236510225572e+06
7.047039074702993625e-07,1.565238759777248139e+06
6.009823750690204382e-07,1.960125361680944683e+06
1.299294577258837721e-07,9.545510770101992413e+06
2.822524944605660360e-07,1.958818486345858313e+06
5.682819502418119287e-08,2.425059926270925626e+07
2.238239488735840979e-07,2.829154675377067644e+06
2.103106211583666644e-07,3.153780481786824297e+06
2.445700336438545582e-07,2.818326934901876375e+06
3.087760058770334810e-07,2.248997302467048634e+06
3.752182490987815070e-07,2.970185202049676329e+06
4.507260585840354714e-07,2.247004049134711269e+06
4.237874909871106625e-07,2.825623897070725914e+06
7.925761645617756254e-07,1.862654557095244760e+06
2.906028623816136220e-07,1.974147520617255196e+07
2.602281553639214315e-07,2.305528040879554115e+06
9.638826606293439844e-07,9.373588354483213043e+05
7.982855320838006507e-07,1.189342757260930026e+06
9.038191546687094875e-07,1.033678819360364228e+06
9.655081785283966518e-07,1.013760263915158226e+06
4.928710224755396429e-07,2.108747398781916592e+06
6.142347910112312105e-07,1.710095857724179281e+06
6.260008728722923240e-07,2.086664418787914561e+06
1.110317061974428117e-06,1.331971020959606161e+06
1.955612128384200662e-07,4.656911505637080222e+07
3.049106669190575641e-07,1.756943337641959544e+06
4.546371186238952210e-07,2.443330400486458838e+07
7.353423560103702133e-07,1.346851131232626271e+06
8.266976995664096369e-07,1.279675644483636366e+06
8.249393341612745371e-07,1.293119502715438604e+06
7.644430951308023072e-07,1.546446594869673019e+06
5.069350991294172322e-07,2.237805756630673073e+06
7.503032692251237169e-07,1.580654091726962943e+06
1.146298859790910163e-06,1.226108493966117967e+06
1.340283832741830726e-06,1.169924069142992608e+06
1.980121001522646596e-07,4.613156595853064954e+07
3.185076570879959059e-07,1.758586052560688695e+06
4.692536235059713293e-07,1.914250508641290013e+06
6.172204007463614792e-07,1.604870727406417020e+06
4.288350187977651177e-07,2.215889293599463068e+06
3.216794023994128877e-07,3.128275313011057209e+06
7.327087471722304472e-07,1.400035518037758069e+06
6.762802398946211490e-07,1.633791448671238031e+06
7.145746887278762543e-07,1.561144013855961151e+06
4.998168690603057376e-07,2.798028150446140207e+06
2.425096989848060147e-07,2.547090895932214800e+06
1.911596607482612657e-07,5.812910166606175900e+07
1.971226228372971667e-07,3.750762279658370186e+06
1.794422256022399973e-07,5.386421909194692038e+06
2.963490325566703301e-07,2.983268702925496735e+06
7.327087471722304472e-07,1.400035518037758069e+06
4.476700588639556429e-07,2.309274481802919880e+06
7.145746887278762543e-07,1.561144013855961151e+06
4.887520443080644888e-07,2.556536973546563182e+06
4.952161718889972264e-07,3.087359927166290581e+06
9.160423638746721993e-07,1.708429449751194566e+06
1.054905889044625379e-07,2.202582438392362744e+07
2.132811103439688214e-07,2.920669827496099286e+06
2.630926399604023775e-07,2.534047665643722750e+06
1.975418011885692564e-07,4.525872861418951303e+06
1.974400554408229854e-07,4.432933559496259317e+06
1.917185228655782415e-07,4.620096451979059726e+06
2.724514026125989350e-07,3.423461690433810465e+06
2.746843688196823970e-07,3.940832301975640934e+06
2.254156406772946147e-07,5.160781165611647069e+06
2.627531007589665239e-07,4.545040020905459300e+06
3.192505334318483971e-07,3.612735357995970640e+06
6.071744374468013877e-08,2.186254079188264161e+07
4.814292724227142771e-07,3.071650691691565793e+06
3.168468394331199246e-07,1.669288358112574089e+06
2.630926399604023775e-07,2.534047665643722750e+06
3.368339889656497934e-07,2.705398530660848599e+06
3.141590371228003513e-07,2.936076191968183033e+06
2.571562244076757616e-07,4.172208239297401160e+06
5.115070992024382447e-07,2.319594759529837873e+06
5.425646330758110704e-07,2.118955839940419421e+06
4.372454301623042912e-07,2.678606717302074656e+06
4.845660682351646502e-07,2.604941110476416536e+06
6.543829909281823638e-07,2.035743960149253486e+06
6.071621979392866614e-07,2.245860172590789385e+06
2.139247133459421219e-07,6.272463820971663110e+06
1.000103665996755572e-06,1.566726681288720109e+06
4.484376407663654729e-07,1.563238839844200760e+06
3.293569478405943541e-07,2.005257639297337737e+06
2.666038067327066412e-07,2.863524632122946437e+06
1.716342355500996372e-07,5.577788301409158856e+06
5.602522769462899108e-07,1.948020207086446462e+06
4.401569772492379471e-07,2.544121298931764904e+06
4.929455048059554225e-07,2.229599068472417071e+06
4.556164259587158310e-07,2.448890869868232869e+06
4.845660682351646502e-07,2.604941110476416536e+06
4.912646374396400689e-07,2.533574280590765178e+06
5.073106566163941394e-07,2.440038583379122894e+06
6.071621979392866614e-07,2.245860172590789385e+06
1.000103665996755572e-06,1.566726681288720109e+06
1.816027977065118950e-07,3.558009574484442826e+06
3.293569478405943541e-07,2.005257639297337737e+06
7.802594039366619289e-08,9.965763260671861470e+06
2.666038067327066412e-07,2.863524632122946437e+06
1.716342355500996372e-07,5.577788301409158856e+06
5.008762746288944936e-07,1.949715381437045056e+06
4.580788429099998061e-07,2.249498070111355279e+06
4.401569772492379471e-07,2.544121298931764904e+06
4.929455048059554225e-07,2.229599068472417071e+06
4.597110056299735791e-07,2.589218443131599575e+06
4.798217137909227696e-07,2.716308725566213019e+06
8.512826807380280299e-07,1.839369025789965177e+06
3.737970053123757589e-08,1.858860762088033259e+08
7.121034368312693736e-08,7.552334269632969983e+06
1.816027977065118950e-07,3.558009574484442826e+06
9.712273935466022077e-08,9.148982777401000261e+06
5.008762746288944936e-07,1.949715381437045056e+06
4.580788429099998061e-07,2.249498070111355279e+06
2.296219522587131121e-07,4.551577099480330944e+06
2.450222031399376288e-07,4.206459465951668099e+06
4.347726110304709680e-07,2.873953878629866987e+06
8.463267363089184751e-07,1.851688230034049600e+06
7.687392308188253203e-08,5.899841158195815980e+06
2.432213972117844837e-08,2.751903448974826559e+07
1.696146503979149836e-07,3.948868952268032823e+06
1.851355543760574767e-07,4.973318036228758283e+06
2.737075164620929178e-07,3.457787020204762928e+06
2.392086325710207465e-07,4.169435854122767691e+06
2.594946930559786406e-07,3.965827993220637552e+06
2.470155203119693803e-07,4.517705966132247820e+06
2.323871464237384246e-07,5.074843827700010501e+06
2.787861600022279784e-07,4.308851563548320904e+06
3.617360667225034259e-08,5.197059179877801985e+07
2.891695506643030028e-07,1.618725046997806756e+06
2.740795872269216756e-07,2.113382613844321109e+06
1.892642012395765271e-07,3.164012215710152872e+06
1.696146503979149836e-07,3.948868952268032823e+06
3.567465759058625933e-07,2.515709782139343210e+06
3.878646084526776145e-07,2.718791970763860736e+06
3.720514165776415839e-07,2.970264999804076273e+06
5.366507232166909928e-07,2.131987987091587391e+06
6.469185421446039067e-07,2.039479100804897724e+06
6.245829139388688720e-07,2.266881487120481674e+06
1.207720366723753094e-06,1.296796113978145178e+06
4.132055448227728793e-07,1.786398568650067551e+06
4.198365710587946561e-07,1.577290548251874279e+06
6.047903185885715835e-07,1.376867659866214497e+06
2.759527438687443376e-07,1.008632701029235311e+07
4.177130882431516382e-07,2.201277287780041806e+06
6.341645037954215207e-07,1.683155481121597579e+06
5.007057793134332423e-07,2.235316897736479063e+06
5.428723697978680389e-07,2.132725666630596388e+06
6.537935710643182458e-07,1.824680290803546552e+06
5.279558838978193672e-07,2.334610889918047003e+06
6.026208383734522221e-07,2.312073540949078277e+06
9.345165581558751729e-07,1.681625334487874061e+06
1.210427731893018149e-06,1.293197925129102776e+06
4.341983966558047395e-07,1.597192995179697871e+06
1.865642369838567845e-07,4.496085133641878143e+06
6.851122145706684994e-07,1.315342050412575714e+06
7.166108847856622734e-07,1.249289603183021769e+06
2.666229964361289563e-07,3.286045772247178480e+06
4.368605889589631874e-07,2.203396476268565282e+06
5.118837153342743840e-07,1.893823869363557780e+06
5.007057793134332423e-07,2.235316897736479063e+06
5.428723697978680389e-07,2.132725666630596388e+06
5.552140871717272041e-07,2.089085500735145295e+06
5.166160555780753824e-07,2.275687632269161288e+06
6.169179437888836563e-07,2.031192178370055975e+06
2.878973011337813701e-07,1.945071051344958134e+06
2.530339039132949120e-07,2.803792813244253863e+06
3.358175569356503024e-07,2.128058791328263003e+06
1.711190889042658916e-07,4.035127379616390448e+06
2.411716493793166876e-07,4.572075479896239936e+07
3.674101080503660618e-07,2.817465967891497072e+06
4.490466101235113787e-07,2.336634913927613292e+06
4.799039971609825783e-07,2.214606373905938584e+06
5.166160555780753824e-07,2.275687632269161288e+06
5.839142559887718096e-07,2.076006307828296442e+06
6.361674337793176036e-07,2.336622667719803285e+06
2.878973011337813701e-07,1.945071051344958134e+06
3.386979090264398363e-07,2.043709184867243748e+06
3.547172389815521842e-07,2.004065754701101687e+06
1.887924315688842043e-07,4.403980185958054848e+06
6.028144225557778984e-07,1.631711114598480286e+06
6.248687365397873401e-07,1.595537878296701936e+06
3.674101080503660618e-07,2.817465967891497072e+06
6.597531926946629962e-07,1.530868670723172370e+06
6.845626838858350254e-07,1.551815134299675236e+06
4.490466101235113787e-07,2.336634913927613292e+06
4.740191760949935614e-07,2.900393840309876949e+06
5.874381175981814138e-07,9.945537958171737846e+05
3.568467332575208098e-07,1.934488855491352500e+06
5.955133661418294709e-07,1.051372020651178667e+06
5.644753173600364255e-07,1.661078057790154126e+06
6.028144225557778984e-07,1.631711114598480286e+06
6.248687365397873401e-07,1.595537878296701936e+06
6.597531926946629962e-07,1.530868670723172370e+06
5.442325859407186595e-07,1.905662277860655217e+06
6.845626838858350254e-07,1.551815134299675236e+06
6.955565731953937444e-07,1.501256345120613230e+06
7.931514747615924478e-07,1.526255692149871960e+06
5.955133661418294709e-07,1.051372020651178667e+06
5.648768449272372791e-07,1.308221687050375156e+06
9.361622342232957162e-07,7.625879315194062656e+05
6.194876805143096693e-07,1.294376753045527032e+06
8.607955293417421786e-07,1.046894245760448626e+06
1.077322937416140432e-06,8.947501133190582041e+05
5.442325859407186595e-07,1.905662277860655217e+06
6.955565731953937444e-07,1.501256345120613230e+06
1.194327549953250063e-06,9.388503532930602087e+05
1.272900446312788991e-06,8.707616403229229618e+05
5.987009907334652832e-07,1.832694925505724968e+06
2.903865109118538782e-07,2.909778208094189316e+07
3.079224887289257893e-07,2.054217022287562722e+06
9.219286726983324465e-07,6.809208185948373284e+05
9.941118952803642969e-07,7.503370825970608275e+05
9.738008608698501563e-07,9.953582980672931299e+05
1.194327549953250063e-06,9.388503532930602087e+05
1.272900446312788991e-06,8.707616403229229618e+05
3.688790819821923600e-07,3.225429580351082142e+06
1.384622407415657189e-06,8.823060570629450958e+05
1.364907294931130867e-06,8.978813550422679400e+05
9.057261520973957283e-07,1.350943053510624915e+06
2.902848320366055688e-07,2.057398739925302565e+06
1.897948952180649822e-07,4.541481648687382229e+06
9.219286726983324465e-07,6.809208185948373284e+05
9.337877818115461808e-07,1.141399650952150580e+06
1.173539047629601650e-06,8.059100540640186518e+05
1.306267881250520952e-06,7.396868226001264993e+05
1.200641658211134095e-06,8.654762025006024633e+05
1.249752292465619127e-06,8.099326479090438224e+05
1.480276553171376584e-06,7.090249892780027585e+05
1.364907294931130867e-06,8.978813550422679400e+05
1.384622407415657189e-06,8.823060570629450958e+05
3.520499473892846418e-07,1.433717498270011740e+06
8.246095848740546184e-08,1.232279384298926592e+07
3.244382427757200135e-07,2.505842725357344840e+06
1.173539047629601650e-06,8.059100540640186518e+05
1.306267881250520952e-06,7.396868226001264993e+05
1.127960046874452203e-06,9.164966793504297966e+05
6.158396533089997891e-07,1.690594577079607639e+06
1.200641658211134095e-06,8.654762025006024633e+05
1.208921133881269472e-06,8.782030242278801743e+05
1.480276553171376584e-06,7.090249892780027585e+05
7.112201218603493648e-07,1.549794223506804788e+06
3.613185828913673930e-07,1.442180800150021911e+06
4.687500007178728755e-07,1.297053596365944715e+06
8.019548833862408657e-08,1.270626882436788268e+07
3.179151542429653404e-07,2.667730469605779275e+06
3.137801557795028496e-07,2.800457263526946306e+06
3.967303753609194848e-07,2.678406225510386284e+06
2.946179967580247765e-07,3.760831050099148415e+06
5.888046710376539844e-07,1.853835479730496183e+06
4.241309771474681422e-07,2.562717317335440777e+06
6.650219356511404183e-07,1.891119264415060170e+06
8.492488224219750055e-07,1.488659219694747822e+06
3.491306735441737855e-07,2.405804781102898717e+07
5.103650543303808485e-07,1.556851138206582749e+06
3.661587136276910999e-07,2.437332063951179851e+06
4.617068067571142894e-07,2.379833641704647616e+07
3.656934479841122045e-07,2.971975499950543046e+07
3.063519840213543730e-07,2.995163372867736500e+06
4.883143801459327816e-07,1.962916146827684017e+06
2.991772526025379926e-07,3.557918465048832353e+06
5.550345474871825846e-07,1.848589671954216436e+06
5.626227075880963690e-07,2.452400077383553144e+06
1.024014092095604969e-06,1.440842174171380932e+06
2.830860609364673218e-07,2.721537353894814383e+06
2.330738125151524082e-07,2.887630670552113559e+06
4.065071172200065669e-07,2.165207126620097551e+06
4.239800521406054497e-07,2.309455244724512566e+06
5.927457189130504723e-07,2.155189302443710156e+06
3.092749541057338922e-07,3.543126784604724497e+06
5.550345474871825846e-07,1.848589671954216436e+06
5.076336955364323811e-07,2.074988604235442821e+06
7.266746013431001671e-07,1.467462464954321040e+06
4.587268415847041513e-07,2.334154273482275195e+06
4.869616973998890480e-07,2.293663415341282729e+06
4.116631055260426738e-07,3.732559775451892521e+06
2.397396259252561398e-07,1.179253082345047034e+07
2.830860609364673218e-07,2.721537353894814383e+06
2.913339508979748163e-07,2.402145323584259488e+06
4.065071172200065669e-07,2.165207126620097551e+06
4.416668279001235311e-07,2.119283919909189455e+06
4.794773449093929983e-07,2.242526539136460517e+06
5.076336955364323811e-07,2.074988604235442821e+06
5.917216810609457846e-07,1.782031184931309894e+06
4.587268415847041513e-07,2.334154273482275195e+06
5.274159543838819834e-07,2.100241445922612678e+06
5.198385514286069956e-07,2.153320320769077167e+06
4.673103233667093892e-07,1.222632358228633646e+06
2.935663609675846139e-07,2.465090690262086224e+06
6.320689782347262430e-07,1.300120373800655128e+06
2.211204489740868781e-07,3.587252259131023195e+06
4.794773449093929983e-07,2.242526539136460517e+06
8.556657965654932064e-07,1.265917955400522798e+06
7.424618141333945155e-07,1.446780792805150850e+06
8.161266311790670509e-07,1.352822743106677197e+06
5.274159543838819834e-07,2.100241445922612678e+06
6.694478734962105512e-07,1.752064572354800301e+06
6.981198685603482982e-07,1.746805105195065495e+06
1.189368116666105185e-06,1.120405752205922501e+06
7.373096556345849032e-07,7.730684094289918430e+05
8.676902271265803777e-07,8.610526468299080152e+05
8.937527891323125533e-07,1.029363326686892775e+06
5.433042490327379382e-07,1.646689777353342855e+06
1.000886112244902466e-06,9.703409085321592866e+05
8.914645477784977051e-07,1.159932688855102286e+06
7.424618141333945155e-07,1.446780792805150850e+06
8.161266311790670509e-07,1.352822743106677197e+06
9.759031937665117577e-07,1.135603578759808326e+06
7.195665475833483599e-07,1.572977423223494086e+06
6.610703243470538965e-07,1.797405934479560005e+06
1.264258553657931583e-06,1.108655709702141117e+06
4.619249238189556189e-07,1.364403174966343679e+06
3.034994983100535682e-07,2.014664368121096632e+06
7.448346911832066649e-07,1.138306884301375132e+06
7.891379227578473827e-07,1.142638276185188908e+06
4.978097629011709181e-07,1.904936606759256916e+06
5.291139624762747448e-07,1.841979871406581020e+06
7.181451937434179361e-07,2.200243124512522947e+06
7.627607414708176755e-07,1.355253794724249048e+06
6.770060562625451532e-07,1.771953432564334013e+06
6.498365026165203067e-07,1.917157201024398208e+06
1.245470549429549229e-06,1.189538841857175343e+06
1.362539529837648890e-06,1.150775602492455160e+06
4.331456968079789996e-07,1.289966725151004270e+06
3.034994983100535682e-07,2.014664368121096632e+06
4.978097629011709181e-07,1.904936606759256916e+06
5.291139624762747448e-07,1.841979871406581020e+06
6.632979166156573491e-07,1.550711589363225736e+06
6.287605302099129659e-07,1.650687146176665556e+06
8.353319230623502446e-07,1.208482110942656174e+06
7.049029248704201999e-07,1.474862318788028322e+06
6.501252878561195614e-07,1.721675345058339648e+06
6.423762347257377857e-07,1.923599502626257017e+06
6.733267073415397521e-07,1.829199767355060205e+06
1.132218263341956950e-06,1.307791133845068514e+06
1.371024452268459106e-07,6.871930768515510857e+07
1.168940853371924393e-07,1.090731532504350506e+07
7.166769309095848911e-08,1.077682779536812194e+07
4.587476334764877353e-07,2.232026308008452412e+06
3.004807173127564419e-07,3.276145189651528839e+06
4.923027305198702676e-07,2.186029843670917209e+06
5.344069839221371816e-07,2.067041626752435695e+06
2.899987703196444671e-07,4.447216661766216159e+06
2.166381914350943374e-08,5.188831686913300306e+07
5.422457932599425140e-07,2.253491548294071574e+06
6.877820684613683306e-07,2.275830407700566575e+06
1.001549369767882886e-07,3.902898753457745537e+06
5.114731278059260422e-07,9.929674664291610243e+05
5.619497495217913691e-07,1.324969632142532617e+06
1.115220695705263703e-06,8.381424981907886686e+05
1.004347505601542383e-06,1.075386556313870009e+06
7.173158545844988065e-07,1.589826298600810114e+06
7.833556788644035152e-07,1.581074970396982506e+06
7.809184453744891525e-07,1.677699685727587668e+06
1.230910326444709787e-06,1.375446736989168217e+06
1.596151881644994946e-06,9.287245780385207618e+05
4.232946781824186065e-07,3.680580245753920637e+06
4.047569710954794100e-07,1.692275938853815664e+06
5.069726787674811674e-07,2.224390582395900786e+07
9.954262032322601443e-07,8.887691622228557244e+05
1.115220695705263703e-06,8.381424981907886686e+05
7.881488091176063367e-07,1.195398204600749305e+06
7.777536507046739115e-07,1.314661730794753414e+06
8.240626948807731949e-07,1.429054260145778302e+06
9.130093935927827363e-07,1.301262120048579061e+06
8.769905817792503632e-07,1.349972441562514985e+06
1.329976019869271916e-06,9.506919192981261294e+05
1.621471784788835841e-06,9.128835347928721458e+05
4.047569710954794100e-07,1.692275938853815664e+06
9.954262032322601443e-07,8.887691622228557244e+05
9.170338444517145390e-07,9.989594522871297086e+05
4.245016566828214173e-07,1.896894669381976128e+06
7.881488091176063367e-07,1.195398204600749305e+06
7.885602464796039851e-07,1.241207670953064924e+06
7.538754756410197858e-07,1.365412182505005039e+06
7.777536507046739115e-07,1.314661730794753414e+06
7.622560836452243067e-07,1.343070216907842318e+06
1.275837231475234594e-06,8.639915548226960236e+05
7.292181851863886949e-07,1.539555566998887341e+06
1.243799714794968878e-06,1.071729946368129924e+06
6.223954639938448478e-07,1.422048196904851124e+06
4.418019679592187956e-07,2.061162893866445171e+06
6.615546153843950426e-07,1.371570042744655628e+06
6.273050050024363410e-07,1.521074535233361647e+06
7.538754756410197858e-07,1.365412182505005039e+06
7.839159213611472882e-07,1.384224963640226517e+06
7.158949534522066516e-07,1.538615559670764254e+06
7.022918081175697262e-07,1.600788858093263581e+06
7.292181851863886949e-07,1.539555566998887341e+06
9.395621549421370743e-07,1.231524689209390664e+06
1.243799714794968878e-06,1.071729946368129924e+06
1.067759639445460121e-06,1.245190085138183553e+06
1.409744361719548043e-06,9.941587274313821690e+05
1.327621282187286255e-07,1.688388768977178633e+07
3.477412402585473977e-07,1.434386365838791011e+06
4.085119653623370086e-07,2.325103893368125707e+07
2.609521194989386443e-07,2.512498607884673867e+06
2.934597043292783609e-07,2.442235196328749880e+06
6.890740137907570982e-07,1.229061328237857204e+06
4.790185135280876836e-07,2.122675565522284713e+06
5.380500575722806307e-07,1.934905670716037974e+06
8.534019789779131237e-07,1.255011888744711410e+06
4.462692493500387087e-07,2.494997522632663138e+06
9.303539551413386336e-07,1.426425817044472089e+06
3.541901200958815710e-07,4.956770692614810541e+06
2.609521194989386443e-07,2.512498607884673867e+06
2.934597043292783609e-07,2.442235196328749880e+06
1.809927166113577693e-07,1.894669635690048337e+07
3.036823850292865871e-07,3.014508401431436650e+06
3.211526011343399539e-07,3.043914941698049195e+06
3.655298661694904541e-07,2.816141990819398779e+06
3.737590641521346603e-07,2.746597729225462768e+06
3.240209081615943225e-07,3.297768430975592230e+06
3.244506704401003385e-07,3.275358543602056801e+06
3.441819651604613226e-07,3.210979435462591238e+06
4.272636930817995384e-07,2.738154423254393972e+06
6.017923357652423249e-07,2.099313138122610282e+06
2.796424247579544492e-07,1.863711215161646949e+06
1.525075400052464994e-07,3.297438124674905092e+07
2.892838255491194014e-07,2.019801302843439858e+06
3.211526011343399539e-07,3.043914941698049195e+06
3.655298661694904541e-07,2.816141990819398779e+06
3.909627415656543115e-07,2.729717951411938760e+06
3.244506704401003385e-07,3.275358543602056801e+06
7.069734775498645637e-07,1.742774849473619368e+06
5.029334763433899897e-07,2.497040985202365555e+06
7.753276859081773588e-07,1.649171268741252599e+06
5.766995791343152624e-07,2.333519881862645503e+06
2.804624178964191413e-07,7.403182611014370807e+06
1.525075400052464994e-07,3.297438124674905092e+07
4.868996395518011088e-07,1.260671874702126253e+06
6.034876638950443155e-07,1.076074070346361026e+06
5.247672873970197598e-07,1.240033350646665553e+06
3.392599776867532481e-07,2.470399883869941346e+06
7.019899131477579660e-07,1.354992003443476744e+06
8.269245938665892777e-07,1.324213492206622148e+06
8.819141632316564179e-07,1.263139637924788287e+06
7.326433667336967184e-07,1.669145024427866796e+06
7.069734775498645637e-07,1.742774849473619368e+06
1.105397082997898450e-06,1.213327610432907939e+06
4.868996395518011088e-07,1.260671874702126253e+06
6.010380880821344953e-07,1.423414087247538613e+06
7.556440084403618306e-07,1.156991012964867288e+06
9.122342773594982133e-07,9.295821139775853371e+05
5.603784655294214096e-07,1.604712365514405072e+06
9.734136816562610548e-07,9.909498523290120065e+05
6.767540807119628486e-07,1.466680014262455283e+06
1.194771087704404904e-06,8.581000830290846061e+05
1.140402519282178068e-06,8.764669439010315109e+05
8.491266180888160049e-07,1.229316234605236212e+06
1.226490504776892155e-06,9.056097115646834718e+05
5.201208971984031737e-07,1.107586345377129735e+06
4.538090551833738700e-07,1.337024541385861346e+06
7.556440084403618306e-07,1.156991012964867288e+06
4.752885684401262700e-07,1.978171574425272644e+06
5.154901456028636454e-07,1.796107862586359726e+06
7.354572489777820305e-07,1.342814183251755079e+06
1.140402519282178068e-06,8.764669439010315109e+05
1.194771087704404904e-06,8.581000830290846061e+05
8.417341972474589667e-07,1.194160570102948463e+06
1.226490504776892155e-06,9.056097115646834718e+05
2.781070124882263570e-07,4.531652394666377455e+06
9.502204235671823345e-08,1.810343178357148916e+07
4.538090551833738700e-07,1.337024541385861346e+06
4.567006637896238362e-07,1.982981483138866490e+06
5.154901456028636454e-07,1.796107862586359726e+06
6.685322823672398538e-07,1.502283154149673413e+06
7.596891939389743298e-07,1.395061824070034083e+06
4.984571640615088994e-07,2.196691192285264842e+06
4.855614737299481765e-07,2.392724327482524794e+06
6.181674910102887902e-07,1.922121375544468174e+06
4.810889625927857596e-07,2.529394415967574809e+06
6.215822834946260620e-07,1.941527622599027120e+06
1.256642113659323984e-07,3.050044803612365201e+07
2.606388813681359778e-07,3.392526375886417460e+06
4.984571640615088994e-07,2.196691192285264842e+06
6.865711712857981798e-07,1.626278549523081398e+06
5.048263550718334902e-07,2.267129594512274489e+06
4.748342412748170367e-07,2.493037325375119224e+06
6.766341177790763377e-07,1.806394459222831298e+06
6.215822834946260620e-07,1.941527622599027120e+06
4.563256394709239218e-07,2.793753037363242358e+06
6.309251790878516442e-07,1.912154997798662633e+06
6.310057530531175253e-07,2.065490146043644054e+06
1.025662438495349199e-06,1.620880694493413903e+06
2.780235752136535744e-07,2.638550472760311794e+06
5.812929403840712710e-07,1.213461057375760516e+06
4.619197036493225179e-07,1.764350082880267408e+06
6.133226444457217579e-07,1.327792307140430901e+06
6.958662537668536127e-07,1.410842121710338164e+06
5.364175561007342504e-07,1.902841033773784759e+06
7.764728287272811287e-07,1.382418951604456874e+06
6.865711712857981798e-07,1.626278549523081398e+06
1.850305212222524395e-07,5.720993715519973077e+06
7.851347054830533716e-07,1.490994199221307412e+06
6.766341177790763377e-07,1.806394459222831298e+06
3.898099858607559593e-07,3.604004020186840557e+06
2.660881542416257265e-07,2.045401480241589481e+06
2.522684073370960977e-07,2.654878101292896550e+06
1.657983332246892837e-07,5.308140281154045835e+06
3.935894555225839128e-07,2.570794930835150182e+06
4.516780651871673886e-07,2.341018294315727893e+06
5.172755880961672175e-07,2.071853616384997964e+06
7.764728287272811287e-07,1.382418951604456874e+06
4.076768458263279136e-07,2.723867991692986339e+06
5.355774610778242061e-07,2.024196486512413947e+06
7.851347054830533716e-07,1.490994199221307412e+06
4.991585599436854862e-07,2.431659887530158274e+06
6.952399978801673537e-07,1.828459088853749447e+06
2.660881542416257265e-07,2.045401480241589481e+06
2.518160787320463733e-07,2.859956761889857240e+06
4.279990173008941099e-07,1.769656620758397272e+06
1.718356839927516705e-07,4.818333015810643323e+06
1.994606863342288655e-07,4.032764825252117123e+06
4.419623385192999444e-07,2.249009593904603273e+06
4.689706624561314930e-07,2.262745856583800633e+06
4.289715459321767540e-07,2.584681511651474983e+06
3.048028876405678922e-07,3.938513723919606768e+06
3.920803600412259240e-07,2.978171545011531096e+06
3.986897349604143621e-07,3.053466199442652054e+06
1.340166493280443979e-07,3.955802413664707914e+06
2.085402495000813863e-07,2.904999464116545394e+06
2.029925174599374526e-07,3.459506638928551693e+06
1.417049325183443553e-07,6.556944100925941952e+06
3.763103853753499779e-07,2.450334855135329533e+06
3.833882757886840602e-07,2.487408847504110076e+06
2.253524790738026249e-07,4.600322698383165523e+06
3.253243376413363563e-07,4.076801028708641883e+06
3.945071607424053447e-07,3.281443418991419487e+06
3.805512167574977201e-07,3.379677001899675466e+06
6.435278648612604803e-07,2.579870070665843319e+06
4.731566155552074778e-08,4.919401450832505524e+07
1.416189648160343944e-07,3.386908280392298941e+06
1.894376211045854413e-07,2.406560701453313697e+06
1.790280388227703889e-07,3.323721322945020627e+06
2.085402495000813863e-07,2.904999464116545394e+06
5.131954632077165886e-07,2.189645315697947517e+06
3.725245648671553686e-07,3.047886896899915766e+06
2.343359201430383635e-07,5.179805305651647039e+06
4.902199014046017679e-07,2.487386916764068417e+06
5.259091796465437049e-07,2.328243785143696237e+06
6.663015224972316264e-07,1.992636165295158746e+06
5.600158576823583744e-07,9.808035563726481050e+05
3.259119426072282204e-07,1.725774820477518719e+06
6.664034626344181981e-07,1.003491533505011466e+06
5.230467198224780691e-07,1.276958731562963221e+06
1.959418985533030663e-07,3.738731057403791230e+06
5.354849031136824880e-07,1.965431033471494447e+06
8.399097935261112731e-07,1.317881059641779866e+06
5.101546750140003066e-07,2.273484362235165201e+06
7.426418079245483486e-07,1.591376111891573295e+06
4.421376395226017251e-07,2.915222372988790274e+06
8.624346955867366109e-07,1.639344472397577949e+06
6.664034626344181981e-07,1.003491533505011466e+06
5.230467198224780691e-07,1.276958731562963221e+06
9.352479876605562787e-07,1.003965222184957587e+06
9.718116788701363701e-07,1.008240622035988374e+06
9.204174657638369957e-07,1.064391572542845272e+06
9.236146583310601333e-07,1.111697300044377567e+06
1.002834413742775216e-06,1.062283951149998698e+06
6.742448143694209001e-07,1.567314296868421603e+06
8.399097935261112731e-07,1.317881059641779866e+06
4.870245599823468810e-07,2.394941584210052155e+06
7.426418079245483486e-07,1.591376111891573295e+06
9.128928642386263638e-07,1.466505869216663297e+06
1.703531083474751081e-07,1.308609470366749167e+07
3.284921018256614028e-07,2.959478760259827971e+07
9.352479876605562787e-07,1.003965222184957587e+06
7.327719690220751199e-07,1.262901498475740664e+06
9.204174657638369957e-07,1.064391572542845272e+06
9.718116788701363701e-07,1.008240622035988374e+06
6.743886677389643820e-07,1.455996016406343319e+06
9.236146583310601333e-07,1.111697300044377567e+06
7.597648768428713431e-07,1.315767600079515949e+06
5.851664846601048418e-07,1.791232301391460700e+06
1.002834413742775216e-06,1.062283951149998698e+06
9.721997209801619894e-07,1.149037661618610844e+06
1.732768090499742746e-07,9.822062349925808609e+06
3.284921018256614028e-07,2.959478760259827971e+07
4.340701746641173116e-07,1.723391350644499529e+06
4.635003770346826432e-07,1.383834555008279625e+06
7.005448698503191492e-07,9.511776995312527288e+05
7.143943638395950229e-07,1.003617857478849590e+06
6.951319767684951783e-07,1.354446403465013718e+06
2.043734749346057235e-07,4.448551648200475611e+06
7.397040056818114507e-07,1.415137741083105095e+06
5.851664846601048418e-07,1.791232301391460700e+06
9.721997209801619894e-07,1.149037661618610844e+06
1.951512840217613843e-07,3.197906976531067863e+06
1.693003885176310904e-07,3.901023191917982884e+06
6.528136308233374052e-08,4.065727586000764370e+07
2.447943851961391430e-07,3.031323964483734220e+06
4.985395976148294890e-07,1.477896907372084446e+06
1.065721731665740999e-07,2.579991091226342693e+07
2.544377920369465497e-07,4.347278094386435300e+07
5.158255960402416814e-07,1.976485625839272980e+06
6.018311140764549947e-07,2.271957220894298051e+06
6.798488065277919994e-07,1.973250298841179814e+06
6.501788315662194070e-07,2.187990289519118145e+06
6.503542141029992959e-07,2.189518031878686510e+06
1.919581093700619737e-07,2.663073718367508426e+07
2.199982596039670977e-07,2.852054926839493681e+06
6.528136308233374052e-08,4.065727586000764370e+07
2.538332390054194630e-07,4.274073007436623797e+06
8.034456437020441823e-07,1.474731142003818881e+06
1.107827332312020095e-06,1.104831407715247711e+06
1.147789898702788143e-06,1.063234005072209286e+06
1.025816050306111329e-06,1.234406802829749882e+06
9.399455698573036615e-07,1.348688299683200428e+06
8.033490310733363070e-07,1.616086264513210859e+06
8.706517628897695877e-07,1.486250303322521737e+06
9.950073284461704849e-07,5.777762605437367456e+05
1.219326413065704675e-06,4.808265614543866832e+05
9.373262147049041214e-07,6.319310071304209996e+05
1.027081753594368382e-06,6.158796836188345915e+05
1.552779433802476069e-06,4.798268173029597965e+05
1.348525207871566565e-06,7.053945493515980197e+05
1.513056877693765854e-06,6.674480861618162598e+05
1.287470442960139046e-06,8.307813550728030968e+05
1.330993812823245555e-06,8.333447123812403297e+05
3.329114628111440462e-07,3.487199313301942311e+06
9.089824853280794636e-07,9.671733543825071538e+05
1.006788970418433270e-06,8.855796339553834405e+05
1.359019517937383408e-06,6.956527902874688152e+05
1.275966374315862966e-06,7.403368055198901566e+05
1.348525207871566565e-06,7.053945493515980197e+05
1.246684970835124690e-06,7.858202692642710172e+05
1.412331884972347925e-06,6.932481604992756620e+05
1.513056877693765854e-06,6.674480861618162598e+05
6.813413072106422327e-07,1.494456496350464644e+06
1.287470442960139046e-06,8.307813550728030968e+05
1.028448939364323843e-06,1.061331723108423175e+06
1.330993812823245555e-06,8.333447123812403297e+05
4.666378182415088141e-07,1.597992868478835328e+06
5.061619773456119408e-07,1.455847200695436448e+06
5.683216590539780537e-07,1.429823728363926057e+06
7.551576027150495740e-07,1.133573716898410348e+06
6.559833484810120082e-07,1.729012927455319790e+06
9.992640230422389367e-07,1.137116087359362515e+06
9.029051610495117749e-07,1.288078041481773136e+06
6.893706606012776635e-07,1.722581125434470130e+06
1.112740769632658153e-06,1.132054918351826956e+06
1.093383809454803132e-06,1.192550918376709335e+06
9.423290978393278606e-07,1.389142468418824021e+06
1.318662827140078830e-06,1.124617136194421444e+06
1.782249697006889581e-06,8.791313095981192309e+05
5.377729442798343436e-07,1.226883287591135828e+06
5.061619773456119408e-07,1.455847200695436448e+06
5.683216590539780537e-07,1.429823728363926057e+06
5.507400175628750746e-07,1.536992236539804144e+06
7.053155290260299044e-07,1.198310074593659258e+06
7.441065424369155953e-07,1.330738948476291029e+06
8.405805984236071846e-07,1.155917412925651995e+06
7.939271661851185272e-07,1.434268713360066991e+06
9.307399047378772448e-07,1.251195429426627466e+06
9.150002962703680887e-07,1.266777969627117971e+06
1.183160616089406259e-06,1.071525204598810291e+06
5.364705084177875948e-07,2.077274629480927810e+07
7.427636008022870533e-07,9.135517677698766347e+05
1.036279352303532554e-06,8.731988619969128631e+05
1.038952479346010645e-06,9.755251040986215230e+05
9.840860898297677360e-07,1.039715316785321338e+06
9.937467196376295392e-07,1.076587153674086556e+06
9.999301623711650595e-07,1.056277951123886043e+06
1.025758384440840001e-06,1.081293145097862463e+06
1.153636642428426929e-06,9.618253653875378659e+05
9.373812305228091782e-07,1.188533987787711201e+06
1.117112761652923792e-06,9.980696857056437293e+05
3.933956676491997409e-07,4.717178510884519666e+06
3.573805294295637077e-07,5.845486455342625268e+06
2.792573506956944138e-07,4.232883256707414985e+06
8.626112030861676982e-07,1.309876256915289676e+06
5.016037811677011375e-07,1.890486323458360974e+06
5.937113685941279409e-07,1.687717828315254999e+06
1.038952479346010645e-06,9.755251040986215230e+05
7.553417337424613028e-07,1.365294918897352880e+06
9.937467196376295392e-07,1.076587153674086556e+06
8.661898531765909099e-07,1.216086836071423488e+06
1.153636642428426929e-06,9.618253653875378659e+05
1.025758384440840001e-06,1.081293145097862463e+06
1.117112761652923792e-06,9.980696857056437293e+05
2.894008164901626996e-07,4.074013904665315058e+06
3.799568261983733656e-07,1.637103328915444436e+06
3.708658038692726514e-07,2.428065603523661941e+07
5.414244622023703852e-07,1.611666296660123626e+06
5.016037811677011375e-07,1.890486323458360974e+06
5.937113685941279409e-07,1.687717828315254999e+06
6.929856857018913415e-07,1.633268830294836313e+06
5.166347053505227300e-07,2.155987471610372420e+06
5.201942641908647504e-07,2.347832994690230116e+06
7.916164343775785669e-07,1.585119119172778679e+06
1.099977090504241214e-06,1.206429408346203389e+06
3.078621471612976367e-07,1.626319034239994828e+06
4.020079677493738287e-07,1.676161340171285206e+06
4.813523953391223043e-07,2.145081674803997390e+06
5.560952719594896550e-07,1.889971899934928166e+06
6.642370566137222602e-07,1.594180352569528855e+06
5.042253282665877935e-07,2.070751077852759277e+06
5.952585541529336451e-07,1.847513621943353442e+06
5.114224586050115258e-07,2.198285478081419598e+06
6.260035150100540290e-07,1.784845126487114932e+06
5.166347053505227300e-07,2.155987471610372420e+06
4.386154110119622451e-07,2.527560102824616246e+06
5.201942641908647504e-07,2.347832994690230116e+06
1.890918898146510144e-07,2.086301859795199707e+06
1.241222166744237997e-07,4.414254415205112658e+06
1.675156140395685406e-07,3.597712675369611010e+06
1.916195095588650167e-07,4.633529284081242047e+06
3.275868442602627021e-07,2.904561809090965427e+06
4.813523953391223043e-07,2.145081674803997390e+06
5.560952719594896550e-07,1.889971899934928166e+06
5.069294274129612649e-07,2.716811049481559079e+06
5.214120279039987743e-07,2.635412926428747829e+06
3.759086475124985532e-07,4.587599991322809830e+06
8.979495732574677908e-07,1.966593994255571626e+06
1.207951283717094290e-07,4.352406863148382865e+06
2.291323344385951793e-07,2.386421624935794156e+06
1.648876034929945394e-07,3.556877593470501248e+06
2.981057515467395506e-07,3.294839933758268133e+06
5.500423261824715971e-08,1.521728840753360689e+08
4.197465494644453819e-07,2.489640964880748186e+06
2.871828090836327841e-07,3.838784375696524046e+06
5.578940492955107355e-07,2.005072221793401986e+06
5.606176809162710632e-07,1.992959488953393884e+06
4.307350107070150744e-07,2.814369155053552706e+06
5.889099838425753191e-07,2.669481391764927655e+06
2.006597187188583940e-07,3.001253429677113425e+06
4.112699709810353063e-07,1.460399347255707020e+06
2.752580987733983882e-07,3.441704157482111361e+06
2.339408439717150885e-07,3.267943234609974083e+06
3.810893761616037148e-07,2.635863828549658880e+06
4.197465494644453819e-07,2.489640964880748186e+06
4.970295173055063538e-07,2.105510237441478763e+06
5.578940492955107355e-07,2.005072221793401986e+06
5.606176809162710632e-07,1.992959488953393884e+06
3.024761587972644996e-07,3.778872158318859059e+06
4.134044231611407520e-07,3.090233373088813853e+06
5.985190186495431127e-07,2.478881664214151911e+06
5.673079128693915716e-08,1.714800343961792439e+07
1.132157081996557762e-07,1.389226374052547105e+07
1.055529041879054993e-07,6.323729323578120209e+06
2.247468298855429122e-07,3.078709795192539692e+06
2.339408439717150885e-07,3.267943234609974083e+06
4.134229254220280000e-07,2.411492542693475727e+06
1.922225614753921950e-07,5.170144696302189492e+06
1.550779049437870623e-07,6.896913893808142282e+06
4.833133297161513853e-07,2.274121860492184758e+06
3.739587929317226434e-07,3.299417485243901145e+06
3.833860760393395457e-07,3.358392148153943941e+06
1.314727494036557925e-07,1.848525762659998983e+07
1.136360809021716140e-07,1.937202138541825861e+07
5.819274959763991800e-08,1.668051631149110012e+07
3.167830684248166893e-07,3.142632361747319810e+06
2.327069236296431382e-07,4.080339039129449520e+06
4.300015672313923867e-07,2.731041730354757980e+06
2.872579764721654166e-08,3.595061204224148393e+07
4.616582212026118407e-07,2.475487617340972647e+06
5.021753981988219754e-07,2.461034719426399097e+06
8.685841257500885914e-07,1.805057479256665101e+06
8.967537221217582415e-08,7.648390093248388730e+06
4.061625114254672253e-07,1.218872419783869991e+06
6.174227575301626610e-07,1.581851833102837903e+06
6.429937979833565194e-07,1.514138435275022639e+06
5.892235154934961886e-07,1.752978908608180936e+06
1.065808313606365695e-06,1.024674847006964264e+06
6.466849604681708435e-07,1.799881605930898106e+06
3.785929892009967301e-07,3.150127540002507158e+06
7.655690870686883525e-07,1.623387932487817947e+06
8.881968368512072147e-07,1.503069962670472916e+06
1.367682930885562322e-06,1.081404746218467830e+06
1.877882235646610644e-06,7.871418496326593449e+05
6.870112839719708406e-07,1.654384565242361650e+07
1.043402752737952537e-06,6.677916505714001833e+05
1.058347705251255632e-06,7.827679411383167608e+05
5.444289185319639063e-07,1.592264606436329894e+06
8.597952067773715648e-07,1.045447294355364516e+06
7.763636010755793583e-07,1.149713844579056138e+06
9.819210526594375943e-07,9.561366200485050213e+05
1.296689104671975038e-06,7.420088047440364026e+05
9.045508426294602201e-07,1.389582664506637491e+06
1.070802386359785032e-06,1.218302948287900304e+06
1.877965690624756583e-06,7.875894451665153028e+05
3.618139095506232706e-07,1.382272195583729073e+06
8.434711764437884066e-07,1.010318006191282999e+06
9.485514496011864739e-07,9.161499615885379026e+05
6.627041576684423666e-07,1.398788221864979481e+06
7.515869034705808643e-07,1.249888105824229307e+06
4.183934097064137331e-07,2.394507155410250183e+06
5.644959599449349324e-07,1.768641283512903377e+06
7.629472479906163660e-07,1.493802052374354796e+06
1.562203328614322611e-07,7.589883331186945550e+06
1.147700708222815684e-06,1.011758039158137632e+06
1.596807087670833455e-06,9.302188894548682729e+05
8.608253542172513986e-07,1.798105036739869043e+06
3.618139095506232706e-07,1.382272195583729073e+06
2.511840737965786435e-07,3.497647723696492147e+06
2.498013844454424687e-07,3.383461282857874408e+06
4.809817395781342564e-07,1.949758780831063399e+06
4.545461101117176384e-07,2.191705160346309189e+06
5.508802742649295735e-07,1.900830158373778919e+06
6.382403242595445935e-07,1.769105205162669998e+06
6.888523070646302898e-07,1.600112027516233036e+06
5.668388385991261822e-07,2.016240049156683264e+06
7.588531726311255338e-07,1.451582012058858294e+06
4.457040545713487792e-07,2.730642149886350147e+06
1.020086135774925648e-06,1.450823510637639789e+06
4.868819112147199668e-07,1.407412140047444263e+06
4.469591200168719541e-07,1.625257144843185320e+06
2.581056983094983594e-07,3.085916399430356454e+06
5.015329067834367854e-07,1.797422882036942290e+06
4.514736587982491304e-07,2.032799534942597849e+06
4.153036046913578907e-07,2.426873995204665698e+06
5.543596239385989074e-07,1.886097619952551322e+06
6.888523070646302898e-07,1.600112027516233036e+06
6.382403242595445935e-07,1.769105205162669998e+06
7.588531726311255338e-07,1.451582012058858294e+06
5.668388385991261822e-07,2.016240049156683264e+06
1.683692324408113362e-07,1.030730635340515152e+07
5.117062631504926257e-07,9.439904603942912072e+05
4.426419399985994258e-07,1.530374271317181410e+06
9.863149888108048559e-07,9.039175041775017744e+05
5.015329067834367854e-07,1.797422882036942290e+06
4.514736587982491304e-07,2.032799534942597849e+06
3.442778761195615933e-07,2.771898825261743274e+06
1.099233404508027747e-06,8.530120845753411995e+05
5.728249935727248976e-07,1.686616385822285898e+06
1.003917153018633562e-06,1.167137411045944551e+06
7.203852458927892075e-07,1.685279563073262572e+06
1.582332423597676463e-06,8.868019115352376830e+05
2.838052248433520973e-07,2.107167349544237927e+07
3.076457861021129903e-07,2.415994020122223534e+06
6.209241475705577793e-07,1.327086684992775088e+06
7.048166783750581959e-07,1.276901893822613871e+06
5.987810610910698091e-07,1.479792790978627279e+06
8.338298092764593693e-07,1.163959876410635654e+06
7.533211484094392166e-07,1.528751928321530810e+06
8.953344403375798163e-07,1.319618542636212194e+06
1.003917153018633562e-06,1.167137411045944551e+06
9.031365453463466765e-07,1.307457482216700679e+06
1.517221119351880474e-06,1.033288822072392330e+06
1.566767137888928769e-06,1.001465824722877122e+06
2.337074707632167083e-07,2.445971134658994619e+06
2.120760263729723113e-07,3.939950164355871733e+06
3.111530588436889726e-07,2.603681935957126319e+06
2.908614671441146882e-07,2.907982589558836538e+06
2.199688005401321764e-07,4.464355939233855344e+06
3.551278909785820344e-07,2.660552612819322385e+06
3.855023190105567295e-07,2.610892056164579932e+06
5.901759281634237910e-07,1.803763940849145409e+06
4.395512334789728468e-07,2.421192284846549388e+06
6.861030448904388465e-07,1.793354008735363837e+06
8.034154509098924691e-07,1.626054589670031099e+06
1.096897145665573451e-06,1.610745206673416309e+06
2.470118634198332249e-07,2.672549979120909702e+06
3.751418875397505422e-07,1.675523014978943625e+06
2.301038377738654716e-07,4.109548477395099588e+06
3.855023190105567295e-07,2.610892056164579932e+06
3.491595171220268811e-07,2.833230244601969607e+06
3.044780368262309894e-07,3.237110729727028403e+06
4.395512334789728468e-07,2.421192284846549388e+06
6.672701343342486525e-07,1.741760307749671629e+06
6.348949780267122905e-07,1.841212698752542958e+06
1.929964112267007965e-07,6.191913950509137474e+06
4.316880328068957924e-07,2.840465242854248732e+06
4.649861276097433007e-07,2.885576517827321775e+06
6.873846669105253095e-08,2.974538689978894219e+07
4.866990095275733485e-07,1.187466923589095008e+06
4.852794744578376261e-07,1.296686543847874505e+06
3.751418875397505422e-07,1.675523014978943625e+06
3.232145441886176801e-07,2.214586603335483931e+06
6.415136660219700651e-07,1.720172727888939669e+06
5.711906249983428980e-07,1.964202361334220506e+06
5.579812237664412170e-07,2.024563452952807071e+06
6.768727432873105545e-07,1.690471535733622266e+06
6.348949780267122905e-07,1.841212698752542958e+06
6.672701343342486525e-07,1.741760307749671629e+06
7.352849466469668343e-07,1.974938718195147347e+06
1.379066202992018373e-06,1.135415542065351270e+06
1.554309170247275393e-07,5.120516799162922427e+06
5.742602361793297037e-07,1.130039316855266225e+06
4.797320074689253768e-07,2.296162246899573877e+07
4.993252794274649565e-07,1.870187284392613685e+06
7.164278990290990945e-07,1.548437059855675325e+06
7.045201637468643866e-07,1.580498838113650447e+06
6.514437712342049107e-07,1.674461627456577262e+06
8.665581824817224815e-07,1.435501207309455611e+06
9.122047475035286784e-07,1.353688315279278904e+06
8.231662699183274428e-07,1.593180391658196924e+06
1.511354947869175648e-06,1.098750515035167104e+06
4.033093900781646110e-07,1.072948250036077574e+06
5.298180293548009912e-07,1.107152056779166684e+06
7.985634625424192368e-07,1.201440782378212549e+06
9.080092836512322113e-07,1.031229180984308827e+06
1.083336894166504305e-06,9.081534315546487924e+05
1.042898210863637407e-06,9.830493623062487459e+05
7.164278990290990945e-07,1.548437059855675325e+06
7.045201637468643866e-07,1.580498838113650447e+06
8.522823109733084810e-07,1.392718592643300770e+06
9.573756250249259816e-07,1.227299902135519311e+06
1.552532997874714949e-06,1.009871982950019184e+06
8.641107148332226532e-08,2.416195143773704022e+07
1.721731134792558230e-07,2.182585959809491783e+07
2.332841760972315104e-07,1.950886788918517064e+06
2.945749226987999421e-07,1.596194156459953403e+06
3.777879468587513408e-07,2.307031919937140774e+06
3.889558128570911047e-07,2.478063082718608435e+06
6.691584532931169601e-07,1.712493295782154892e+06
8.522823109733084810e-07,1.392718592643300770e+06
7.203911086745139913e-07,1.714166235740687465e+06
1.568701688106884011e-06,9.432920914339296287e+05
1.210173569706309877e-06,1.372615975971444976e+06
1.649778931240417736e-07,5.099748676677911542e+06
1.846639732560679064e-07,4.055347299134241417e+06
2.189760940217730730e-07,4.055265622144082095e+06
2.543490280735586894e-07,3.533552626344270539e+06
1.906488641588502942e-07,5.134878670425998978e+06
1.839708834347938959e-07,5.197171540799839422e+06
2.616701239308611604e-07,3.773856846327858511e+06
1.611951501343364840e-07,6.058837130216365680e+06
1.309550740390477167e-07,7.913289685088738799e+06
2.947417940762177719e-07,3.421634523130789399e+06
2.654584462161041217e-07,4.588043782879988663e+06
1.413857944289481122e-07,9.300948953001108021e+06
1.505010005259339856e-07,7.358892345481497049e+07
1.541493695794179710e-07,6.023216188816004433e+06
1.967613844114619118e-07,4.125301610215791035e+06
1.345752692046994567e-07,7.574721655686579645e+06
4.883713626389482814e-08,1.845976243591253832e+07
1.488046530800350579e-07,7.224568161730204709e+06
1.614182258437975912e-07,7.235108377000007778e+06
2.140651644722784042e-07,5.081627849569488317e+06
2.833985972302798325e-07,4.456645599295226857e+06
2.105868451153144023e-07,6.121177353845416568e+06
2.181031700212622331e-07,5.879975336214737967e+06
3.283383144476056796e-07,4.050911693219950888e+06
8.028458608030565945e-08,1.934139030918011069e+07
1.889269298781478179e-07,2.985472036447831430e+06
2.372070297426236300e-07,3.189061489817361347e+06
1.994189588255044935e-07,4.150585559076272883e+06
4.012436919157392376e-07,2.051500851777408039e+06
4.816589269662816683e-08,1.804691236424656957e+07
2.633620404991698423e-07,3.713175871597526595e+06
3.963218528599398096e-07,2.706551390227616765e+06
3.771568611281381573e-07,2.967998654871435836e+06
2.724551225106347447e-07,4.097275378005571663e+06
4.854117073274864973e-07,2.612653449837539811e+06
6.218966147759383249e-07,2.384924897556530777e+06
4.505349413335314272e-07,1.745549776048641885e+06
2.907049192143317136e-07,3.102890908126467466e+07
3.493458408353657423e-07,2.307354732439824380e+06
4.908169606775811813e-07,1.734292264114076272e+06
3.747307794975732405e-07,2.236902664896083996e+06
3.713422016517356100e-07,2.325677223640194628e+06
4.382087538329202474e-07,2.143730423757706769e+06
5.353923236886026221e-07,2.068957199842012953e+06
6.006295380992763020e-07,2.011531028672508430e+06
3.105664972903084255e-07,4.121019564276488032e+06
8.148805760702590272e-07,1.823710321764103370e+06
7.635232918269592961e-07,1.951566068205070449e+06
4.242048400020679063e-07,1.554060340162010863e+06
1.727097715305760176e-07,4.736427450719594955e+06
3.653425179189092906e-07,2.355936420670174528e+06
3.720376060534401948e-07,2.790143223696555942e+06
4.026892284909154346e-07,2.661189255247040652e+06
4.106932771855424704e-07,2.548152750329018570e+06
3.135568813760542778e-07,3.483785502893531695e+06
4.964264329848596932e-07,2.387535733239763882e+06
3.543248324130217527e-07,3.390940075785820372e+06
5.041623620809730952e-07,2.337964203780096956e+06
7.004202636031651959e-07,1.897651280876255827e+06
8.096976957045244788e-07,1.731801796403336339e+06
8.736950846747686304e-07,1.692456469859510893e+06
2.072082644007874725e-07,2.804896544679327402e+06
2.043885298107808140e-07,3.722212996204876341e+06
4.354178142613658615e-07,1.891768602648273343e+06
4.484997320345044230e-07,2.055817396416196367e+06
4.523916667862843247e-07,1.998765071947815362e+06
3.477917100773150782e-07,2.689803442464127205e+06
4.962586886880318169e-07,2.048094783736449899e+06
3.961247333417851456e-07,2.775508930529295001e+06
4.132378123502425821e-07,2.822660191888153553e+06
4.791372345887456681e-07,2.585737360032066703e+06
8.210276465525414800e-07,1.800950701401140308e+06
2.576639284768212104e-07,7.222221321022356860e+06
2.016837679489454333e-07,2.561598764762535691e+06
1.788242309087384249e-07,3.209683533213726245e+06
2.603202196136869555e-07,2.255897266588864848e+06
2.187735196698167931e-07,3.160982589168245438e+06
4.670871202056964628e-07,1.878416769220922841e+06
4.484997320345044230e-07,2.055817396416196367e+06
4.523916667862843247e-07,1.998765071947815362e+06
4.962586886880318169e-07,2.048094783736449899e+06
3.328159404136879016e-07,3.942138739469057415e+06
5.967609001686662699e-07,2.473669530731662642e+06
3.054533337202780062e-07,3.251705199343533069e+07
1.751377540968892110e-07,3.023022387439438608e+06
2.603202196136869555e-07,2.255897266588864848e+06
7.294541495828630376e-07,1.259997789996737149e+06
7.841523665472399793e-07,1.298729023036261555e+06
4.609347803094926707e-07,2.384512052735032048e+06
5.333465425465089374e-07,2.108533487120375503e+06
5.937957308746518383e-07,2.080307546757777920e+06
5.189757546924875067e-07,2.540945595427492168e+06
8.382696837989874547e-07,1.671763520077898633e+06
1.016537435325010653e-06,1.541221086129943375e+06
3.228233943892385903e-07,1.667550898141047219e+06
2.162306402362981215e-07,2.349651146724139806e+06
7.200910310576384405e-07,1.308687496008511866e+06
6.066330243690674861e-07,1.611718088355815504e+06
5.974803371613409619e-07,1.642730787224328145e+06
7.062202247131442480e-07,1.442954497412891826e+06
4.470981590198558473e-07,2.398171928599670995e+06
4.837022266151594233e-07,2.285719664366304409e+06
5.581440274451584205e-07,2.148122829275090247e+06
6.331391912072730853e-07,2.052851425302264513e+06
1.081368506039449323e-06,1.448573795610141475e+06
2.668735332550198736e-07,6.869827281219206750e+06
2.214270500200700329e-07,2.351927326503794175e+06
1.918574257761700933e-07,5.647947512274241075e+06
1.488192332273772883e-07,5.454133923551297747e+06
2.258166040794945542e-07,3.467509912474031094e+06
3.622198649015873284e-07,3.086072308663012832e+07
2.171999620538660086e-07,4.188151338449916337e+06
2.861108534331992080e-07,3.603530151910326444e+06
2.938187275567830866e-07,3.484645061472243164e+06
3.271288775558832067e-07,3.575107149218052160e+06
3.640610376377684766e-07,3.607135223776724655e+06
6.591056165199228083e-07,2.375060556696476415e+06
2.309141074570842206e-07,3.167708235617775470e+06
2.495492280609495924e-07,2.932919166696165688e+06
1.488192332273772883e-07,5.454133923551297747e+06
2.171999620538660086e-07,4.188151338449916337e+06
2.833441566318783029e-07,3.566551205726837739e+06
6.483978614645012007e-07,1.514295373622295680e+06
4.555418976379553189e-07,2.217744844141511247e+06
6.846349260865454181e-07,1.481821155578772537e+06
5.427368110969048314e-07,1.952053651221396867e+06
2.827231590674720548e-07,3.795230746453162748e+06
5.538699442729123525e-07,2.492232724483468104e+06
6.286066285077829301e-09,2.786274335905947685e+08
4.890258545987058372e-07,1.175910001159138279e+06
2.529056049286038557e-07,2.706501649543242529e+06
7.617269410996695727e-07,1.080723482464333065e+06
4.347972265709096279e-07,2.431025307501873467e+06
5.598981660715633208e-07,1.804852596855825279e+06
6.917253417533957855e-07,1.547474944637004752e+06
5.254049895066809992e-07,2.095362831431375118e+06
5.989251213256106485e-07,1.880362237530164421e+06
6.880488103058219287e-07,1.622646802961806068e+06
4.569311554800151696e-07,2.450208446294367313e+06
5.243904198728447779e-07,2.366476055413210299e+06
7.763295463226114618e-07,1.627822757833285723e+06
5.251167944305044924e-07,1.014171713716770173e+06
7.012817681918652426e-07,7.779671250584083609e+05
4.890258545987058372e-07,1.175910001159138279e+06
7.781032973879510505e-07,1.144590619170021964e+06
9.978750291515318182e-07,9.550915837651457405e+05
1.133717040625057613e-06,9.330016878608677071e+05
1.115899209214565909e-06,9.517775153693588218e+05
9.916801376093381553e-07,1.065134302163028857e+06
1.070330991361131251e-06,9.915265393890338019e+05
8.695912499242903172e-07,1.296702063805438112e+06
2.976192125261698667e-07,6.980132284473130479e+06
2.887405042820968109e-07,2.480330407834297512e+06
4.310296054676678663e-07,1.588614262692130869e+06
2.923554097219275849e-07,2.573681681635343470e+06
6.062311201656781978e-07,1.483701616991208633e+06
9.978750291515318182e-07,9.550915837651457405e+05
7.587350586987538439e-07,1.226720819113662001e+06
8.343796135009266658e-07,1.242643467894855654e+06
1.115899209214565909e-06,9.517775153693588218e+05
1.070330991361131251e-06,9.915265393890338019e+05
1.133717040625057613e-06,9.330016878608677071e+05
9.567668799473054667e-07,1.159863153219476808e+06
2.580982353085658092e-07,2.077743833639518358e+06
2.352849792145278580e-07,2.752909237200530246e+06
2.776488813289408696e-07,2.155107876740546897e+06
2.657639369746806034e-07,4.408233605446065962e+07
2.477143676557671357e-07,3.112440679481523111e+06
1.543241488383292935e-07,5.589674367720911279e+06
4.050254965328339516e-07,2.109451676610820461e+06
4.159635748924915858e-07,2.589116902051719837e+06
8.709324014570985822e-07,1.617923438198975986e+06
8.955094242017649734e-07,1.572560509740235750e+06
2.042423339538331085e-07,5.705411695433297753e+07
2.829572512191139448e-07,2.179049634254243225e+06
2.042586763459784345e-07,4.324362597799744457e+06
1.443077699655404336e-07,6.441717581698768772e+06
3.604036864437188992e-07,2.523669940595885739e+06
2.566065016672807297e-07,4.317162225731932558e+06
1.718052237008028572e-07,6.246497541591446847e+06
2.322458370502231426e-07,4.388732406899088062e+06
3.514591959866228024e-07,3.114023944148805458e+06
2.779368794826062005e-07,4.545560806392775849e+06
2.753871378496399263e-07,4.679046339747801423e+06
1.296386106880034925e-07,1.258574488494531624e+07
2.165897567277587679e-07,3.503312881944664754e+06
2.454323951004945834e-07,3.333306097184821963e+06
1.242881683588249228e-07,6.116297671385066584e+06
1.589688295772792520e-07,6.313443240817377344e+06
2.789823183968714824e-07,3.705795293747990392e+06
2.366935804766738529e-07,4.374674786277314648e+06
2.566065016672807297e-07,4.317162225731932558e+06
3.514591959866228024e-07,3.114023944148805458e+06
3.295753318903908377e-07,3.326354019134902395e+06
1.578071358518473153e-07,7.467904685367114842e+06
2.806637666198725041e-07,4.501350854217480868e+06
2.442316928044536670e-07,5.843224546851298772e+06
8.413617344745462927e-08,1.711308653003497422e+07
1.556475959790712010e-07,4.912815259046222083e+06
1.354164986808692033e-07,3.283563283461112157e+07
1.071678527467065033e-07,5.998661456956467591e+06
2.459662993682115151e-07,3.824007011098460294e+06
2.228413805047653881e-07,4.497977683932506479e+06
3.994368020282484711e-07,2.940810989560277201e+06
3.354462326177061811e-07,3.338494286471918691e+06
1.907161256415152013e-07,6.473918210318692029e+06
4.362493440571265570e-07,2.786970351506987587e+06
2.351487706351777744e-07,5.242761000406011008e+06
2.940840344583063592e-07,4.323359520048233680e+06
1.556475959790712010e-07,4.912815259046222083e+06
2.463780381769952534e-07,2.041589915479485644e+06
2.266566415874815752e-07,3.351904918163395021e+06
3.460100808490891049e-07,2.815755861118323170e+06
6.006726018852263544e-07,1.672102190216287039e+06
4.283417060114977086e-07,2.359872921587463003e+06
4.849887938972626557e-07,2.294168499246996362e+06
3.994368020282484711e-07,2.940810989560277201e+06
1.147964245913102004e-07,9.714517541477845982e+06
4.362493440571265570e-07,2.786970351506987587e+06
7.285654419563413822e-07,1.757825813853402389e+06
3.037434297848686599e-07,2.864773927533502504e+07
3.846979347771261736e-07,1.569224072418035008e+06
5.281005624734459932e-07,1.381430258308533812e+06
6.684877438280856054e-07,1.166322479066520929e+06
8.862388503721790616e-07,1.019984477499129483e+06
7.878787133842417544e-07,1.168591428428702755e+06
4.849887938972626557e-07,2.294168499246996362e+06
7.466331106455570699e-07,1.593078468239807524e+06
7.273090797482592839e-07,1.638166530738527421e+06
1.361698852980323629e-06,1.086036632095217938e+06
2.943612666802543139e-08,7.348064332639749348e+07
3.942312172625104107e-07,1.624679630317563890e+06
4.370767475120553972e-07,1.742709118886611890e+06
5.570714048971072676e-07,1.632480611036357004e+06
5.501670405700488509e-07,1.722210085878002457e+06
2.387074181594020738e-07,4.354588259967772290e+06
8.022856904331063709e-07,1.353041659929658286e+06
4.106853480687892856e-07,2.587859429830695502e+06
5.951611360712269825e-07,2.017330863628714345e+06
7.080560781867268938e-07,1.668658796141081257e+06
5.767804766557748533e-07,2.094312684687269852e+06
7.056961559616353417e-07,1.771261775732382201e+06
1.217655608873964693e-06,1.214838917539747665e+06
1.346233473718413857e-06,1.164250518916750094e+06
2.058140372423537495e-07,3.596907347902882379e+06
1.803223459430220022e-07,4.443391073192518204e+06
5.570714048971072676e-07,1.632480611036357004e+06
2.763535567567067219e-07,3.481021620955791790e+06
4.292207017808271876e-07,2.099230722561740782e+06
2.719629315832618575e-07,3.520944093435537536e+06
5.501670405700488509e-07,1.722210085878002457e+06
4.140988920694176188e-07,2.475424086965049617e+06
3.181298268962784978e-07,3.296580923565261066e+06
3.398490747172746913e-07,3.470152403553856537e+06
3.615471511886545595e-07,3.400845769606726710e+06
6.041414502653351628e-07,2.451612627438604366e+06
2.853992905919795940e-07,2.097955221766646020e+06
1.836799060184664209e-07,4.228365079722376540e+06
2.031737795744291665e-07,3.782828879499608651e+06
2.719629315832618575e-07,3.520944093435537536e+06
3.462827550899893520e-07,2.765894885351695120e+06
4.179552249949927730e-07,2.507200550242109224e+06
2.873521125925594482e-07,3.747617546420207247e+06
3.181298268962784978e-07,3.296580923565261066e+06
3.989710522796251996e-07,2.697466328052545432e+06
3.161711683881002327e-07,3.656778766229413450e+06
4.110912534049651844e-07,2.834289557649100199e+06
2.006477460190877448e-07,8.723698048900557682e+06
2.657522553223485341e-07,2.019370143326592399e+06
3.502676501397026506e-07,3.149992763660334423e+07
2.146967769295907752e-07,4.454014638481893577e+06
3.196834831178342437e-07,2.822970542651047464e+06
3.462827550899893520e-07,2.765894885351695120e+06
4.584062041248291324e-07,2.158764303303127177e+06
2.873521125925594482e-07,3.747617546420207247e+06
4.179552249949927730e-07,2.507200550242109224e+06
3.161711683881002327e-07,3.656778766229413450e+06
4.065694387714975598e-07,2.841770532228514552e+06
3.898448241823603483e-07,2.975594395866132807e+06
3.933815613546663971e-07,3.119083146873822901e+06
2.642604241558384068e-07,1.591358996174498461e+06
5.001220260602158352e-07,1.097106138867707923e+06
4.269717989296074647e-07,1.318079919199847151e+06
4.307147804720792533e-07,1.402127539509142051e+06
1.013763485833455786e-06,9.604606085402863100e+05
6.647390430641915760e-07,1.533778277168318164e+06
6.319458432766101490e-07,1.696568403631287860e+06
6.211185063898971795e-07,1.925692069619494956e+06
6.578896649096682500e-07,1.987040381439395249e+06
1.188921671547651595e-06,1.317676490593303693e+06
8.464393329991806183e-07,1.076797747823191807e+06
7.804756708839474116e-07,1.225903236591685330e+06
8.680316856303423804e-07,1.082946043651571730e+06
9.717386879037358670e-07,9.657982904833062785e+05
5.469814394959799541e-07,1.654722762041418348e+06
9.382854344696558142e-07,1.049343566252388991e+06
7.167357126519421027e-07,1.381365615319780540e+06
7.337503987422863420e-07,1.395717107836872805e+06
6.647390430641915760e-07,1.533778277168318164e+06
8.997658897314588810e-07,1.124488124841589713e+06
6.319458432766101490e-07,1.696568403631287860e+06
5.425436635248421407e-07,2.015788807741742581e+06
5.150462876839498034e-07,9.879069663110575639e+05
5.007477069334014796e-07,1.021950426830289769e+06
8.464393329991806183e-07,1.076797747823191807e+06
8.680316856303423804e-07,1.082946043651571730e+06
7.167357126519421027e-07,1.381365615319780540e+06
7.493977841553401073e-07,1.343625741427809466e+06
9.382854344696558142e-07,1.049343566252388991e+06
7.337503987422863420e-07,1.395717107836872805e+06
9.571444554469052971e-07,1.096404663028466282e+06
8.863258660920046215e-07,1.418117003876083530e+06
1.758773297423830525e-06,8.404049454332062742e+05
5.007477069334014796e-07,1.021950426830289769e+06
7.340239696208404242e-07,1.130449495083216578e+06
1.289497791437161360e-06,7.299313267364337808e+05
9.201916824788376743e-07,1.042198434733450762e+06
1.080555469288798647e-06,8.965455150431583170e+05
7.493977841553401073e-07,1.343625741427809466e+06
1.225103600743378205e-06,8.027736559204026125e+05
1.228583783267573386e-06,8.007411057954373537e+05
1.277349904769242509e-06,7.962256039073811844e+05
4.299920234326655220e-07,2.419324133208524901e+06
9.142218513582197966e-07,1.101839355582872638e+06
3.767208692680678524e-07,1.770218725454982836e+06
2.941210387992934252e-07,2.145821935384827200e+06
6.146950756116844660e-07,1.490277750556936488e+06
6.811003076820238149e-07,1.378056724864278222e+06
1.289497791437161360e-06,7.299313267364337808e+05
6.829409903373580730e-07,1.372042240027672611e+06
1.225103600743378205e-06,8.027736559204026125e+05
8.975299814225788094e-07,1.370954152039465029e+06
6.467450028161507275e-07,2.042501571402469417e+06
9.792498848026257494e-07,1.397155064041628968e+06
1.408695172858407135e-06,1.051449753400872229e+06
2.063467234852693469e-07,4.718482199856343865e+07
3.030070085167849231e-07,2.166195038719308563e+06
6.591644651113351007e-07,1.286424473954298301e+06
5.657608024567063506e-07,1.589852343625992304e+06
7.002222570263545178e-07,1.331074949832149781e+06
8.805466912646965726e-07,1.106124151293987175e+06
5.712615377464897774e-07,1.745250941766427131e+06
8.093002554342089934e-07,1.274007944279953605e+06
7.379257388410790887e-07,1.357026016279655043e+06
6.155749753548928753e-07,1.738700461772865383e+06
5.551266475515111807e-07,1.930505692133777542e+06
2.460907326183649256e-07,2.658290873741041869e+06
4.539357164937089537e-07,1.961362757369891508e+06
8.805466912646965726e-07,1.106124151293987175e+06
5.235396265834084559e-07,1.858100633162059588e+06
8.093002554342089934e-07,1.274007944279953605e+06
2.923515241526087251e-07,3.754314821531525347e+06
5.083749766546147392e-07,2.231565343904851004e+06
6.992990289731804950e-07,1.573623504319868051e+06
5.880901698593733155e-07,1.990180123230929719e+06
5.085479288404516987e-07,2.318346270370181184e+06
4.051111157319214085e-07,2.943181442242481746e+06
8.403836990201435913e-07,1.669452050498049706e+06
9.439437691245275358e-07,1.569662981673707254e+06
2.719318180359518412e-07,3.093108130417813361e+07
2.591151258044186184e-07,2.049861961136936443e+06
3.186131325472206044e-07,2.037244263275241246e+06
3.506580384348152790e-07,3.192801715015511960e+07
6.811439562430890595e-07,1.227042023653969634e+06
4.046545054552468014e-07,2.489599750057104975e+06
5.849298004095882872e-07,1.677603564268893097e+06
6.262139242520731279e-07,1.615977872242311249e+06
8.115420367599548899e-07,1.644615039838576457e+06
6.963087312525021315e-07,2.011272390224010916e+06
2.205921922251223811e-07,3.517633273883410729e+06
2.664208410495952145e-07,3.176192766306071077e+06
1.987654364542138609e-07,4.344302404755384661e+06
4.496361455478382391e-07,2.062831583469301462e+06
2.802706849608208130e-07,3.334680570541562047e+06
6.177663357297566815e-07,1.704207437208792195e+06
3.106894866256506424e-07,3.298528196927595418e+06
3.030286186220063071e-07,3.655089718394334894e+06
4.127971059453529559e-07,2.905026979689822067e+06
4.679609991910022639e-07,2.667502077859966084e+06
3.613436852579776005e-07,3.544521766769246664e+06
4.865315451644467839e-07,2.801420793711180333e+06
8.408039336324435405e-07,1.864316723772177007e+06
2.063606783328352975e-07,2.989474144965338521e+06
2.205921922251223811e-07,3.517633273883410729e+06
2.618946990616436402e-07,3.358754436386174057e+06
2.802706849608208130e-07,3.334680570541562047e+06
3.033178316857182347e-07,3.361045774493289646e+06
3.125614407010381599e-07,3.407114626708006021e+06
2.312528593435273185e-07,4.761811386263975874e+06
3.372059548166685373e-07,3.478048238029262982e+06
3.619718714223830531e-07,3.376736315932836849e+06
9.262793454967530728e-08,1.369391185605505854e+07
3.638947495037746253e-07,3.653346158701663371e+06
4.664471074124312861e-07,3.016194514189019334e+06
7.184376650328419223e-07,2.178107652805307880e+06
8.411783112598792704e-08,7.316603341052260250e+06
2.063606783328352975e-07,2.989474144965338521e+06
1.029577697125790768e-07,6.100641764020354487e+06
5.958817846817899341e-08,1.739817486857792735e+08
3.129517180452082046e-07,2.558855385461076163e+06
3.604658214394057322e-07,2.378243597015811596e+06
2.558620256925896214e-07,3.282257470577002969e+06
4.052602811729750639e-07,2.925756907403599471e+06
2.924383508672489637e-07,4.415612064354309812e+06
7.056821887816938309e-07,2.221735511188011151e+06
6.885938735715099321e-07,2.274287292253624648e+06
1.561258541569895143e-07,3.901386700952959713e+06
8.281737278725737473e-08,7.203877549506394193e+06
4.989968765278263625e-07,2.188722610605778918e+07
5.229686629290965108e-07,1.652992526284911670e+06
8.736288606996249307e-07,1.127563549573919503e+06
9.367692147851157893e-07,1.130989004275426967e+06
8.802262828520263130e-07,1.461360987097734818e+06
8.409350113306886698e-07,1.552650623882369604e+06
9.632080384248278498e-08,1.415724999859470688e+07
8.183628390252103001e-07,1.687854154889749829e+06
1.232425712356527326e-06,1.274334398527882528e+06
1.506193874903006460e-06,1.102204316074415110e+06
3.240782820592715962e-07,1.330353267200095113e+06
3.433532251284322306e-07,1.434764004457820673e+06
6.639302624703240313e-07,3.635832308597915340e+06
4.200697384826951498e-07,2.551779364331220277e+06
9.155088558204380177e-07,1.115431066415193956e+06
6.604194588165517516e-07,1.502763078602158232e+06
1.097834472377757848e-06,9.250657612944071880e+05
1.020381207296786918e-06,1.027922184937090031e+06
1.023492599110345278e-06,1.046566831070915214e+06
9.367692147851157893e-07,1.130989004275426967e+06
2.983296439555266187e-07,3.233826698754985351e+06
3.755623125691093986e-07,2.697521878534839023e+06
3.438076272854502364e-07,2.785737355404736474e+06
4.428686992883976588e-07,2.319881320036462508e+06
3.196601167227864378e-07,3.042770578617544379e+06
3.081340470589063868e-07,3.292087560799611267e+06
4.132593183068490642e-07,2.545041293166662566e+06
4.788790718809216525e-07,2.147148730082610156e+06
5.175557529223560199e-07,2.100372523603772745e+06
6.747322627321772985e-07,1.613274131557231303e+06
5.339180698787676611e-07,2.050139187711322913e+06
3.518787498772610781e-07,3.283346218384912238e+06
4.392648569670075575e-07,3.277218675301469397e+06
3.774756353684588134e-07,1.836912286682300037e+06
4.126318828890104252e-07,1.188339595074126497e+06
4.696215264050961234e-07,1.059906821150092641e+06
3.724427654385532041e-07,2.599919415269646049e+07
5.584154234076047086e-07,1.051713466237486573e+06
1.971201663246997421e-06,6.034505565162962303e+05
1.306052721338850232e-06,9.746612447359473445e+05
1.634090886351792822e-06,9.640224865852996008e+05
3.367444642371485027e-06,4.652536893173761782e+05
3.724427654385532041e-07,2.599919415269646049e+07
3.158176630262066943e-07,7.800836242333794944e+06
1.568244284975002045e-06,4.860086780599156627e+05
2.929415596857745474e-06,2.889196865598597215e+05
2.346046312641383442e-06,4.202541223533329903e+05
2.416359931367899318e-06,4.411280899612417561e+05
2.012246195733621109e-06,5.894891630248437868e+05
1.900014796948678077e-06,6.498248962053731084e+05
2.084653636473698176e-06,5.900347863222142914e+05
1.934178775590178917e-06,6.459430870440278668e+05
3.686597140894127336e-06,4.012803162610234576e+05
3.400200604694294842e-06,4.357092487070159987e+05
6.486162449451052552e-07,3.792504688932439778e+06
1.017353555275572183e-06,5.488223827266942244e+05
1.797798923648563151e-06,6.265394629202370532e+06
2.257799799032667539e-06,4.779595749089217861e+05
1.879043338733805826e-06,5.827359684424198931e+05
2.515041437978198459e-06,4.432487182504009106e+05
1.549322524072420367e-06,7.307450620749334339e+05
2.557584097795508881e-06,4.353277192800773773e+05
1.994090929352095204e-06,5.895139104261014145e+05
1.977966895014388796e-06,6.554298804364840034e+05
3.414026858326754040e-06,4.337215170188677148e+05
3.614424942608145220e-06,4.099310069059049711e+05
1.017353555275572183e-06,5.488223827266942244e+05
5.817193228818575151e-07,1.109321184116117423e+06
6.370688364651958275e-07,1.086832567130837822e+06
6.601843940146190250e-07,1.233208073347545229e+06
1.472995880367396522e-06,5.784466104578365339e+05
5.565956597134575691e-07,1.671327001670578727e+06
1.091506883437611029e-06,9.236607759955441579e+05
1.299306328412839703e-06,7.808160011903068516e+05
1.879043338733805826e-06,5.827359684424198931e+05
1.549322524072420367e-06,7.307450620749334339e+05
1.822326737147854057e-06,8.444102019532877021e+05
5.710725178529647878e-07,1.016285091445460101e+06
6.894425767225646176e-07,9.891797007497283630e+05
4.101173739867950466e-07,1.937344388140689814e+06
5.622830382191091977e-07,1.944880841968954355e+07
6.006331764782288519e-07,1.706361702100250404e+06
8.067509838655183959e-07,1.442655669299088884e+06
1.154351910956929282e-06,1.017400229554081452e+06
9.513474239494680045e-07,1.268253080170350382e+06
1.166129314755593173e-06,1.052479118088731077e+06
4.748489570147084843e-07,3.035053518500834703e+06
1.685454558386368055e-06,8.804531957458142424e+05
1.763658711193738657e-06,8.897128194579969859e+05
3.931579335745341111e-07,2.086695242178842193e+06
3.177635443092463815e-07,2.467332744584099390e+06
3.987049749589485857e-07,2.174138177731375676e+06
3.454049196485960098e-07,2.701418855626876932e+06
4.392566000095839979e-07,2.134700269172044471e+06
6.209431355480540771e-07,1.582826044396239799e+06
9.534504692106325946e-07,1.068220533602518262e+06
4.836496255592796913e-07,2.211316363482722081e+06
5.104668080305153207e-07,2.128264671960516367e+06
6.109977519020118967e-07,1.877450535995276645e+06
9.435280753130758023e-07,1.279723499219227582e+06
8.359219729786850450e-07,1.679706954456876731e+06
1.908443310047426114e-07,4.472302368419006467e+06
5.729567232071948346e-07,8.444152704513727222e+05
9.781344151154567439e-07,8.883857870103502646e+05
1.119639355803692576e-06,9.436512743121881504e+05
1.011725450183355931e-06,1.062141840255836956e+06
9.695892594419992627e-07,1.172035422808011994e+06
1.038285534895546456e-06,1.200268954943185672e+06
9.668765376069267652e-07,1.283843445888386574e+06
1.009564625861804293e-06,1.294305974348442396e+06
1.744012672921361745e-06,8.487077744906991720e+05
1.858685376541410104e-06,8.428208186753585469e+05
5.277443066458167127e-07,1.464215904274323490e+06
8.041021202798708243e-07,1.019456237681838218e+06
8.227128230759599126e-07,1.005587505318540731e+06
9.781344151154567439e-07,8.883857870103502646e+05
1.216853238785662380e-06,7.219491046626496827e+05
4.623356509247615006e-07,1.891552425143311732e+06
1.236333715394690179e-06,7.605465534326171037e+05
8.859290292271133734e-07,1.191296235635370016e+06
1.126192716742742181e-06,1.047397076743355952e+06
9.150312809091262786e-07,1.512851145343434764e+06
8.378754867001722238e-07,1.726219121085708728e+06
1.845241805230193334e-06,8.493376178295135032e+05
8.041021202798708243e-07,1.019456237681838218e+06
5.206769069803894182e-07,5.897846460070257075e+06
5.551617664514815873e-07,1.591966230410997057e+06
3.830885712541471294e-07,2.510578396215130575e+06
4.802061406375187228e-07,1.891274104260627646e+06
7.535017001198912569e-07,1.276394825200526509e+06
6.427740723667406812e-07,1.598264778937868774e+06
6.644862912884893454e-07,1.559868382626187522e+06
1.498373134341817740e-07,7.357009980516551062e+06
6.173959150323580493e-07,1.871938176663015271e+06
8.655260825561274990e-07,1.398868152690803632e+06
9.955147167572597961e-07,1.413821799070422538e+06
2.504400432120946760e-07,3.287965566595517565e+06
3.469668033136747624e-07,2.358709337510730140e+06
1.893579461238582761e-07,5.142261324182868935e+06
2.942843944379835480e-07,3.319363367183786351e+06
4.904194912624461442e-07,1.996678986503333086e+06
4.527892406562852726e-07,2.204378704245948233e+06
6.568692836926974808e-07,1.597925079545556568e+06
5.847346131746547794e-07,1.884967225732969819e+06
3.819435498412767766e-07,3.084300963021559175e+06
6.272714132274426087e-07,1.960481856187175959e+06
6.799636700952595294e-07,1.879671713176917518e+06
5.420219737798822291e-07,2.495203650515846442e+06
9.536717629316549549e-07,1.555889316186029697e+06
6.379879384326527250e-07,1.033730416864032624e+06
3.511007388245853476e-07,2.241096742763545830e+06
2.429720864263930582e-07,3.506628304176094476e+06
4.208580555776493749e-07,2.184993397753510159e+06
2.942843944379835480e-07,3.319363367183786351e+06
5.752894900867060128e-07,1.668451871792565798e+06
7.432700924727011099e-07,1.356541038970540743e+06
6.654568215241294693e-07,1.518190466388119850e+06
8.449435727097556225e-07,1.316654671103904257e+06
7.268199593266722879e-07,1.619988042894095648e+06
5.757816198595811925e-07,2.280024030658863951e+06
1.156298356378971451e-06,1.356682227133869892e+06
9.466909691092299113e-07,8.347664439762078691e+05
5.777067671678560705e-07,9.627143700494274497e+06
5.298609669240783939e-07,1.706459242712875828e+06
2.511793350322464646e-07,3.757957450534984469e+06
6.392538493610368314e-07,1.467405055716499686e+06
6.608991051238301069e-07,1.457891611893122550e+06
6.654568215241294693e-07,1.518190466388119850e+06
3.619927213716101868e-07,3.020806125637374818e+06
7.219481201178205747e-07,1.461908373653266113e+06
8.418235053879184970e-07,1.316923707919418812e+06
6.458608825463236622e-07,1.841329241012224928e+06
9.068318276014341408e-07,1.403212337411396205e+06
8.127632236245153522e-08,1.328764792094717547e+07
6.392538493610368314e-07,1.467405055716499686e+06
6.608991051238301069e-07,1.457891611893122550e+06
3.920581182864442887e-07,2.576662221385618672e+06
2.301848615570685735e-07,4.347102405510966666e+06
4.922191135313661164e-07,2.092787003664507763e+06
5.007465669070165031e-07,5.718432419642101042e+06
7.358017037702883158e-07,1.488572113678281894e+06
6.797015495649166986e-07,1.611768860112937400e+06
7.335561217365759564e-07,1.673553574389268644e+06
2.902061632907739771e-07,4.504679526741143316e+06
9.515900910528683809e-07,1.472964485044297762e+06
8.127632236245153522e-08,1.328764792094717547e+07
6.433435659084312989e-07,1.142904930815815926e+06
5.008616257258702491e-07,1.670733578065545997e+06
1.064233164156273698e-06,9.310761003003736259e+05
1.108035897452968134e-06,8.864711950602636207e+05
9.841392093687924933e-07,1.007053468681584694e+06
7.784330037962599964e-07,1.276432842264828505e+06
1.069489537750954150e-06,9.891747002824473893e+05
8.153335035163972734e-07,1.458259719123543473e+06
9.341618044519925842e-07,1.317562876071850769e+06
1.541315211305890046e-06,9.606827350130161503e+05
1.166297174203970484e-07,1.967334138870152831e+07
4.260635349502915573e-07,1.026053232224814477e+06
4.299691767627965333e-07,1.463299860295815626e+06
6.685052890792793779e-07,1.302287503999070963e+06
6.617938574905102292e-07,1.321598832342580194e+06
9.841392093687924933e-07,1.007053468681584694e+06
1.024435878414320458e-06,1.011347065654076403e+06
1.069489537750954150e-06,9.891747002824473893e+05
9.790978995180396077e-07,1.195184364672829164e+06
8.153335035163972734e-07,1.458259719123543473e+06
1.396423272590697501e-06,8.641818267564242706e+05
1.522223965848081804e-06,1.030679841940692859e+06
1.758437757172588447e-07,1.309198360405637883e+07
2.595977133661223524e-07,3.365174394199712574e+07
4.567954557898743082e-07,1.658946916809951887e+06
3.549209804150943845e-07,2.684122771284610499e+06
4.553746694305789053e-07,2.024983224786902312e+06
5.593654209770882071e-07,1.930619657006129622e+06
5.416073230858678799e-07,2.077269594020248391e+06
5.347516827712770808e-07,2.206180575609373860e+06
5.831376058125869893e-07,2.085691120013546431e+06
6.089877073277974056e-07,2.153782116891777143e+06
4.119093685022881795e-07,3.341761783864104655e+06
6.314495816315245466e-07,2.172812413323435001e+06
9.197931427688880915e-07,1.705846775020075729e+06
1.101651723120964641e-06,1.507143050352471881e+06
2.595977133661223524e-07,3.365174394199712574e+07
6.028120880907194388e-07,9.423675284089979250e+05
5.706137603887112873e-07,1.014024485794770648e+06
9.323699166610074556e-07,1.193257900411378127e+06
9.218474923899141677e-07,1.204409363494148478e+06
7.710123797094839227e-07,1.446382995184887666e+06
9.488880249528906788e-07,1.274827839458542410e+06
7.089585395495653104e-07,1.783189164490623632e+06
6.674162289486710301e-07,1.890190256687593181e+06
9.559244903116900537e-07,1.353227030841086991e+06
1.503646369418566471e-06,9.871005192871029722e+05
1.509162579521951847e-06,1.038785863959720475e+06
5.928984423560593338e-07,1.934314572293834388e+07
1.521907832181190007e-07,5.705187038512951694e+06
3.346702438985812017e-07,2.846421498737654183e+06
5.881836825553978417e-07,1.528286013215306913e+06
1.088295718133390063e-06,9.924722469915420515e+05
6.233319089264078189e-07,1.647436479371109279e+06
1.118056742935764659e-06,9.109460510642961599e+05
9.218474923899141677e-07,1.204409363494148478e+06
1.077047201313125036e-06,1.029486793245242909e+06
9.323699166610074556e-07,1.193257900411378127e+06
1.049162170802777212e-06,1.111925831959389849e+06
1.488481102209292602e-06,8.961549192543217214e+05
1.436401741766984086e-06,9.790635554668067489e+05
1.538374294217089028e-07,2.442656749852923676e+06
2.103117376546020532e-07,2.339936589451310690e+06
1.827148152163227080e-07,2.692894213363222312e+06
4.339962542386574742e-07,1.710706439065839630e+06
3.582007463636702848e-08,2.696659017138599604e+07
1.077047201313125036e-06,1.029486793245242909e+06
4.988843610352829671e-07,2.533890063391603064e+06
1.027528009204194835e-06,1.262482865861563710e+06
7.609029749615217114e-07,1.933297175176973455e+06
1.423537086012813350e-06,1.248236900734993862e+06
1.827148152163227080e-07,2.692894213363222312e+06
1.432267707176750306e-07,5.164653055427766405e+06
1.447672344182280668e-07,6.475418738453911617e+06
2.661385599457290543e-07,3.385349588721984066e+06
1.949576780143386145e-07,4.667765102681059390e+06
2.069193189860132830e-07,4.014156607820355333e+06
2.992332731323890538e-07,8.841577242092730477e+06
3.582007463636702848e-08,2.696659017138599604e+07
3.763746403785739358e-07,2.914443633918696083e+06
4.928656183859432352e-07,2.706080173276527319e+06
1.890383295073192175e-07,7.793180465864615515e+06
2.808366646685067122e-07,1.511507932425076142e+06
4.174363079937067690e-07,1.326522993055642815e+06
1.976903429424250717e-07,3.371591412502430845e+06
5.237244966668914702e-07,1.429622231079780962e+06
5.265033511288372474e-07,1.460307821262300247e+06
5.515129685791558789e-07,2.026037245141688967e+06
8.422311947346778735e-07,1.388067769092011265e+06
8.729762343611912829e-07,1.427063420262934640e+06
1.287311233423209984e-06,1.089955279471724993e+06
1.578224774252905257e-06,9.373715735576975858e+05
7.892410000051796789e-07,9.688976497890133178e+05
7.958848845439455920e-07,1.023909403442964423e+06
5.154116282758998170e-07,1.503680996113737114e+06
1.095386524018814674e-06,7.782525146872736514e+05
9.921215993282192281e-07,9.390130341645397712e+05
6.255310329565486974e-07,1.546904335814248305e+06
7.289174250106988944e-07,1.526192789572324371e+06
7.556470272901778527e-07,1.446968431333182380e+06
8.971939351264118151e-07,1.164319865030069370e+06
9.221921302399519123e-07,1.283753804158946499e+06
3.190709903457522339e-07,4.312214029589831829e+06
1.567354173110421875e-06,9.445463116038354347e+05
3.538993535099147290e-07,2.039340696986400988e+06
9.401399318236640635e-07,9.432553349179582438e+05
1.597779348114788656e-06,5.890451581718883244e+05
1.025206191952101303e-06,9.508195263315690681e+05
7.701807479182461720e-07,1.383181757295852061e+06
5.554168891552400402e-07,1.890422041323528159e+06
9.191765871978311192e-07,1.083252384558099555e+06
6.860161155399235634e-07,1.552108747803140199e+06
9.666922772424678767e-07,1.097733194593433989e+06
1.068180320110050090e-06,1.124780464833728271e+06
1.169135413470484221e-06,1.113822020765026566e+06
1.277840873913323655e-06,1.047709766192137031e+06
2.068442984119120821e-06,7.572647462683755439e+05
9.401399318236640635e-07,9.432553349179582438e+05
1.353219207052798024e-06,7.064037533189591486e+05
8.402227818216329360e-07,1.101618410406208597e+06
1.025206191952101303e-06,9.508195263315690681e+05
1.505537230495671376e-06,6.603194399041275028e+05
1.200726387029123007e-06,8.082856205909892451e+05
1.509951118827056175e-06,6.465459216026591603e+05
1.046431125013337790e-06,9.843783677567166742e+05
1.621067400321528983e-06,6.291180330696784658e+05
1.314767353793314905e-06,8.974765777245244244e+05
3.309826427084344995e-07,3.795484310765116010e+06
1.335531803764746473e-06,9.711231579810139956e+05
2.258469228377321234e-06,6.943212120955979917e+05
3.317926330309827222e-07,2.235724994394952897e+06
4.056573863471491888e-07,1.842071704798764316e+06
5.780927874555672561e-07,1.419570999161397805e+06
3.713602642402508001e-07,2.472294951146485750e+06
1.691203056766650233e-06,5.751449207202738617e+05
7.253913422919705729e-07,1.368131513912651455e+06
1.083999763488610538e-06,9.092589181475510122e+05
1.168138279291870964e-06,8.685227042755295988e+05
7.961314753716988357e-07,1.271801020555610070e+06
1.167908020945724301e-06,1.079413510013113730e+06
1.276160938757668776e-06,1.026838092941757874e+06
2.278643597078814033e-06,7.286948248364299070e+05
4.337774833720741896e-07,1.835559515464920783e+06
3.303574098788354605e-07,2.473642279852340929e+06
4.692310313967193238e-07,1.884196606688585365e+06
1.982490780190053372e-07,5.094893329931608401e+06
3.382011741983960485e-07,2.793274131401874591e+06
5.299006582138287608e-07,1.835049254767192295e+06
3.349772246514645154e-07,2.947698325850884430e+06
2.495069207412542152e-07,4.178931885561360978e+06
6.693050251159990527e-07,1.621161341545957839e+06
4.917874801043711905e-07,2.466427568233944476e+06
4.110549882497741938e-07,3.000540121242640540e+06
5.030941201095272399e-07,2.523465544182531536e+06
1.558546907405793838e-07,7.778309091847157478e+07
3.526952410607451499e-07,2.390328562752829865e+06
2.092970865075100530e-07,3.902196292003074195e+06
3.462550351221337010e-07,2.436370580870898906e+06
4.364602157300368037e-07,2.316891071354211774e+06
4.168872721562681821e-07,2.503025211123172194e+06
4.660557486201511094e-07,2.282704161033798009e+06
4.583985533280692746e-07,2.414122646976330318e+06
5.046253189734103120e-07,2.420071977837640792e+06
4.950625009400236687e-07,2.617515331670936663e+06
5.372644173456603979e-07,2.379666627552642021e+06
5.752116827103999027e-07,2.498927686896267813e+06
8.614411557947707206e-07,1.820804751225487096e+06
5.615322391541395571e-07,1.106427954767590156e+06
2.092970865075100530e-07,3.902196292003074195e+06
3.462550351221337010e-07,2.436370580870898906e+06
4.627925252131562955e-07,1.967185804171809694e+06
3.856864163597856919e-07,2.612753580308282282e+06
3.409070129176849849e-07,3.203539473339709640e+07
4.987846249396663912e-07,1.999979285903266165e+06
4.528591793804933207e-07,2.333421351987208240e+06
3.293897508580975863e-07,3.281137687722438481e+06
5.684907457186762541e-07,1.934602669508931460e+06
6.194315912790139064e-07,1.980243741392392665e+06
6.682454735780175145e-07,1.816660858038102742e+06
3.903850544122496603e-07,1.297637247706747148e+06
4.530457093171423131e-07,1.282814456720992457e+06
6.666349904878153570e-07,1.265835089359644335e+06
4.306011115008526046e-07,2.568856945124205202e+06
5.860303339824193096e-07,1.784799286838735454e+06
6.187259540984799907e-07,1.730017669465651503e+06
5.374652597734802212e-07,1.973988612832405139e+06
6.845003638507567306e-07,1.561371994195331587e+06
6.839039706864456957e-07,1.615017958671712782e+06
6.740421451229838021e-07,1.649951713857715484e+06
5.317800828105949606e-07,2.191067760636663064e+06
3.233352447002900361e-07,6.078352319451285526e+06
6.201730776658637887e-07,9.047354109737839317e+05
6.474649318232618103e-07,1.197882837315416662e+06
5.639152088541349125e-07,1.719533766718106112e+06
4.943557369951241958e-07,1.985024361552921124e+06
6.357634539089416346e-07,1.545818276736154221e+06
6.534802041473771133e-07,1.574251558968968457e+06
5.090832608901026371e-07,2.070743297691034619e+06
6.187259540984799907e-07,1.730017669465651503e+06
6.839039706864456957e-07,1.615017958671712782e+06
6.392081997288752882e-07,1.772735474312822334e+06
6.740421451229838021e-07,1.649951713857715484e+06
9.696594163479056155e-07,1.369774279056718107e+06
3.354091424597331886e-07,1.844932831748547498e+06
5.339180679073902735e-07,1.119487461451376555e+06
4.454778073524742074e-07,1.696346714638315141e+07
5.468672393362434557e-07,1.514123019367292756e+06
5.639152088541349125e-07,1.719533766718106112e+06
5.050741502775267205e-07,1.814064641932283761e+06
6.357634539089416346e-07,1.545818276736154221e+06
6.961770027386236437e-07,1.482424346561886370e+06
7.308023949159346916e-07,1.455191658552112058e+06
5.503212692957644413e-07,1.978641270287821768e+06
4.275329805231405989e-07,2.762624970867697615e+06
3.264891383662514915e-07,1.815551683530407026e+06
3.270523065207641221e-07,3.002344607375869155e+07
5.498498784539733409e-07,1.132501990937357070e+06
4.523658863624897870e-07,1.529772345329736127e+06
5.200920538829426739e-07,1.563175439222943503e+06
7.229125626019708925e-07,1.357217362704341765e+06
6.805467669027741845e-07,1.457702266611494357e+06
6.009938995953191529e-07,1.656625871581703657e+06
4.476388226187754270e-07,2.512214228870596271e+06
5.351976439945382304e-07,2.139746882059584837e+06
2.535182665489932009e-07,8.384691783317526802e+06
2.553656993534084087e-07,1.985249087638230762e+06
3.270523065207641221e-07,3.002344607375869155e+07
3.327329339250840034e-07,2.765255799612222984e+07
2.227839479387856849e-07,3.791345714581150096e+06
6.009938995953191529e-07,1.656625871581703657e+06
4.988217736889678000e-07,2.040700735640370520e+06
4.073500331480006560e-07,2.739277835535442457e+06
5.812279321393313478e-07,2.140296925136829726e+06
4.971025684916263622e-07,2.669015653531005140e+06
6.913602324992273615e-07,2.275286058148535434e+06
1.022322091507899299e-06,1.531917311228291830e+06
1.626048373591182628e-07,1.366812864652058482e+07
2.553656993534084087e-07,1.985249087638230762e+06
2.041631951508682071e-07,5.460517184438204765e+07
2.304530370822591622e-07,3.535171648644306697e+06
2.657621681405568011e-07,3.318056045752079412e+07
5.423887667146917771e-07,1.649394072674791794e+06
4.149069596537871790e-07,2.160398086417667568e+06
3.229140069096988774e-07,3.371465583086481784e+06
4.868065858515290010e-07,2.392798054325317498e+06
4.543893257887016207e-07,2.704734728606662713e+06
6.471522772957056829e-07,2.174487151227561757e+06
6.640997589512387453e-07,2.114293646346181165e+06
1.568509285839831428e-07,5.369282246703410521e+06
5.873028630833401879e-07,1.383735219469240401e+06
1.734687185855638150e-07,5.360917389871499501e+06
5.039477661494768625e-07,1.929897283868475351e+06
4.320723161749689101e-07,2.319517103653184138e+06
4.035309574087539516e-07,2.430671341086652596e+06
3.854756462508643880e-07,2.610386911813282408e+06
4.083629008411010397e-07,2.780957840122030582e+06
4.525381174311061003e-07,2.565100165917869192e+06
3.575999670669998945e-07,3.293307309041734319e+06
4.212954821339129606e-07,2.987682831916968338e+06
1.631861718959902351e-07,8.759606623386370018e+06
7.934352655877545928e-07,1.862972661469602026e+06
1.922071366482132302e-07,3.794083687365843914e+06
2.725678004824650153e-07,2.263652625494939275e+06
3.560831420579064134e-07,1.815678127812978579e+06
3.379476217203715890e-07,3.285974384924358502e+07
2.916943679089679955e-07,3.238306755195510574e+06
4.282545820571917553e-07,2.347385416033709422e+06
3.625888212886871763e-07,2.792733581634378061e+06
1.502037554226717411e-07,5.948221126896349713e+06
5.050932766486275534e-07,2.282790111250488088e+06
3.682763794008539550e-07,3.357693451373301446e+06
7.943440043715194738e-07,1.666751083374520065e+06
2.651848112735392628e-07,2.226705712153929286e+06
3.560831420579064134e-07,1.815678127812978579e+06
4.257660269911694377e-07,1.681333007720730733e+06
2.736636035364039662e-07,3.073213483723209705e+06
4.551769387346849193e-07,2.149110453259764705e+06
4.705017758269318672e-07,2.115605044082946144e+06
4.597194656042061852e-07,2.220385505936186295e+06
1.502037554226717411e-07,5.948221126896349713e+06
4.668073367247195966e-07,2.520239364902467933e+06
4.540393202345498052e-07,2.878664887532940134e+06
5.366617583858149979e-07,2.669076186597603839e+06
8.362754188558264430e-07,1.872856711477620993e+06
2.017597139060384197e-07,2.065820295513611520e+06
3.129606280820435778e-07,1.718439580440500285e+06
5.178986399405432521e-07,1.591349337712983834e+06
2.695294445046971174e-07,3.234810776127595454e+06
2.677376388855319666e-07,3.543014877916634548e+06
4.705017758269318672e-07,2.115605044082946144e+06
4.619049501475005008e-07,2.442522270801745821e+06
4.440762381517276373e-07,2.701405307392070070e+06
5.703552398939116889e-07,2.113140487178577110e+06
4.540393202345498052e-07,2.878664887532940134e+06
8.362754188558264430e-07,1.872856711477620993e+06
2.017597139060384197e-07,2.065820295513611520e+06
2.928025899772704001e-07,1.655127139463629108e+06
4.844965490611009921e-07,2.510680468311810400e+06
2.677376388855319666e-07,3.543014877916634548e+06
5.280805820334130623e-07,1.902935577273643343e+06
3.395501810787435324e-07,3.022376609849704895e+06
5.505187354907465898e-07,1.860068454438186483e+06
5.191359076716477386e-07,2.273576360043434892e+06
5.673973691078648253e-07,2.231068277898216154e+06
9.036019433249251990e-07,1.555294003739485284e+06
8.951678162744639337e-07,1.752479813418039586e+06
3.730980460107316741e-07,3.052392675633791834e+07
3.105811764569815775e-07,2.277367460715793539e+06
4.197866458917087817e-07,2.063128267995287431e+06
4.666891884053204304e-07,1.814266232929054415e+06
5.505187354907465898e-07,1.860068454438186483e+06
4.178811444563540363e-07,2.605795149515898433e+06
5.539268590696616033e-07,1.931093576696241274e+06
5.673770820678140321e-07,1.894255837402520701e+06
5.554998503067493850e-07,2.004418983794203959e+06
8.983282016064348898e-07,1.408561878099617315e+06
8.235658917116600151e-07,1.706835570685531013e+06
9.036019433249251990e-07,1.555294003739485284e+06
5.422604143718032653e-07,1.528095891405762406e+06
4.335562683936709375e-07,1.920845741261165589e+06
2.727668891994061846e-07,3.238625359269785229e+06
4.536594723133290190e-07,1.940844153668872314e+06
6.398836614780600242e-07,1.472084599039613968e+06
3.222049614259291508e-07,2.838883428223801777e+06
6.727864778023174525e-07,1.442824564417734975e+06
6.055007710713226159e-07,1.649143400925984373e+06
6.804158463749974405e-07,1.493047089249837445e+06
7.590243056301447901e-07,1.381015095416177530e+06
4.149703163212316842e-07,2.935455622321432456e+06
2.424693199033473418e-07,7.660097616435370408e+06
1.742984190761424134e-07,4.692797979917385429e+07
3.553487923169289985e-07,1.786470429527063854e+06
3.643430854255324777e-07,1.780805347753984854e+06
5.314325579180751350e-07,1.630052332143585663e+06
3.577882185956099813e-07,2.768361128243337851e+06
6.055007710713226159e-07,1.649143400925984373e+06
4.839009170438248260e-07,2.070247143898202106e+06
6.804158463749974405e-07,1.493047089249837445e+06
5.584550639543259461e-07,2.202678782562864013e+06
5.017551257435970545e-07,2.471169561317356303e+06
8.980286095646003312e-07,1.746455290690613678e+06
1.976894470124929926e-07,2.851863067685474828e+07
2.980615594503362375e-07,2.558675406625425909e+06
1.871181965607593341e-07,4.547747451999175362e+06
3.321681916571416517e-07,2.519666434003293514e+06
4.149309241745109561e-07,2.311525962008443195e+06
4.316168755481331680e-07,2.141544700437515508e+06
5.174558441561921754e-07,1.840223685722622089e+06
2.798771922195286197e-07,3.572577988075015601e+06
3.068741036529807185e-07,3.673799494273175485e+06
2.978974073953208161e-07,4.120319283392175566e+06
6.285199559092097860e-07,2.103628916895860806e+06
1.679101036073210110e-07,5.715022848941566795e+07
2.468741976292160600e-07,3.829802912777656317e+07
1.966229554340394240e-07,3.898483059949844144e+06
3.166746215840863092e-07,2.799079076516714878e+06
5.468284717627546572e-08,2.118724404589380696e+07
3.371318867109039671e-07,3.153989267778754234e+06
4.071605474231659873e-07,2.764198370520179626e+06
3.988543999133184344e-07,3.007954372083279304e+06
2.833491446414254116e-07,4.723672366050132550e+06
3.737052063495301604e-07,3.908511234219396953e+06
6.414609511031688612e-07,2.445937012541189324e+06
7.196945329612808933e-07,2.306124693930107635e+06
1.679101036073210110e-07,5.715022848941566795e+07
2.491087834805709894e-07,3.715761646276555955e+07
5.462783699362821668e-08,6.762023427497561276e+07
3.166746215840863092e-07,2.799079076516714878e+06
5.217678665414545165e-07,1.994879917594593251e+06
4.356782956312463840e-07,2.442637348484694026e+06
3.989387493518222938e-07,2.757982075650019106e+06
4.337901515461883780e-07,2.553700342794184107e+06
3.271208576054043240e-07,4.274543500452806242e+06
4.919737795505200389e-07,3.069951996255876962e+06
7.189901131679697513e-07,2.178937417215957306e+06
4.012309971434289000e-07,1.424982565918731038e+06
5.065107266568876962e-07,1.210268932471118402e+06
1.663948809050193837e-07,4.300081642167503014e+06
7.718705772197210523e-07,1.321634435927149374e+06
7.841495645094895209e-07,1.357853664158429019e+06
4.356782956312463840e-07,2.442637348484694026e+06
4.337901515461883780e-07,2.553700342794184107e+06
5.388807260699281864e-07,2.169615745187430643e+06
7.180472116451969556e-07,1.641245430846063187e+06
5.713905059634246069e-07,2.024818476777824340e+06
8.081969167683281087e-07,1.764215152513319161e+06
1.176462618591159549e-06,1.412697005230132723e+06
4.040630896489109368e-08,4.041348637085831165e+07
2.813415150327216701e-07,2.072828569364100695e+06
4.538864575121416984e-07,1.587797530157473404e+06
5.129600276726583515e-07,1.551265635267300997e+06
6.996892436011874519e-07,1.335223512447494082e+06
7.718705772197210523e-07,1.321634435927149374e+06
7.841495645094895209e-07,1.357853664158429019e+06
6.791566436422585500e-07,1.783199634112157160e+06
5.713905059634246069e-07,2.024818476777824340e+06
5.388807260699281864e-07,2.169615745187430643e+06
6.431714943065003290e-07,1.940657483809737954e+06
3.905934173789857409e-07,3.892406240150375757e+06
1.189502194672226439e-06,1.317979177036657929e+06
2.040446769994099270e-07,3.609092329955218360e+06
3.216471749459728449e-07,2.488131493133450393e+06
3.779445109261562633e-07,2.373183569944588002e+06
3.915623292079156966e-07,2.446921240873083007e+06
3.557087569977377249e-07,2.925346141420460772e+06
3.572430171543011070e-07,2.744404239650921896e+06
5.111868543762729296e-07,2.501750878941871691e+06
3.214378113688650067e-07,3.257414838409994729e+06
4.941606291249507844e-07,2.240983397316211835e+06
6.035874303839010223e-07,1.905196889366845367e+06
6.276352421561089921e-07,2.024524002378509380e+06
9.327363540708605881e-07,1.587966731339651393e+06
6.242014630942315724e-07,1.220513776402656222e+06
4.937139455163693986e-07,1.589258732109107310e+06
4.681494892249346474e-07,1.684464964654825861e+06
5.226400883088405227e-07,1.643122215215885546e+06
3.427323355722706518e-07,2.631654009072075132e+06
3.429480756400469889e-07,2.525849627593578771e+06
5.840298069111312725e-07,1.599594555062127067e+06
3.363758352055282343e-07,2.985792586449639406e+06
3.770060865655439427e-07,2.649940042927359696e+06
5.981447023268297716e-07,1.927540334429880604e+06
6.325142644177581848e-07,2.006956644744489808e+06
2.220054626454892297e-07,4.422614483618805557e+07
5.893361278557963382e-07,1.262674825714039383e+06
4.937139455163693986e-07,1.589258732109107310e+06
2.781828098051137554e-07,2.575030931249261368e+06
5.226400883088405227e-07,1.643122215215885546e+06
5.138777755788743022e-07,1.697376735038326820e+06
5.413145821037649963e-07,1.734744777093357407e+06
5.840298069111312725e-07,1.599594555062127067e+06
4.533956681417647071e-07,2.012516626560695237e+06
5.451388217400780783e-07,1.860383837746607838e+06
2.220054626454892297e-07,4.422614483618805557e+07
2.781828098051137554e-07,2.575030931249261368e+06
2.804890004792776761e-07,3.216523978476312943e+06
4.533956681417647071e-07,2.012516626560695237e+06
5.005839514582112991e-07,1.972896081957929535e+06
5.565776950783545459e-07,1.821976648578817025e+06
5.181047325567597062e-07,2.087304398969355039e+06
5.339776539235312760e-07,2.098214413682094309e+06
3.486453225267699086e-07,3.477962122866214253e+06
4.072679607067399174e-07,3.192499854913034476e+06
7.747245464455372835e-07,1.723233578320599860e+06
7.955846830565394243e-07,1.866682631005230127e+06
1.399960460666719086e-07,1.512394322412234358e+07
3.967692834003712107e-07,1.913065484964360250e+06
7.223150123136898478e-07,1.098996487815942848e+06
7.015628037464335377e-07,1.153500984666539356e+06
6.329309416817737645e-07,1.262113549185608514e+06
4.734855601900744854e-07,1.849451121059825644e+06
6.535600144415281875e-07,1.413906634635099210e+06
1.135612406957409051e-06,8.348743652456335258e+05
1.280341119728977543e-06,8.022086719490807736e+05
1.325637030981592949e-06,8.380138480168716051e+05
7.812734989520068428e-07,1.474636782088188455e+06
3.821133360387774890e-07,3.602129597739514895e+06
5.310678562727201062e-07,1.180365208962175297e+06
4.765996350238671308e-07,1.639840818536999403e+06
8.946974690356974773e-07,9.751044221597425640e+05
4.632209216868113123e-07,2.055062141393956961e+06
8.923915191609016012e-07,1.086484374731931603e+06
6.623479690413327093e-07,1.447464618786927778e+06
5.259673467301930622e-07,2.002267165365560446e+06
1.113834793451144079e-06,8.915188677155275363e+05
7.043968494901078606e-07,1.483658197121323552e+06
9.993756703016800575e-07,1.316644754509279737e+06
1.021070170307013502e-06,1.420074280664413236e+06
1.846401048404302173e-06,8.988842903185192263e+05
2.171161098849144263e-07,2.923680882382167969e+06
1.992952335267065639e-07,3.295560047344762366e+06
2.702638812051620032e-07,2.449186368952182122e+06
7.077690725099724246e-08,1.000251115857867897e+07
2.087623381004166910e-07,3.442470054578387178e+06
3.928488248807794244e-07,2.548720854432429653e+06
2.759275071250647514e-07,3.920236183101243805e+06
3.735597189211712007e-07,2.973825798876574263e+06
7.279267976546761577e-09,1.631716492432292700e+08
3.235362846619306957e-07,3.560522454336415976e+06
3.671236912136722300e-07,3.179681190825033002e+06
3.195237648653484338e-07,1.661283182644742308e+06
3.976167891021020216e-07,1.359175099131457740e+06
1.970734131315968352e-07,2.802672021218744107e+06
3.976223307030958093e-07,2.369459650216728449e+06
5.375697701144439730e-07,1.718795035449321382e+06
3.160377873814583056e-07,3.165362446127242409e+06
5.343511360933754383e-07,1.961795778160551330e+06
3.711862329022776211e-07,2.969291278364021797e+06
4.923203347686190818e-07,2.538968695520575158e+06
5.104661936207610111e-07,2.557967894256339408e+06
9.194582565547262471e-07,1.703399549851650838e+06
2.447069559782849287e-07,2.078917858096985612e+06
3.432020158123643187e-07,1.932292447861776920e+06
3.976223307030958093e-07,2.369459650216728449e+06
3.842758258661942551e-07,2.674410665801555850e+06
5.093473456453412162e-07,1.982124588509147521e+06
3.645778937691264364e-07,2.959663187483930960e+06
5.343511360933754383e-07,1.961795778160551330e+06
2.887178278212141251e-07,3.792712306958699599e+06
4.923203347686190818e-07,2.538968695520575158e+06
5.104661936207610111e-07,2.557967894256339408e+06
6.794307781617011900e-07,2.075473961314412300e+06
9.194582565547262471e-07,1.703399549851650838e+06
9.953376825030940808e-08,1.035706641500691697e+07
1.590694179459131486e-07,8.125620719749790616e+06
3.014960386833045697e-07,2.483000165785159916e+06
2.052808555822122525e-07,4.114022027601574548e+06
4.325174389597010166e-07,1.995708942896630615e+06
4.096877001343990677e-07,2.449472793091483414e+06
8.614044411111235629e-07,1.226544919559837086e+06
6.264801332065999004e-07,1.732000392803221475e+06
3.328809573062432046e-07,3.548861612736050040e+06
6.565597928235269731e-07,2.149468735604713205e+06
9.953376825030940808e-08,1.035706641500691697e+07
7.105066403334487755e-07,1.272199655244622845e+06
5.576511148800547236e-07,1.603327601544264238e+06
3.887961044303697539e-07,2.692891773293163627e+06
6.923058487586886384e-07,1.465750223687718390e+06
8.881275098210166108e-07,1.133711461882091360e+06
6.399741206312325061e-07,1.614379310185654089e+06
5.666517636624772377e-08,1.518731136061823666e+08
9.677626854239289031e-07,1.123818673684302950e+06
1.088797344512266213e-06,9.532890588066531345e+05
1.180253106931617963e-06,9.743708178051062860e+05
2.370568591692651295e-07,4.694788542704521120e+07
5.563246532294648639e-07,1.453576356409103144e+06
4.529083129992073015e-07,1.724703762059659231e+06
1.954862792052722282e-07,4.132672113210277166e+06
7.105066403334487755e-07,1.272199655244622845e+06
5.703377257963889696e-07,1.508232795148241566e+06
7.229525400583094313e-07,1.345116509251892567e+06
9.677626854239289031e-07,1.123818673684302950e+06
1.088797344512266213e-06,9.532890588066531345e+05
1.180253106931617963e-06,9.743708178051062860e+05
1.380926324818569064e-07,1.268178164167579263e+07
2.037315384210037297e-07,2.212592061497245450e+06
5.677415730849679020e-07,1.373995634743586183e+06
3.312322303711467276e-07,2.921486603214490693e+06
2.975896325496824497e-07,3.360343592389110941e+06
4.159428336737870328e-07,2.321620527651535813e+06
3.619687767233663602e-07,2.906328637665486895e+06
4.552602185080902368e-07,2.831651172469209880e+06
4.022660352729053649e-07,2.843554319279524032e+06
6.534912625048882115e-07,1.738149117407364538e+06
4.322331705259745959e-07,2.865253840896990150e+06
8.008736918530968489e-07,1.748052668246110668e+06
1.086349062241778112e-06,1.443129852970378939e+06
4.029700395384098196e-07,1.656855438554154476e+06
3.526296352287413016e-07,2.346411151525671594e+06
5.202877230891037973e-07,1.703931057041946799e+06
5.731502151643500206e-07,1.574986566802076763e+06
3.336789703122262739e-07,2.906399417763514444e+06
5.879485021723373098e-07,1.842302093103436287e+06
4.562000543879844004e-07,2.433483468528018333e+06
5.144609113572846231e-07,2.324657234866522718e+06
6.212508055803213730e-07,1.917821471008744789e+06
5.177474869130835441e-07,2.442734988408136182e+06
6.956614818253379942e-07,1.821313191277882783e+06
1.005711590994788813e-06,1.472166996776981978e+06
1.100071621642390985e-06,1.344304183976677014e+06
2.023702597861882858e-07,2.537734703696909826e+06
5.019044053355118736e-07,1.628842633852208965e+06
4.562505053621463472e-07,1.947651340984739363e+06
3.048923041812231944e-07,3.188553801396030467e+06
2.975370164793325347e-07,3.329935640400973614e+06
4.881804198131720169e-07,2.077591513600165490e+06
3.333833588466719953e-07,3.136497167274064850e+06
4.497731787271319634e-07,2.456495782432246022e+06
6.717957148699282319e-07,1.748150646734846523e+06
5.019396848988851000e-07,2.491353266667267308e+06
6.809261657507403973e-07,1.959490367119294126e+06
1.003397555433230588e-06,1.475577245919503970e+06
2.043747128045937010e-07,2.577963245681679342e+06
5.019044053355118736e-07,1.628842633852208965e+06
4.562505053621463472e-07,1.947651340984739363e+06
7.829067424998787713e-07,1.209359760096826358e+06
7.942439956571791775e-07,1.285780551823650720e+06
4.497731787271319634e-07,2.456495782432246022e+06
2.397037164507021440e-07,4.874569486094097607e+06
5.078751011677324642e-07,2.219939843778495677e+06
7.551502499189325306e-07,1.632372400391673436e+06
6.014165809098171235e-07,2.184476295213125180e+06
9.021127332377629262e-07,1.553751850276901387e+06
1.203923909374394745e-06,1.303067700328202453e+06
5.149698788527741820e-07,3.377510449179290794e+06
7.194089620055700369e-07,9.446891864298627479e+05
8.016865332600772816e-07,1.075337452027186751e+06
7.654663624767520408e-07,1.113476410194802098e+06
9.083478036981087018e-07,1.039299647697743494e+06
7.829067424998787713e-07,1.209359760096826358e+06
1.004457105366575759e-06,9.777159028269837145e+05
1.004263848616293129e-06,9.627641405344876694e+05
9.133794747514664432e-07,1.060597294807612430e+06
8.075928329417814672e-07,1.222717583119138377e+06
7.942439956571791775e-07,1.285780551823650720e+06
9.953827123611943315e-07,1.024727581708548940e+06
7.654663624767520408e-07,1.113476410194802098e+06
8.815941685620613913e-07,1.014305918180523789e+06
8.492728510796967472e-07,1.079143736437300220e+06
9.083478036981087018e-07,1.039299647697743494e+06
8.226119938470098215e-07,1.152826831625518622e+06
9.295477069433909907e-07,1.037639861284641083e+06
9.136572687574351052e-07,1.070360729201453971e+06
1.004263848616293129e-06,9.627641405344876694e+05
9.208188264709525809e-07,1.217038744951461442e+06
1.021695364852744929e-06,1.087474669754636008e+06
9.881426986255730060e-07,1.181417026545277331e+06
1.354948249598979290e-06,1.036718291457058978e+06
2.801510744243057053e-07,8.013873816300608218e+06
8.226119938470098215e-07,1.152826831625518622e+06
8.207302506445461989e-07,1.162995588633514242e+06
9.295477069433909907e-07,1.037639861284641083e+06
9.909967448356165984e-07,1.036282919179827208e+06
8.235142534136296563e-07,1.247624151401752606e+06
1.047452179307704824e-06,1.006478693317132536e+06
8.973751162780268364e-07,1.178347288824295625e+06
9.991329074129755034e-07,1.065047516507762717e+06
9.174138779022763723e-07,1.211861275155256735e+06
1.021695364852744929e-06,1.087474669754636008e+06
9.203396647751857001e-07,1.209061811601808062e+06
9.881426986255730060e-07,1.181417026545277331e+06
1.039897011866117921e-06,1.134737205809921958e+06
1.086495497467720124e-06,6.093399032963134814e+05
8.088951738928619398e-07,1.208809606331818737e+06
1.014486043154913716e-06,9.791498611835305346e+05
1.297514722973255156e-06,7.540357707800582284e+05
9.909967448356165984e-07,1.036282919179827208e+06
8.235142534136296563e-07,1.247624151401752606e+06
1.219365577593917786e-06,8.354725001891714055e+05
1.177124476168506384e-06,8.709445292195712682e+05
1.133429454808742330e-06,8.917479972894263919e+05
9.991329074129755034e-07,1.065047516507762717e+06
8.973751162780268364e-07,1.178347288824295625e+06
1.280267509905642577e-06,8.308625589831313118e+05
2.307114552148516705e-07,3.865255285349266976e+07
6.091141790210958832e-07,9.207658786461708369e+05
1.320564548806418189e-06,6.756451424311703304e+05
4.151546274393940113e-07,2.368579628220979124e+06
8.088951738928619398e-07,1.208809606331818737e+06
1.014486043154913716e-06,9.791498611835305346e+05
1.133429454808742330e-06,8.917479972894263919e+05
7.703327232613291139e-07,1.331079327330988599e+06
9.941019985673750500e-07,1.314551337875136640e+06
1.010080052672593638e-06,1.357173164259087294e+06
1.807437414027580696e-06,8.665678100558404112e+05
1.317244243810723392e-07,5.929376293853940070e+07
2.063948020012058698e-07,3.481593156189979985e+06
2.325600403839763656e-07,3.315326468175703194e+06
3.023057860563056932e-07,3.419685482780753635e+06
4.408440372313061181e-07,2.244549017047948204e+06
7.703327232613291139e-07,1.331079327330988599e+06
3.842326768248991421e-07,2.808632538659925107e+06
4.005299241336315072e-07,2.633322987382701132e+06
5.454140153270165685e-07,2.055307067181429826e+06
4.366648909665103301e-07,2.521253706937532872e+06
4.954271271733391424e-07,2.225014154461340047e+06
5.909171088012981887e-07,2.055050651675899979e+06
3.721963130193140753e-07,1.287710384696758585e+06
2.717194031919038429e-07,5.490066088859662414e+06
4.791131161149888857e-07,1.738403204233737662e+07
8.743960837474110996e-07,1.043359668399061891e+06
5.501306269158454385e-07,1.627768794049027609e+06
4.408440372313061181e-07,2.244549017047948204e+06
5.735687982582903103e-07,1.791734175773541909e+06
1.100072438901821824e-06,9.242878741577139590e+05
7.016107646389656161e-07,1.848877782290409319e+06
1.203526366761679479e-06,1.229507139197656652e+06
3.735212298867979514e-07,1.477824569903495489e+06
3.092657893148746384e-07,1.803442737097565085e+06
6.081417111848498572e-07,1.007461691721245763e+06
6.033095801716931869e-07,1.317639552617671201e+06
6.691328291815343564e-07,1.242189718113457318e+06
5.438136651423251502e-07,1.968582617140834453e+06
7.075293233334378707e-07,1.643815300202405313e+06
7.402945646037408443e-07,1.662312421545179561e+06
8.318552627669051697e-07,1.655737410774845397e+06
1.192697084670222909e-06,1.241850122346839635e+06
1.495474452878723613e-06,1.046638250278885360e+06
3.153838994763714002e-07,1.811793647812439827e+06
3.092943312998896588e-07,2.494390849719532765e+06
3.771207139632273093e-07,2.267259332298945636e+06
9.101352066410527419e-07,1.062593664340013871e+06
1.188622517328666131e-06,8.329822271304022288e+05
1.124226939397074397e-06,9.329968007182916626e+05
4.990035910807253217e-07,2.163162362314321101e+06
5.595147682387656672e-07,1.916851038539038971e+06
1.304773013969030706e-06,8.107892885497955140e+05
8.104451707928617591e-07,1.443307014822355006e+06
1.247919230178665963e-06,1.065566869361697696e+06
8.851032493912758962e-07,1.587647372192003299e+06
6.706495363625214170e-07,8.989521413033088902e+05
5.643167055220272246e-07,1.110006353661650093e+06
6.351162383956847683e-07,1.064465442560816184e+06
4.663423864674600716e-07,1.583279537918177433e+06
8.564545069293125728e-07,1.295627109643435478e+07
9.343930441238902901e-07,1.039717728091557627e+06
9.210787592264334909e-07,1.101784039323233301e+06
7.502645255709428751e-07,1.536525407769926358e+06
9.937363073056696273e-07,1.198351507787119132e+06
2.666850753763080348e-07,5.314193682956053875e+06
1.774780664390291488e-06,8.325183586606114404e+05
1.487037111662362780e-06,9.928229484454296762e+05
4.711342141677014037e-07,1.191298349567776080e+06
5.871002211642513523e-07,9.883758102621035650e+05
4.738503966321180090e-07,1.208409764575875597e+06
5.643167055220272246e-07,1.110006353661650093e+06
4.663423864674600716e-07,1.583279537918177433e+06
5.657058595539183752e-07,1.947653352046843618e+07
9.890589776696775212e-07,1.031474768081372837e+06
6.914955164921964508e-07,1.512724762952990364e+06
6.681416107527202388e-07,1.751134555913912365e+06
7.578874030636463948e-07,1.518612142180311959e+06
4.428619480583554435e-07,1.211687410305360565e+06
4.711342141677014037e-07,1.191298349567776080e+06
4.122788069408579859e-07,2.747882310725839436e+07
1.121831767034002799e-06,9.107655334921292961e+05
1.080107426004757872e-06,9.500030075508399168e+05
9.023090301145674129e-07,1.096718865455739200e+06
9.890589776696775212e-07,1.031474768081372837e+06
9.984583783178741548e-07,1.114627071560264099e+06
7.578874030636463948e-07,1.518612142180311959e+06
6.681416107527202388e-07,1.751134555913912365e+06
7.872138621990450661e-07,1.570285971702725627e+06
2.303631949191612688e-07,2.039859617553327931e+06
4.339783785085018483e-07,2.616089918004404008e+07
3.579088251484216454e-07,1.832361831981375813e+06
5.746296643975052597e-07,1.358449628656837624e+06
6.320574764920455279e-07,1.604538826018327381e+06
9.023090301145674129e-07,1.096718865455739200e+06
9.984583783178741548e-07,1.114627071560264099e+06
8.918372206531209514e-07,1.463695634750297526e+06
8.003086607431605101e-07,1.616469124190915143e+06
8.389665414579242227e-07,1.568113447781946976e+06
1.571567981004991266e-06,1.056380235679671634e+06
3.589674441562374342e-07,1.925685279827488586e+06
3.682929852285934398e-07,1.962230071819712175e+06
1.783972246168982227e-07,4.589311093547447585e+06
2.731146709176934827e-07,3.323451744318160694e+06
4.120248646917634650e-07,2.394651247508882079e+06
4.796374924121932116e-07,2.010451166260073893e+06
3.806748022072044112e-07,2.800954592494982760e+06
5.969723780574936600e-07,1.788510543361260323e+06
3.827859156961477986e-07,2.906746684436030220e+06
5.890627931872892836e-07,1.897510493003482698e+06
3.035414537642816468e-07,4.309818063272062689e+06
8.515652491161857812e-07,1.640727520946598379e+06
1.973914748051322351e-07,2.600865503986774012e+06
9.308342781883796096e-08,6.876555826034532860e+06
2.696455356992966753e-07,2.329683308730314486e+06
3.126066891645844290e-07,3.379510751885032747e+06
2.874920521196390837e-07,3.717170493159893900e+06
3.806748022072044112e-07,2.800954592494982760e+06
4.412745030999543441e-07,2.535278720154318493e+06
3.827859156961477986e-07,2.906746684436030220e+06
5.486984051640056635e-07,2.145036111382218078e+06
4.041876282311011803e-07,3.022447786505273543e+06
3.075833441449991358e-07,4.263087548568697646e+06
6.119635796935396133e-07,2.563196577829759102e+06
1.895012281432874853e-07,7.768124047658953816e+06
1.928171877700399970e-07,2.928446503459802829e+06
4.733320829382167844e-07,1.931843889666919131e+06
4.928955170445705727e-07,1.978912502375265351e+06
3.140075764175925756e-07,4.006974696320219897e+06
4.636793919510626698e-07,2.310318801549739018e+07
8.545631766367602775e-07,1.666549782593426760e+06
7.300265639395261981e-07,1.962200651499574073e+06
8.808121817968265856e-07,1.759387642988247098e+06
1.191233446028863190e-06,1.316518587571852840e+06
1.528189100570000120e-06,1.097507304909510538e+06
1.820865578090022105e-06,9.708958591326671885e+05
5.309758133489358705e-07,9.874102722667054040e+05
6.405121459342658612e-07,1.187624677311850246e+06
5.127072558548860395e-07,1.578567173390003387e+06
8.010383936284380681e-07,1.090845990727487952e+06
4.595468245390164858e-07,2.070369468242504401e+06
4.338396714861638742e-07,2.087713690642273054e+06
5.038424524600387257e-07,1.824529023630465381e+06
9.379510114938873548e-07,1.113111227118474897e+06
9.660949331219482778e-07,1.369269104664307786e+06
1.028204875331171629e-06,1.344057904381286586e+06
1.059931000850237290e-06,1.489499096239070408e+06
1.881031819448952645e-06,8.822024856314854696e+05
4.412317537581819909e-07,1.804146144361189380e+07
4.880784746024466618e-07,1.551832942810821580e+06
6.112064161270466314e-07,1.334487613929272164e+06
5.804221122367177999e-07,1.521188202168338234e+06
4.908246938498700055e-07,2.094855388697090093e+06
2.878037661601058756e-07,3.554716730028019287e+06
8.160018040396124294e-07,1.303990226946102455e+06
5.154286684938817134e-07,2.062450045265286462e+06
9.383681065337112410e-07,1.169394842563796090e+06
6.388479944822938457e-07,1.716067834094780264e+06
9.893927675611370128e-07,1.227663935658401810e+06
7.066482401217287058e-07,1.905561754934182856e+06
5.478827345690926624e-07,9.202882505956778768e+05
3.764046361669268386e-07,2.201356818712426350e+06
7.610544890304481681e-07,1.095752504917780403e+06
7.224831611505716207e-07,1.106906730749143520e+06
7.173513973042961495e-07,1.300149026120639406e+06
8.677624282160935128e-07,1.118396147206974216e+06
3.896003124218629212e-07,2.823614902041088790e+06
9.228068557435201902e-07,1.194415980838096933e+06
8.713633345747274315e-07,1.563279354278316721e+06
1.104581253980399397e-06,1.215508000487077748e+06
6.196351854490265770e-07,2.241400639202102087e+06
1.374611118725040752e-06,1.077520678179038456e+06
9.178283982591250796e-07,6.635054500875031808e+05
2.908504543409997874e-07,3.756606167664625496e+07
1.100851625370505426e-06,9.089841854814125691e+05
6.571043315597032402e-07,1.565043555170836858e+06
7.434060278627859586e-07,1.357746635091161821e+06
8.641836613453072140e-07,1.204431489358182531e+06
9.794671969118685694e-07,1.022122774292850634e+06
9.418963758663063510e-07,1.195629243826640304e+06
1.033433363477413743e-06,1.125667319580593379e+06
1.063753541548581960e-06,1.092284904928768054e+06
1.002956737411560443e-06,1.237479135779683944e+06
6.593484588255738998e-07,1.630470228102844208e+07
1.661953872886181003e-06,8.416486605359528912e+05
9.178283982591250796e-07,6.635054500875031808e+05
6.474694692783448134e-07,1.431708433206823422e+06
8.367846795018041144e-07,1.141504923553896369e+06
7.156461590305269838e-07,1.413945708966360195e+06
6.109331903657371366e-07,1.695143502588929143e+06
1.166515525735524301e-06,9.184369011042175116e+05
1.154606264278392400e-06,9.263459925098260865e+05
1.250384496386429355e-06,8.838898862513509812e+05
1.172688851629708766e-06,9.927838449206118239e+05
1.033433363477413743e-06,1.125667319580593379e+06
1.063753541548581960e-06,1.092284904928768054e+06
6.024822706615036230e-07,2.152340323919185437e+06
4.947272771054746131e-07,2.926748625224858522e+06
1.413696724441812744e-07,4.109211913152349181e+06
2.799312771985835056e-07,3.283262066354928911e+07
6.474694692783448134e-07,1.431708433206823422e+06
8.367846795018041144e-07,1.141504923553896369e+06
6.109331903657371366e-07,1.695143502588929143e+06
7.156461590305269838e-07,1.413945708966360195e+06
6.623502330581906307e-07,1.494385590293562273e+06
2.034534553074749963e-07,4.759402759429498576e+06
1.015670719538200132e-06,1.224530361911310349e+06
1.621898342333178721e-06,9.117618184940475039e+05
5.690744571109581340e-08,5.784076276267206669e+07
1.027092036190768649e-07,8.350186560781477019e+06
1.542279969847582100e-07,2.181561452721146494e+07
1.690718803635044622e-07,3.477356471020809375e+06
1.866866401082381585e-07,4.301683955214233138e+06
1.475187266284446579e-07,6.697374339626493864e+06
5.985583731973680025e-08,1.451647713945179619e+07
1.847849062518682907e-07,5.353331502264996991e+06
3.616277378692776599e-07,4.337813057583768852e+06
7.821255946296690279e-07,2.399230928174516186e+06
5.787615118782770985e-08,5.677420994597906619e+07
1.027092036190768649e-07,8.350186560781477019e+06
2.050497844936591500e-07,3.616278903113836423e+06
2.154790237202456650e-07,4.474814279938354157e+06
1.391060710809427277e-07,5.926422760361677967e+06
3.184536947191416684e-07,3.290690095635476988e+06
1.012751682068291528e-07,1.292623800789949670e+07
3.232436167732182239e-07,3.766853487697718199e+06
3.515070472390964211e-07,3.908235606785168406e+06
3.796747372568231315e-07,3.774990504840095062e+06
7.967609502012879044e-08,1.944933417789435014e+07
5.930886558767897610e-07,2.799826864737084601e+06
2.792309005368846623e-07,1.633279186653882964e+06
2.395246416954809823e-07,3.433163637052432634e+06
4.948126770240380983e-07,1.703325545523324981e+06
4.086884731216758148e-07,2.282647728443102445e+06
3.892568814258017102e-07,2.362443128759867977e+06
5.582989332557710850e-07,1.782409921761886682e+06
8.855056712185392246e-07,1.218283569426038768e+06
5.636523066437471528e-07,2.171359231771715917e+06
5.393424597377063357e-07,2.370124236403301824e+06
2.109578552613595388e-07,6.285369691030508839e+06
9.337728437752620648e-07,1.504616974600442220e+06
1.299196752820093551e-06,1.081730349518779665e+06
2.953654161402202413e-07,1.251612081712759845e+07
6.516930885103324399e-07,1.249336812237874605e+06
4.357821872693741004e-07,1.892851495309497230e+06
7.234661661265390142e-07,1.188728661317852559e+06
7.374944741988679820e-07,1.180896684158756165e+06
7.924292541431556120e-07,1.172188206932258792e+06
6.069815863017133300e-07,1.580654741158152465e+06
5.348146292851719248e-07,2.085502147216846235e+06
5.563279554977480581e-07,2.124475597737278789e+06
7.436690096228023552e-07,1.679305336369660217e+06
7.141186616607701951e-07,1.845530319314780645e+06
1.377870335599073833e-06,1.136401313498087693e+06
6.850024907628870390e-07,3.503700862404117361e+06
3.535437332551139525e-07,2.398237696811383590e+06
7.722428593678089496e-07,1.048772491665083449e+06
6.404873059598462523e-07,1.313421020276092924e+06
4.981085676651834385e-07,1.923197552564637503e+06
8.410755483252647894e-07,1.174029303760948591e+06
8.686003030016955181e-07,1.129904807491450338e+06
7.118706856921669269e-07,1.411515727183604147e+06
5.782853622413746207e-07,1.812649029668086674e+06
6.944327062574775027e-07,1.697865167516447371e+06
1.128559116120533859e-06,1.312771989889191464e+06
2.582765852864841259e-07,7.212988574758516625e+06
5.178744900835573118e-07,1.172504766429219861e+06
4.096786385032153743e-07,1.951155396764099831e+06
6.808593028223996204e-07,1.240956596563010942e+06
5.666950634147988073e-07,1.435507651601832826e+06
7.719275433304900597e-07,1.047107651613663184e+06
6.246560437317800617e-07,1.375129543255238328e+06
8.686003030016955181e-07,1.129904807491450338e+06
8.410755483252647894e-07,1.174029303760948591e+06
5.233070259440105965e-07,2.184052610545381904e+06
7.265275292288661496e-07,1.545638611876779469e+06
1.116339886270519307e-06,1.258408072760106763e+06
4.168238575698061689e-07,1.257252804594355170e+06
4.862722224794873913e-07,1.116995998196932254e+06
4.096786385032153743e-07,1.951155396764099831e+06
5.666950634147988073e-07,1.435507651601832826e+06
5.832965206423771523e-07,1.592837099879013142e+06
7.029978905122454554e-07,1.439791279687242582e+06
8.915240993102792047e-07,1.178937854085218860e+06
7.361362183553942904e-07,1.597137676105279010e+06
8.899906301533311214e-07,1.237287053393384675e+06
9.661669734707145323e-07,1.280515563369855052e+06
1.605179375892183549e-06,9.763688908072840422e+05
2.432106628006809068e-07,2.743879125850877259e+06
3.923011063093842111e-07,1.227021454934276175e+06
6.515690392208587177e-07,1.462877036947175162e+06
1.083120677609879386e-06,8.780160593691575341e+05
1.179012088610436182e-06,8.280155446024845587e+05
7.029978905122454554e-07,1.439791279687242582e+06
8.915240993102792047e-07,1.178937854085218860e+06
9.033613656355129771e-07,1.161491933768307790e+06
9.467004468850253430e-07,1.253405194563570200e+06
8.179914729646146999e-07,1.528284240239261650e+06
1.594145334831104101e-06,9.837354797528620111e+05
8.624781997423804478e-07,8.831055340402206639e+05
3.734368200694302249e-07,2.368105848475090694e+06
4.522120732118772448e-07,1.992012344141762936e+06
6.515690392208587177e-07,1.462877036947175162e+06
1.121457642950049155e-06,8.760310138958835742e+05
1.192934278940115604e-06,8.243286273186893668e+05
7.665087661527700383e-07,1.372818937289034948e+06
9.033613656355129771e-07,1.161491933768307790e+06
1.086081398923222645e-06,1.030823626379792462e+06
9.536675345742880641e-07,1.153198377885259222e+06
1.121236787179950553e-06,9.940156807257911423e+05
1.013593362921280737e-07,1.037202219680503383e+07
1.416362933824461118e-07,5.847827672082389705e+06
2.977586511971046372e-07,2.174980964589688461e+06
4.718657486517051220e-07,1.762590032120108372e+06
4.118955390865937067e-07,2.027525097559164511e+06
5.083883732627649089e-07,1.855660544216936687e+06
7.665087661527700383e-07,1.372818937289034948e+06
1.361314491096838091e-07,6.932781467293954454e+06
9.536675345742880641e-07,1.153198377885259222e+06
7.958557306115623436e-07,1.365817675311481580e+06
7.603826458107641574e-07,1.384503430987362750e+06
8.115778075037430448e-07,1.802851558279819554e+06
1.554014404993819116e-06,1.135779932505497942e+06
2.644216443237932360e-07,2.271941397021500394e+06
2.977586511971046372e-07,2.174980964589688461e+06
2.162651820145360215e-07,4.513129771822533756e+07
2.420077248517587925e-07,3.511960123957163189e+06
3.892940451498011346e-07,2.560907238640572876e+06
4.248323878391199155e-07,2.539757784973487258e+06
2.628961756304906154e-07,4.746603391598190181e+06
5.336344974137498152e-07,2.190345675039137248e+06
5.145481746062955481e-07,2.394659795394027606e+06
3.489637361929160112e-07,3.550687831176411826e+06
4.031324993930480069e-07,3.162893116135174874e+06
2.005236951076219564e-08,7.149669602264206111e+07
2.485768587071475247e-07,2.179207471603034064e+06
4.070227217551934247e-07,1.484800553093893686e+06
4.101013152041285927e-07,1.661688793957662303e+06
1.702079213349976553e-07,4.797585826661135070e+06
5.831563747816104692e-07,1.931316640221851692e+07
4.199176769927495119e-07,2.134320293119834270e+06
7.933804049119363812e-07,1.296272794013604056e+06
3.169030577599550061e-07,3.580627435999901965e+06
5.336344974137498152e-07,2.190345675039137248e+06
5.145481746062955481e-07,2.394659795394027606e+06
1.130052643935169733e-06,1.246005591961710481e+06
1.942284669769541762e-07,2.980807297637778800e+06
4.252004779324936538e-07,1.617081684740617638e+06
2.553892015460667615e-07,2.982611088807916734e+06
1.406333118104515291e-07,1.509773204280337878e+07
6.913400804316640514e-07,1.379167067818783922e+06
5.788687567626368428e-07,1.890980278150438564e+06
6.947820361821836105e-07,1.687641328383438289e+06
8.013340591622985501e-07,1.492670906085157068e+06
6.960880582735285160e-07,1.704214889650093857e+06
8.385843682522488982e-07,1.489521327811616473e+06
1.173053159487644130e-06,1.337393177730012918e+06
1.527115306021976692e-06,1.025574007610313245e+06
2.110464071337131141e-07,2.817124710244209971e+06
4.715426707869357445e-07,1.710135834597722162e+06
3.796263564121720374e-07,2.317505966198198497e+06
6.882489580079315809e-07,1.309469022847741842e+06
7.267323670907223704e-07,1.363808674745100550e+06
4.942830976984764585e-07,1.951222629843730247e+06
7.325439643009930519e-07,1.312525628197210608e+06
6.913400804316640514e-07,1.379167067818783922e+06
9.738136021952145183e-07,1.109464125533733517e+06
5.889202070704317608e-07,1.932286021474035224e+06
1.468854569998740655e-06,9.560474016330001177e+05
1.216937037769742291e-07,7.683705859512324631e+07
3.796263564121720374e-07,2.317505966198198497e+06
1.130084954643599631e-07,7.191808773125707172e+06
4.377468446321259172e-07,2.165250979184953962e+06
9.287486098745094635e-07,1.023647814513014280e+06
7.834262173576460133e-07,1.247047649215462152e+06
4.942830976984764585e-07,1.951222629843730247e+06
7.267323670907223704e-07,1.363808674745100550e+06
4.646168326767021754e-07,2.170887320872486103e+06
6.943045423030855694e-07,1.518079144755514339e+06
7.976357648096848564e-07,1.600064233813350787e+06
1.792146176596223225e-07,2.982334691787211224e+06
4.631336696330979551e-07,1.154269777582373936e+06
4.982629636431012860e-08,1.379641618290597014e+07
8.671221098821570468e-07,1.117085594692626502e+06
8.318250778215512716e-07,1.229010223757086555e+06
7.992550465972894126e-07,1.275394436850392027e+06
8.594373419217191389e-07,1.235801616473330883e+06
7.157918082737293111e-07,1.556083115907172672e+06
7.181145010769967093e-07,1.555165639375193976e+06
8.429992595485882768e-07,1.322340795922892168e+06
1.069869263940542537e-06,1.127891521288669668e+06
3.054124082037099214e-07,2.397964463350039441e+06
3.506232481739510026e-07,2.321904602415242698e+06
2.294163248137025235e-07,3.588656942509876098e+06
8.671221098821570468e-07,1.117085594692626502e+06
5.976953788868964098e-07,1.699106492718648631e+06
8.600996076418307284e-07,1.137092001428975025e+06
8.375695267932125031e-07,1.190464787411621306e+06
8.836245541301028012e-07,1.149934229567631613e+06
7.992550465972894126e-07,1.275394436850392027e+06
8.594373419217191389e-07,1.235801616473330883e+06
8.429992595485882768e-07,1.322340795922892168e+06
4.540630296318622333e-07,3.617039074719072785e+06
1.249070929418255534e-07,8.233211632375259697e+07
2.390069587783162849e-07,3.367197303788900375e+06
2.000550087099208683e-07,4.193836917310534045e+06
2.252074395240215556e-07,3.796613167945967522e+06
1.195613732502931248e-07,8.080444673235217109e+06
2.035820846736584483e-07,4.467739485835214145e+06
3.253570055150172984e-07,2.944791480636525434e+06
2.317609629602599186e-07,4.540121782435772009e+06
5.109860164504335385e-07,2.264456727948721033e+06
4.207239937702332147e-07,3.349337226279673632e+06
6.182646390817069406e-07,2.339587621492919046e+06
1.043448118242203875e-06,1.592426676658482524e+06
2.204967403939161948e-07,1.044520422122981586e+07
7.651222670874322789e-08,1.094327771618027240e+08
1.138945562584126056e-07,8.078128591986671090e+07
1.393919914921832928e-07,6.275621545136519708e+06
1.946781779821101630e-07,4.485146872244987637e+06
1.130182130233879346e-07,8.066984244366505183e+06
2.035820846736584483e-07,4.467739485835214145e+06
2.291906656953078329e-07,3.994555268806388602e+06
2.183918622314386669e-07,5.234901644995928742e+06
3.240271468226164224e-07,3.959435475952069741e+06
2.681064209246458552e-07,4.967101148421764374e+06
4.186239755861597091e-07,3.550340680518576875e+06
7.038029587213651265e-08,1.011048071299094260e+08
2.598537238791975872e-07,2.281181709789708257e+06
2.680627538953894894e-07,3.004742048845008481e+06
2.360237206310181447e-07,3.403259444225534797e+06
1.130182130233879346e-07,8.066984244366505183e+06
2.819827489319189929e-07,4.128313301531704143e+06
2.841692412117466786e-07,4.102654544581741095e+06
3.205807822182715567e-07,3.617126808664957527e+06
2.931018453024770205e-07,4.211533906470003538e+06
3.391913295986473236e-07,3.581582777661479078e+06
3.354812051377072424e-07,3.641871584536462091e+06
3.043539634694063612e-07,1.825897695497202920e+06
3.312932806424644160e-07,1.723996240817602025e+06
2.966612857284470775e-07,2.721952757419133559e+06
2.312685085034214258e-07,3.591914399197303690e+06
3.471876453826050017e-07,2.890561101296580397e+06
4.153830819823631471e-07,2.347175858992599417e+06
3.000512685947741318e-07,3.275700668281453196e+06
8.131319760025080618e-08,1.237422005028398335e+07
3.137611917740193467e-07,3.757384281564212404e+06
3.020174225430854106e-07,4.127074067062974442e+06
5.507807509119711849e-07,2.688663488541426137e+06
1.016420231027304010e-07,2.263627622856844589e+07
1.194976085157103022e-07,4.661728491808460094e+06
2.033421293980954929e-07,2.758764873696620110e+06
1.417943418330394056e-07,4.155931798123720102e+06
1.333482277636484963e-07,8.673934683665394783e+07
2.759435555989242911e-07,3.809080846611653455e+06
3.742759888040389233e-07,2.995372482812294737e+06
3.291308019628365691e-07,3.413707905141276773e+06
2.595778594655047585e-07,4.764630889960345812e+06
3.658184237070595612e-07,3.699777363625036087e+06
5.257389699059991594e-07,2.823628697402674705e+06
5.387141361662407568e-07,3.086832912214957178e+06
7.690543112124370167e-08,2.751333636034955457e+07
1.194976085157103022e-07,4.661728491808460094e+06
2.033421293980954929e-07,2.758764873696620110e+06
1.417943418330394056e-07,4.155931798123720102e+06
1.986112504169422384e-07,3.054932893475458492e+06
2.152501829508317761e-07,4.866810023106087931e+06
3.615831072415992939e-07,3.113221942779581062e+06
1.811678437054214108e-07,6.192283604337520897e+06
3.966974009157947018e-07,3.047173860642832704e+06
4.682667800337125627e-07,2.592172009590034373e+06
2.215067037328188732e-07,6.177612644651716575e+06
5.762712557045387230e-07,2.314670248086326290e+06
2.119800738400693005e-07,2.437788819037218578e+06
2.295954135057519658e-07,3.585129590368040372e+06
2.400266122470698274e-07,3.620594273755271453e+06
2.219176950790712083e-07,3.693164539111454040e+06
3.772925089004452081e-07,2.355736323364429642e+06
4.678054114080771618e-07,1.950888079103514552e+06
3.540208257885807566e-07,2.671230509505354799e+06
4.585389721230150235e-07,2.324328867097390816e+06
3.615831072415992939e-07,3.113221942779581062e+06
4.859448201298247765e-07,2.372726090726183262e+06
3.966974009157947018e-07,3.047173860642832704e+06
3.829596139786136477e-07,1.599543022244448774e+06
2.295954135057519658e-07,3.585129590368040372e+06
2.400266122470698274e-07,3.620594273755271453e+06
3.387671834758884752e-07,2.717096781712895725e+06
3.772925089004452081e-07,2.355736323364429642e+06
3.540208257885807566e-07,2.671230509505354799e+06
3.552729257734372723e-07,2.855359491288366262e+06
3.673676319818937439e-07,2.886353033101007342e+06
3.698990763004918005e-07,2.997731854947528802e+06
4.098446049156485397e-07,2.980072292113131844e+06
3.849168419087322141e-07,3.208120487402437255e+06
1.448771674256957086e-07,1.525168417625787668e+07
3.895852939448477378e-08,5.935277005856613815e+07
1.389768408853613101e-07,2.246221198497974500e+07
1.234201150314161572e-07,7.599482465826745331e+07
2.664356327437483763e-07,3.354761957675023470e+06
3.387671834758884752e-07,2.717096781712895725e+06
3.282497960711213785e-07,2.844941305450125597e+06
3.125265469388671716e-07,3.467796842951194197e+07
2.287081119444509919e-07,4.025498841901962180e+06
3.552729257734372723e-07,2.855359491288366262e+06
3.827305454106700063e-07,2.634809146794835571e+06
3.673676319818937439e-07,2.886353033101007342e+06
3.698990763004918005e-07,2.997731854947528802e+06
1.550752814182266909e-07,3.347882095592633821e+06
1.389768408853613101e-07,2.246221198497974500e+07
1.410268514426179913e-07,4.740434884730717540e+07
1.289190277313348474e-07,5.704211677195708267e+06
5.349007913757765877e-08,1.500547459107951634e+07
3.365184918480560875e-07,3.216736820362425409e+06
3.184680169006990177e-07,3.238366110269971658e+06
3.042460549883559682e-07,3.451595224170973524e+06
3.883795810798937388e-07,2.851056201691095252e+06
3.961631823822734571e-07,2.907477136747882236e+06
8.057273553315229680e-08,3.299162069749137759e+07
8.044479713980906940e-08,1.677509243515371531e+07
1.522445420544594050e-07,4.250951055886062793e+06
1.289190277313348474e-07,5.704211677195708267e+06
5.532279601206327743e-08,1.517543560177163221e+07
6.133491726101691143e-08,3.621946760170128942e+07
3.492718154614040684e-07,3.874479934664460365e+06
2.629368183799485883e-07,5.339826166626541875e+06
2.334969101930770384e-07,6.317749275469105691e+06
2.725900858928140970e-07,5.677014567950573750e+06
4.465472980228235449e-07,5.482396142140765674e+06
5.249982227265104937e-07,3.358651252141524106e+06
8.057273553315229680e-08,3.299162069749137759e+07
1.072302370251604263e-07,8.999856667462489009e+07
1.522445420544594050e-07,4.250951055886062793e+06
3.287537436876030835e-07,2.528185410164821893e+06
2.026105024086255355e-07,4.485557037681228481e+06
5.173737553790455457e-07,2.052821352193122264e+06
4.552805274205821831e-07,2.402206572774969507e+06
3.213657826462204644e-07,3.729106223936560098e+06
6.276454814368767814e-07,1.939167403651940404e+06
5.472143849181269725e-07,2.320724000193229876e+06
3.360501708728689637e-07,2.134564385860277340e+06
2.082533694602330694e-07,3.304109411089576315e+06
4.052184973716657477e-07,1.425008251990054175e+07
4.618548885984858125e-07,1.869817732025883393e+06
3.190515899475811399e-07,2.686875285382492468e+06
4.295322892315781731e-07,1.984674735296629369e+06
3.645178302785286272e-07,2.771092493702744134e+06
4.903069106867289598e-07,2.270575579748359974e+06
4.330469424444173834e-07,2.650271995816925541e+06
6.528375987840427432e-07,1.765978530001983512e+06
5.674680723125141618e-07,2.118354159868145827e+06
3.001052132813639680e-07,2.177391468281570822e+06
1.911401026299417404e-07,3.669111828987058252e+06
1.218693834061499728e-07,6.527070984359838068e+06
4.222834371384938248e-07,2.106781912007295527e+06
4.125721764867650590e-07,2.369492317012484185e+06
3.575818816773363521e-07,2.787844206641300581e+06
2.417267452990631198e-07,4.211927695862884633e+06
4.989356181800360381e-07,2.221166950487408321e+06
3.393971830533768735e-07,3.283675476964763366e+06
4.183981988839569819e-07,2.756137612427388784e+06
3.945318068006831056e-07,3.052087248722132295e+06
4.709158160636241922e-07,2.992938136334058829e+06
2.339041623687246188e-07,5.367447838782911189e+06
1.841017153431733487e-07,3.354589042544834316e+06
4.527704615249653204e-07,1.475919338483756641e+06
4.221485104791121161e-07,1.832872158040048787e+06
3.934193939873878486e-07,1.805746248047419358e+06
3.099838060295007970e-07,2.668789052649016026e+06
7.964206219245498656e-07,1.277790150817956775e+06
7.980517513809610370e-07,1.276024385623764945e+06
8.761868186052429564e-07,1.505704869295535376e+06
1.816444445065156166e-06,9.164371643535706680e+05
3.280122124570445927e-07,7.730836824775654823e+06
5.571219034439029383e-07,1.144296346405069809e+06
4.527704615249653204e-07,1.475919338483756641e+06
9.366225064485710366e-07,1.184837490313121118e+07
8.219085781386323034e-07,1.183358159053617390e+06
7.984500571949241464e-07,1.291636648248918355e+06
9.273126581174203297e-07,1.084360401258589467e+06
7.703787855275640753e-07,1.384343999227123568e+06
9.892060039322529931e-07,1.208850789554363349e+06
1.161564049955434904e-06,1.027336260149893933e+06
1.909501408615104439e-06,7.311649524781447835e+05
2.006403822680373352e-06,7.366051333165612305e+05
4.553415915597290601e-07,1.143178393562718527e+06
4.408342249291672777e-07,1.201317603035571985e+06
5.302912584157606989e-07,1.109161987271663500e+06
4.486618592515281963e-07,1.397496490016432712e+06
9.273126581174203297e-07,1.084360401258589467e+06
3.810113658550013801e-07,2.643947314788441174e+06
7.984500571949241464e-07,1.291636648248918355e+06
1.211312997940518258e-06,1.016616967496053316e+06
1.247656827937629389e-06,1.040350586302034091e+06
9.576747625040907883e-07,1.455824123828661861e+06
1.988772744235251266e-06,8.353810585816235980e+05
4.231323953240455931e-07,1.366485716202843003e+06
3.829974205914461948e-07,2.127240419225318357e+06
3.229961820587313995e-07,2.729009722971986048e+06
4.498873801194167554e-07,2.135373732568641659e+06
4.043430771825000490e-07,2.639727894189614337e+06
4.116569095446249059e-07,2.587228157621540595e+06
4.238485948873496066e-07,2.612175580552248284e+06
3.883170485944732502e-07,2.893369346059306990e+06
3.432065882454716024e-07,3.260662639223028906e+06
4.511079863621505983e-07,2.434877438265321776e+06
3.569110098572070753e-07,3.108384191223317292e+06
4.124486737276255162e-07,2.817569140750066377e+06
4.350638320385279388e-07,1.210828178505511023e+06
3.829974205914461948e-07,2.127240419225318357e+06
4.186614798547347893e-07,2.033062526180369779e+06
3.100186887404939618e-07,2.949158183796341065e+06
4.592580610933242951e-07,2.001265473392802523e+06
4.233601774649638677e-07,2.431939506859640591e+06
7.754365981636893369e-07,1.413057287629047874e+06
3.127327789413975401e-07,3.956414570547519252e+06
9.145637667235377217e-07,1.453371405242566485e+06
1.170414316809374599e-06,1.164277401893178467e+06
9.428262338282796109e-07,1.669852472231470747e+06
8.244327179496146595e-07,2.000725280660050921e+06
1.882658070196912858e-06,8.820243265034232754e+05
5.527808138379052028e-07,1.490296789094850188e+06
4.186614798547347893e-07,2.033062526180369779e+06
8.597021538206208488e-07,1.022939416347203893e+06
1.262702442002643975e-06,7.860847454181991052e+05
1.360548420204523122e-06,7.542719503076117253e+05
1.268100955884476624e-06,8.084017352082382422e+05
1.103226016923194140e-06,9.156341029120420571e+05
1.210128220959253112e-06,8.718563745868706610e+05
1.380183199344151894e-06,7.714924143037674949e+05
1.038044043631615579e-06,1.035682922205400071e+06
1.045217396619088297e-06,1.015549021631687297e+06
1.400558205667638876e-06,7.908080864970376715e+05
2.492244134146578041e-07,2.842652688641118351e+06
5.488423971175773808e-07,1.164294806392369326e+06
1.000853651045526037e-06,9.999772143583440920e+05
1.103226016923194140e-06,9.156341029120420571e+05
1.268100955884476624e-06,8.084017352082382422e+05
1.038044043631615579e-06,1.035682922205400071e+06
1.045217396619088297e-06,1.015549021631687297e+06
1.255386296242527692e-06,8.509462197513780557e+05
1.210128220959253112e-06,8.718563745868706610e+05
1.182986536313367265e-06,9.326739097158008954e+05
1.126375902593321555e-06,1.108079125628256937e+06
1.979868115942703146e-06,7.463950875657462748e+05
3.218268416441043335e-07,1.746999704411206767e+07
5.824344078625107870e-07,9.997971892130242195e+05
5.124903855179968832e-07,1.776372719588250853e+06
4.954339909401657067e-07,1.967722844266380649e+06
5.258940924035958206e-07,1.913657478304643184e+06
4.806344004814922355e-07,2.145446711187987588e+06
5.565954091743891186e-07,1.876796082649194868e+06
8.688384216283408783e-07,1.320875799871655414e+06
6.658252897652799585e-07,1.600591918928157166e+07
3.134613123490241052e-07,3.541781114471148234e+06
1.553276812759747869e-06,9.508298442459484795e+05
1.629453001474827509e-06,9.669384259755566018e+05
2.147620013174575506e-07,3.296564286727986764e+06
2.733326042631255930e-07,2.542380003276597243e+06
1.889661489170021638e-07,4.071212223189222626e+06
1.650283322505885569e-07,5.026824104863958433e+06
4.954339909401657067e-07,1.967722844266380649e+06
3.870516322067926177e-07,2.638133308448955417e+06
5.565954091743891186e-07,1.876796082649194868e+06
5.114185053775665106e-07,2.062843335493306164e+06
4.328661288222561425e-07,2.593777316797039472e+06
5.065293307630232947e-07,2.303029137542597018e+06
5.229215571656355557e-07,2.363383447430015076e+06
5.523107484242511827e-07,2.211972785003222991e+06
1.481404089736935155e-07,5.888440535610329360e+07
1.715074582823147534e-07,1.266264664734814316e+07
2.153658477521635616e-07,3.399439114157179371e+06
1.891884063571842417e-07,3.938685966744375415e+06
2.433029848493399339e-07,3.315852624526584521e+06
2.347752402551214334e-07,3.483810003350493964e+06
4.328661288222561425e-07,2.593777316797039472e+06
4.453600419272156293e-07,2.512694016872150823e+06
3.593393952105823063e-07,3.417901567463554908e+06
5.431839853361779275e-07,2.725975320458694827e+06
1.365766172937676025e-07,7.338962599556267262e+07
2.243003119010703472e-07,3.424294516045327298e+06
1.375752186530443858e-07,8.428777563362890482e+07
2.585677158788820625e-07,3.470905862197126262e+06
3.579823662144637525e-07,3.130537807682472747e+06
3.452655289672485727e-07,3.405838311776444316e+06
3.951657109911585809e-07,2.937695445568726864e+06
5.126697086430668812e-07,2.482521441597589292e+06
5.615852410932285587e-07,2.369673951050248463e+06
3.283632128130891226e-07,4.143964484378349502e+06
5.317988843638759432e-07,2.639694820437165443e+06
3.180317821731101370e-07,4.956155036169202067e+06
5.944987876407808780e-07,2.644948665785440709e+06
4.189788378963587729e-07,2.664364671820596978e+07
2.933710775016735553e-07,2.533115708744701929e+06
3.995327211992836670e-07,1.825167831188944168e+06
4.352013655382497409e-07,1.765067463905042736e+06
5.480994627455674512e-07,1.477654563706319313e+06
4.864375343760205916e-07,1.694948752434822964e+06
6.330002849598965818e-07,1.701861188272759318e+06
7.021658165954607837e-07,1.502946610941902734e+06
4.460635256145059794e-07,2.844774123393788002e+06
6.500682726337407623e-07,1.985708328389159404e+06
9.845517717825308891e-07,1.594060403331309324e+06
3.967703526939032920e-07,2.199599493862576783e+06
3.344140901269031130e-07,2.705302849276294466e+06
5.030133153122239779e-07,1.854098053251480917e+06
5.079713928617767556e-07,1.837649450134621467e+06
4.929767888737683309e-07,1.861591664232692681e+06
5.470440442755034075e-07,1.682318421084967442e+06
5.128080472441078613e-07,1.865782918163441122e+06
4.468491939269440392e-07,2.278699230365616735e+06
7.021658165954607837e-07,1.502946610941902734e+06
6.330002849598965818e-07,1.701861188272759318e+06
6.815975819582782066e-07,1.796392879779389361e+06
9.497809303970649688e-07,1.404057801856363425e+06
7.643407569340527348e-08,3.016019527864556760e+07
2.525637169087179228e-07,1.956585004782821052e+06
1.835430809428878710e-07,2.693705610921475571e+06
4.108135450400613289e-07,1.798855222853370942e+06
3.113922353928114156e-07,2.694153242660417687e+06
3.741427146614143445e-07,2.358140627115119249e+06
3.043950674957123195e-07,3.612267281438121106e+06
4.232965828158077933e-07,2.756137151178174186e+06
4.059392924901528931e-07,3.038307775418711826e+06
4.508776930035459121e-07,2.720309980878503062e+06
6.642316166466010746e-07,2.235568522345411591e+06
6.815086621107179360e-07,2.301713019881879445e+06
1.835430809428878710e-07,2.693705610921475571e+06
2.614526755024683792e-07,2.352627434320191387e+06
2.647060962735057928e-07,2.344902569436043501e+06
1.828503574791652255e-08,4.328999251523286849e+07
3.473876182507887516e-07,2.275021971985646989e+06
2.425489538836840217e-08,3.876352404915713668e+08
2.571514128495406775e-07,4.185146515713988803e+06
3.123435104592271479e-07,3.512114263655973598e+06
4.493816048922339734e-07,2.612880766775504220e+06
4.353140950847550994e-07,3.414128046441344544e+06
1.350305551561866422e-07,2.995883774324455112e+07
4.402944318866996724e-08,2.730817694075423107e+07
1.863329726202145268e-07,5.955024049243570119e+07
2.602802034503103431e-07,3.556458948724435177e+06
2.145414320169639463e-07,4.907385383544077165e+06
1.847382743398924421e-07,6.110964168802415021e+06
2.368416302783600457e-07,4.785363111320005730e+06
1.694438707636597292e-07,7.449508507012861781e+06
3.153681858545367375e-07,3.945407864670900628e+06
3.570008513396298217e-07,3.895642242076420225e+06
3.777172949838016113e-07,3.659176613344580866e+06
3.102361522186571299e-07,4.648403129752518609e+06
2.246657382858946473e-07,2.451248769983304199e+06
2.510793171229323861e-07,2.265734300515841693e+06
2.089703274353604223e-07,2.876113313545611687e+06
3.221771514518987797e-07,1.949469793069678824e+06
3.886449223692388988e-07,1.696178364622578258e+06
3.781070021788349855e-07,1.833958054048317950e+06
4.415543676549301024e-07,2.927846881142692640e+06
4.621308014603880463e-07,2.771375174722472206e+06
6.521099195036185577e-08,2.082483944682026282e+07
5.318685550566557144e-07,2.922994657147226389e+06
1.069184918553827406e-06,1.548714053497098619e+06
6.355147523871161165e-07,9.361059214459494688e+05
4.910995959691818317e-07,1.271209563645922113e+06
3.221771514518987797e-07,1.949469793069678824e+06
3.886449223692388988e-07,1.696178364622578258e+06
7.397967249107167704e-07,1.287798703842313029e+06
9.659982713211024834e-07,1.141189028245703317e+06
7.034569472073211773e-07,1.757987487793340348e+06
6.890033570648275511e-07,1.792207804091697792e+06
7.537452178564254808e-07,1.624015522112765815e+06
7.384172496922200908e-07,1.731740256197081413e+06
3.788670470692846866e-07,3.508769061986434739e+06
2.957990238209567117e-07,5.645934674880083650e+06
6.243513986830994525e-07,1.364389077875129180e+06
7.733092054556407363e-07,7.811176320228143595e+05
8.569347650934083695e-07,1.007687657963461359e+06
7.397967249107167704e-07,1.287798703842313029e+06
9.583289955847661753e-07,1.001216685403017793e+06
1.201406812077630767e-06,8.010834484203301836e+05
7.318048713904530877e-07,1.441980279382744106e+06
1.225161800177169923e-06,8.666787121059177443e+05
9.659982713211024834e-07,1.141189028245703317e+06
9.994641766285475602e-07,1.294438414420172339e+06
1.609891307890889509e-06,8.714182323332303204e+05
3.829768711634490733e-07,1.762920421901263995e+06
4.859643029717656229e-07,2.322769345698101446e+07
8.850622798315729754e-07,1.181730271407220047e+06
1.065471036425528359e-06,9.454463296437954996e+05
1.135356353162885841e-06,9.302540425134097459e+05
9.265042731498641433e-07,1.185538268496160395e+06
1.226484756526003651e-06,8.560846956935789203e+05
6.940865665253400254e-07,1.585631357477962971e+06
1.266908288417877025e-06,9.190129826599064982e+05
1.199912393883023061e-06,1.019571186385121429e+06
1.050972110109037729e-06,1.167659186250993516e+06
1.395187775496540048e-06,8.637135670834237244e+05
1.584462421470139902e-06,8.868370737765872618e+05
4.291124076335803322e-07,9.823565695204682415e+05
3.400646880762413839e-07,1.569871996069399174e+06
4.500948348680815453e-07,4.447994171671996824e+06
5.670725672206515030e-07,1.726690101510852808e+06
1.402533104487952530e-06,6.687457458870509872e+05
1.065471036425528359e-06,9.454463296437954996e+05
9.715118690457983293e-07,1.080145313990654657e+06
1.190643841198496437e-06,9.264355349234371679e+05
9.396689145386766122e-07,1.365655436476296978e+06
1.228778743208428618e-06,1.095398566547076451e+06
1.350274930349888687e-06,1.163962100858542137e+06
3.905282601461961181e-07,9.358128059592671925e+05
7.226908267991365693e-07,1.130057956997383153e+06
9.040848832405753147e-07,1.051804804687210824e+06
1.341675965193935137e-06,7.064161298641123576e+05
1.135944986231091050e-06,8.398692386045255698e+05
1.360476077371114648e-06,7.202085525462839287e+05
4.263118038597950730e-07,2.470211844589508139e+06
1.219443346810051099e-06,8.594003085667740088e+05
1.252522414954025560e-06,9.833648929187796311e+05
9.128602259784953246e-07,1.446826068978081457e+06
1.936639726064836264e-06,8.102590685950233601e+05
4.060988519186429964e-07,1.212051117166767828e+06
3.643454494706272404e-07,1.852862850250343094e+06
5.103352570760097747e-07,1.355390320257308194e+06
1.047191963052801568e-06,7.741995479775371496e+05
4.878082189757592637e-07,1.918239317151477793e+06
6.776347251622472033e-07,1.407361366768924054e+06
1.297394130225620936e-06,7.624669589155609719e+05
9.742578553461169766e-07,1.288428835873394273e+06
1.188124310194707879e-06,1.093051488422436174e+06
1.045538739785028450e-06,1.230368878914021654e+06
1.960427704781498877e-06,7.996112411511274986e+05
1.867460562310138250e-07,1.120019346753566340e+07
1.892790033623204290e-07,5.905885427108546346e+07
3.065013796409638315e-07,1.982109601170200622e+06
3.643454494706272404e-07,1.852862850250343094e+06
5.103352570760097747e-07,1.355390320257308194e+06
1.779016485615667975e-07,4.630914921286772937e+06
5.362962610701288692e-07,1.645404795694112778e+06
4.520802570712510762e-07,1.990821185069788015e+06
4.400055361070265176e-07,2.263434416092175525e+06
3.209606421251839352e-07,3.393550390699662268e+06
4.819272783465192207e-07,3.006915561041217763e+06
8.506248599422243362e-07,1.842056266867317026e+06
1.630554534391423013e-07,2.953743431979684159e+06
3.065013796409638315e-07,1.982109601170200622e+06
5.016097560022745131e-07,1.534129831360403914e+06
4.250528202772025666e-07,1.713769634040950332e+06
6.680133082751978214e-07,1.315580432656837394e+06
4.848409047511755416e-07,2.188523061639918480e+06
4.432689990548649643e-07,2.434481128316821065e+06
9.387740168330257663e-07,1.267191775706728688e+06
7.805122296246013325e-07,1.529698453787039034e+06
7.634298676332099567e-07,1.799342557094106218e+06
1.411514606341195668e-06,1.110255684309243225e+06
5.161646495958802807e-07,8.567055227138319984e+06
4.883608133081577840e-07,1.628993676151884953e+06
8.486001266113058443e-07,9.219147807618031511e+05
6.768582888683282266e-07,1.247633274405315286e+06
9.381064972578588776e-07,1.053981179855047492e+06
1.041711527290407902e-06,9.341153852324852487e+05
1.143338603753603182e-06,8.602218315625457326e+05
1.140762164205358606e-06,9.363575889295986854e+05
8.871689500022676912e-07,1.408536045289139962e+06
9.165235435859921020e-07,1.432320976004982600e+06
3.602611491475464792e-07,3.653095852135399356e+06
1.691704193007075800e-06,9.256422790968189947e+05
7.932307946725498890e-08,2.055801862012140825e+07
1.276584172717949738e-07,6.521897488509410992e+06
4.821335773858572254e-07,1.512732438676114660e+06
6.024658753015670619e-07,1.827300567409276217e+07
3.830679139406508417e-07,2.493400816475117113e+06
1.143338603753603182e-06,8.602218315625457326e+05
1.140762164205358606e-06,9.363575889295986854e+05
4.833839264309370435e-07,2.447362210657443851e+06
7.059477859438365349e-07,1.633235515555595979e+06
8.562664672606133759e-07,1.618774797725187615e+06
9.485499193693188894e-07,1.566239528992607491e+06
1.692284116695841443e-06,9.251015020270008827e+05
7.932307946725498890e-08,2.055801862012140825e+07
3.602046215568982655e-07,2.230398547162998933e+06
1.817009159372141923e-07,4.160127200255407020e+06
2.954338719007714229e-07,2.582017887437883765e+06
3.880151256626817857e-07,2.323119985905100126e+06
3.266173925668311246e-07,3.336787855613366701e+06
7.264641865307199271e-08,1.439172668217660300e+07
5.688539841447675800e-07,2.181353574376370292e+06
5.329374291160182590e-07,2.221057831921680830e+06
8.557158310603995438e-07,1.497534230758996913e+06
8.347792906095219243e-07,1.542072317769966787e+06
6.904068956119903165e-07,1.830398133418143727e+06
2.366016674713062046e-07,4.133987929908560961e+07
3.816351640989518730e-07,1.994980935607012361e+07
3.812232352824515575e-07,2.496586163889224175e+06
9.820719968339136176e-07,1.037335783055515261e+06
9.751363331543253477e-07,1.062104218275194755e+06
1.050374441385626219e-06,1.008131920254419907e+06
6.391748657246464713e-07,1.715635183225504123e+06
1.004965790958873172e-06,1.061020300666587194e+06
8.140449024420479628e-07,1.347124487069569994e+06
7.514082649562066324e-07,1.427612554905382684e+06
1.072651904369504502e-06,1.083331824936086079e+06
3.361955065662559873e-07,1.674570122055603890e+06
6.086680111678269737e-07,1.215492044184674509e+06
5.725773162453502010e-07,1.344589539550193213e+07
3.209425147241686754e-07,2.220929043707831763e+06
6.391748657246464713e-07,1.715635183225504123e+06
8.140449024420479628e-07,1.347124487069569994e+06
8.703466889281175166e-07,1.351685601165245520e+06
4.925440005090041141e-07,2.362154152058965527e+06
7.889307811795270832e-07,1.739215396073257085e+06
8.354100121763012042e-07,1.638560120489092544e+06
2.808765609895349378e-07,5.111020191806918941e+06
1.328106615695083285e-06,1.056255409103061305e+06
1.417236831006777583e-06,1.171741079786650604e+06
3.361955065662559873e-07,1.674570122055603890e+06
5.252471160428187749e-07,1.126357813640906243e+06
3.209425147241686754e-07,2.220929043707831763e+06
5.931784751890795074e-07,1.643611693119534058e+06
5.326220371741240253e-07,1.665788000056667952e+06
4.677769318655006560e-07,2.302716802141874097e+06
4.457024413234691651e-07,2.409979300279793330e+06
4.913568899999576171e-07,2.205559338430574629e+06
5.221447334756698859e-07,2.021076586359171895e+06
4.865897338623287236e-07,2.419418971537102945e+06
4.712844868922856190e-07,2.466718692912584636e+06
4.861862475742478852e-08,9.935605692765235901e+06
2.363629991074830084e-07,2.144122328548119869e+06
2.745851804059527801e-07,2.434396071821668651e+06
1.988373199269620084e-07,3.911538423672523815e+06
5.526239639388867987e-07,1.823594049026439665e+06
6.516046284627793006e-07,1.766246237888688222e+06
8.635654220660777941e-07,1.592882130678625777e+06
8.639228113712669838e-07,1.676262673141288338e+06
1.505002867180192827e-06,1.172948186705942266e+06
3.633015622419008363e-07,6.113380469667653553e+06
2.510246346440941319e-07,2.079365862348571420e+06
3.815296502750369483e-07,1.212032885682230582e+06
1.024350546092286840e-06,9.315791159756630659e+05
9.232347088371880102e-07,1.022618567013865220e+06
9.397024994564152760e-07,1.042668236890584230e+06
1.209838100973140883e-06,7.997892225086299004e+05
5.280716519366584000e-07,1.997086213399869855e+06
6.742134650658198296e-07,1.622477732433894882e+06
1.060306249191799754e-06,1.055330499326425605e+06
1.116950145802200714e-06,9.914418856158246053e+05
2.317384964180111892e-07,3.940178901788674295e+07
4.835872792536003217e-07,1.245395872683645692e+06
3.124985267395214631e-07,7.179410845520093106e+06
1.369382249981490748e-07,6.885826853093949147e+06
9.076644803854444749e-07,1.214498233975793468e+06
7.926724887086550696e-07,1.425467294592189137e+06
7.840858271706260838e-07,1.377478152100738836e+06
7.658859931569967703e-07,1.637351479879307095e+06
6.911056957778213028e-07,1.980671387720875675e+06
1.290910356056739645e-06,1.214822844312892761e+06
1.305592935739897824e-06,1.209775017079460202e+06
1.537896625792048928e-06,1.082208188958985964e+06
2.157038015245748925e-07,2.676598269013266079e+06
3.124985267395214631e-07,7.179410845520093106e+06
5.441112107225969401e-07,2.518732726841333322e+06
2.078691505884595782e-07,3.541579974488110747e+06
3.109536748222616821e-07,2.889017988474633079e+06
6.831644063871491463e-07,1.503600653190946672e+06
9.369095546126335330e-07,1.119167836419817526e+06
8.700264198404940077e-07,1.208059528526589973e+06
7.840858271706260838e-07,1.377478152100738836e+06
7.694990271812493468e-07,1.418124210103317630e+06
7.441378052907557290e-07,1.734440788576677674e+06
2.754293980209697419e-07,1.769695063917513238e+06
2.453003236855797456e-07,1.956688133791217580e+06
3.174996611983363301e-07,2.456252843388817273e+06
3.638514515865359466e-07,2.464363240463049617e+06
3.026156338263970345e-07,3.076230502019168809e+06
7.170514132533354006e-07,1.371746548726670910e+06
7.092481652225274556e-07,1.426414751939719077e+06
7.599046799203500556e-07,1.320821341606741538e+06
7.745040946792574073e-07,1.450075539414080791e+06
7.230975359650567859e-07,1.671380677842442179e+06
2.453003236855797456e-07,1.956688133791217580e+06
2.526861255539071841e-07,5.487295592678074725e+06
2.690002023372127415e-07,3.094484476719060447e+06
4.073266110432802835e-07,2.249127477695950773e+06
2.464952371906386059e-07,4.125504305071917828e+06
2.738561125527002973e-07,3.653333765631655697e+06
4.566508871276358919e-07,2.208683297808113508e+06
6.279846697607117519e-07,1.687080153733760817e+06
5.710143339347286214e-07,1.881995662860383745e+06
4.582631135057111662e-07,2.405717070133126341e+06
2.770285334624711073e-07,7.196819789463788271e+06
2.009107605723062757e-07,4.416273670151644945e+07
2.526861255539071841e-07,5.487295592678074725e+06
4.416443089616789489e-07,1.461651484691060847e+06
3.936457006346575413e-07,2.424604389800151344e+06
4.690987342281504405e-07,2.055214679563747253e+06
5.710143339347286214e-07,1.881995662860383745e+06
6.279846697607117519e-07,1.687080153733760817e+06
7.004807370852309001e-07,1.689503137923652772e+06
6.217975154310320990e-07,2.026732698291191366e+06
7.882986831194465994e-07,1.612517441680442542e+06
7.589555223051881645e-07,1.687821734008820262e+06
1.967275747486884545e-07,4.429611470504517853e+07
4.545146435660801846e-07,1.468967870948166121e+06
5.222316386582209896e-07,1.265008410381124588e+06
8.862022975343195555e-07,9.474030088746112306e+05
2.553828104333544207e-07,3.284141759114799090e+06
2.293793107081384086e-07,4.107278448845343199e+06
9.013913580332362523e-07,1.102275659363521496e+06
3.736309622955797042e-07,2.923132822739261668e+06
7.004807370852309001e-07,1.689503137923652772e+06
7.589555223051881645e-07,1.687821734008820262e+06
5.456034468992837845e-07,2.451211929255277384e+06
4.255164822325712771e-07,3.880929378702548798e+06
4.851517017233895920e-07,2.328424551803916320e+07
5.862645030234120828e-07,1.984959700142510235e+07
2.850814281076664118e-07,2.817778655726706143e+06
7.235528002263848379e-07,1.170576428000930464e+06
9.013913580332362523e-07,1.102275659363521496e+06
1.066256625972262487e-06,1.223486173505019397e+06
9.925579343246849987e-07,1.307714598847705172e+06
1.661075493530990348e-06,8.430641572948043467e+05
8.417815627591432860e-07,1.751103292793414090e+06
1.795794069714649114e-06,9.244515970837085042e+05
5.238148101949710047e-07,1.402272882591034751e+06
6.863879882524057080e-07,9.879475506768261548e+05
3.644245245801325244e-07,2.348740570565355476e+06
5.745612935833278306e-07,1.460168360956539400e+06
1.072447583660998272e-06,8.956786359767739195e+05
4.318092010489965283e-07,2.219282611369195860e+06
5.143591504107896399e-07,1.887083695254649734e+06
1.226497250593836596e-06,8.267186430300690699e+05
1.211857159387501392e-06,8.876670589215118671e+05
1.287641836628592571e-06,8.283380485451376298e+05
4.650716741753743128e-08,2.337853524662055075e+07
1.890647064645810261e-07,2.391972777964359615e+06
2.380635877750485843e-07,2.087216942571163177e+06
3.146769214766211619e-07,2.321637439919390250e+06
3.183280664013334132e-07,3.605037118348144460e+06
2.236637200468891502e-07,5.308186268846433610e+06
4.466371353428465027e-07,2.622317490557521116e+06
4.650716741753743128e-08,2.337853524662055075e+07
3.819543940974946106e-07,3.039494159592070617e+06
2.184500049466284993e-07,6.064969924422238022e+06
6.592886605729801281e-07,2.248846597681412939e+06
7.583088277005702027e-07,2.194867840872540604e+06
7.229223418960317247e-07,2.310504931097368710e+06
1.890647064645810261e-07,2.391972777964359615e+06
2.380635877750485843e-07,2.087216942571163177e+06
2.689585066698525818e-07,3.105622270017783623e+06
2.652053116341105841e-07,3.411188811386427376e+06
3.360188472314427137e-07,2.623378671763306949e+06
4.204974927205925222e-07,2.172326139090811368e+06
4.181527687576389473e-07,2.278728305598294362e+06
6.189735127290845334e-07,1.853397966308055446e+06
3.559449761850569998e-07,3.442010376920349896e+06
5.706976001378039731e-07,2.219143841115813702e+06
1.609935598136353718e-07,1.396700581629972160e+07
1.683342867941293958e-07,3.043676403973660432e+06
2.332683065726522077e-07,4.305055560020838864e+06
4.140648789565810979e-07,2.441080935195473954e+06
3.605457261822225586e-07,3.009869521215067711e+06
4.596057007732644673e-07,2.454177464100640267e+06
5.090532705111316813e-07,2.287500304633654188e+06
3.739554126271283990e-07,3.083235083021241240e+06
4.026018462787410114e-07,3.039575995130262338e+06
5.358946031675491897e-07,2.493481099514211528e+06
4.996097224337389527e-07,2.818339307169787120e+06
6.439885044526296423e-07,2.302159917630271520e+06
1.583999489206646600e-07,1.267883358849447407e+07
1.768380042460458654e-07,5.339120554715180397e+07
1.930963299195506669e-07,3.193223619886601809e+06
2.816970076408060838e-07,2.847713183129227720e+06
2.661255602563599235e-07,3.007376697130613960e+06
4.322591746711192941e-07,1.921407380178887164e+06
3.914088809664541597e-07,5.465270296962959692e+06
4.422635887939700223e-07,2.253130484923128039e+06
5.224082926491456977e-07,2.032168026689654915e+06
3.974213592260278047e-07,1.518045891031941865e+06
1.876946058865559916e-07,5.399986580295577645e+07
3.556826736533751438e-07,1.825132944054812426e+06
3.646518802916797823e-07,3.064310048166438192e+07
2.661255602563599235e-07,3.007376697130613960e+06
2.816970076408060838e-07,2.847713183129227720e+06
4.060843014281670338e-07,2.104247259056756739e+06
4.511971150749109921e-07,2.099660744950158056e+06
2.817781354673666120e-07,3.687181976877145004e+06
2.544078825839511374e-07,4.333541194133362733e+06
1.850321291981182570e-07,3.756491194535196759e+06
3.556826736533751438e-07,1.825132944054812426e+06
3.106549484929534766e-07,2.362416349592291284e+06
3.211407026889604340e-07,2.911525613567174878e+06
4.190487251168546181e-07,2.293463961978022009e+06
3.668447453995317581e-07,2.777005854499331675e+06
2.817781354673666120e-07,3.687181976877145004e+06
4.696235760580787671e-07,2.253219760999789927e+06
4.591815694754741498e-07,2.316394538234982174e+06
3.670865753458522910e-07,3.010447602445139550e+06
2.544078825839511374e-07,4.333541194133362733e+06
1.825170523334862110e-07,1.153816995261373185e+07
1.497389002148170014e-07,5.327019537267341465e+07
1.103478448723383144e-07,6.298805979834335856e+06
3.245660009028348916e-07,2.719468300940003712e+06
1.706058882842895389e-07,5.170047186052468605e+06
2.162414075034996818e-07,3.845068531500867102e+06
2.921899066943183077e-07,3.374174817736194935e+06
2.201128970204409471e-07,5.778708889614742249e+06
3.498405431666408406e-07,3.511410097703641746e+06
2.469988108361171272e-07,5.282457582079377025e+06
3.363563260689704940e-07,3.796899316516970750e+06
3.416445354191407746e-07,4.237954405389836058e+06
5.266567526597094960e-07,2.818165442619616631e+06
6.393788861318113836e-07,2.450272820324603468e+06
1.423463972288509187e-07,6.497688188288024813e+07
1.103478448723383144e-07,6.298805979834335856e+06
3.479648949946215217e-07,2.035896970537682064e+06
3.165829114422290905e-07,2.575405423366084229e+06
2.745303315409356684e-07,3.749195100354584400e+06
2.162414075034996818e-07,3.845068531500867102e+06
5.415817660828534377e-07,2.130755841642425861e+06
4.832306776805622673e-07,2.419034780821292195e+06
3.908891478909563215e-07,3.096002007490098476e+06
3.800475051539825634e-07,3.357494880343651399e+06
4.600183813510719849e-07,2.821489374847596511e+06
7.661658146566992905e-07,2.167590085478954017e+06
5.500216133961328240e-07,1.019098238876916002e+06
4.160459886739335338e-07,1.479904039337220369e+06
4.009686146710826823e-07,2.158133032337558456e+06
3.263804922947087818e-07,3.107861215268270578e+06
5.860545254887762197e-07,1.622282702551071532e+06
4.743246547097069063e-07,2.156236009490706027e+06
5.718445566620437313e-07,1.767704949831544887e+06
7.116690591193429127e-07,1.421371687070425600e+06
6.847914712595373225e-07,1.793359797717687907e+06
9.047231287646517226e-07,1.483140691018978832e+06
1.005224522966658500e-06,1.562427488985718694e+06
2.883902949458394047e-07,5.599930944774677046e+06
5.056557983224585015e-07,1.670195783652867889e+06
6.015974701473207558e-07,1.279485166161049623e+06
5.527997245773577523e-07,1.475862192431180738e+06
8.051724634531564763e-07,9.780396960869041504e+05
4.626116051673631059e-07,1.975843173957044492e+06
6.055908012818076025e-07,1.506268034101602854e+06
8.144426863265250950e-07,1.182948719250073656e+06
7.252274840484047781e-07,1.377300605210842565e+06
7.594635552063926313e-07,1.464412004884077003e+06
7.738045506516798279e-07,1.432627384081735043e+06
4.515966668829070259e-08,3.210725929759190604e+07
1.098705745231550584e-07,2.123092080386625975e+07
2.597979925395161589e-07,4.262598854264575988e+07
5.703170258046697546e-07,1.376293120786331361e+06
4.626116051673631059e-07,1.975843173957044492e+06
5.670805492278659441e-07,1.600354146410968387e+06
5.566580967422002701e-07,1.818118259975573514e+06
7.252274840484047781e-07,1.377300605210842565e+06
4.796865779015508995e-07,2.163746499509487767e+06
5.726855166238324748e-07,1.900177850050563924e+06
7.594635552063926313e-07,1.464412004884077003e+06
6.624570295342463247e-07,1.669314897166243754e+06
7.738045506516798279e-07,1.432627384081735043e+06
4.515966668829070259e-08,3.210725929759190604e+07
1.952883054376555341e-07,2.556794607317258604e+06
2.860717834775251233e-07,3.292234589925590530e+07
3.778938265727301811e-07,2.824332272995799314e+06
4.796865779015508995e-07,2.163746499509487767e+06
5.566580967422002701e-07,1.818118259975573514e+06
6.106375584485948988e-07,1.733870256463949801e+06
5.451623662789844351e-07,2.095330176380223362e+06
4.238943310765385392e-07,2.692064351343700662e+06
5.028085966072086208e-07,2.305234835476394277e+06
4.591068101704542189e-07,2.632763659703792073e+06
8.006925236561317308e-07,1.577439575582638150e+06
4.543906258617184589e-07,1.328792518768508919e+06
3.460560504881534864e-07,3.638053326016867068e+06
1.801110545424395036e-07,4.724526308907255530e+06
1.940950789450966882e-07,3.987020401024293620e+06
5.133474333735775617e-07,1.940057024775196332e+06
4.447713864386754286e-07,2.131488479098771699e+06
8.433253049960707571e-07,1.181186006887928583e+06
3.737061019836384179e-07,2.730351868931094650e+06
7.284510361750356933e-07,1.495227136089485604e+06
6.106375584485948988e-07,1.733870256463949801e+06
8.933969879888308900e-07,1.232513872944945469e+06
4.223551390740593468e-07,1.279016225657962728e+06
4.812095628970220839e-07,1.831817031524815131e+06
5.945027701101334201e-07,1.429341463615807937e+06
6.680665635987293141e-07,1.271107375040303916e+06
3.346436026994800470e-07,2.715245850809350610e+06
4.447713864386754286e-07,2.131488479098771699e+06
8.223246704143049578e-07,1.271762950480716070e+06
6.544711456185664374e-07,1.631771735810250044e+06
7.284510361750356933e-07,1.495227136089485604e+06
8.933969879888308900e-07,1.232513872944945469e+06
6.431279863596638633e-07,1.739720341808364494e+06
4.223551390740593468e-07,1.279016225657962728e+06
6.830087458360485444e-07,9.270878835895019583e+05
6.888622111019870175e-07,1.281264039851716487e+06
7.302867011715573721e-07,1.231493643989372067e+06
7.395541782358892426e-07,1.222085529336344218e+06
5.697984783286085674e-07,1.785312133922158275e+06
7.142468279316833133e-07,1.363173555924582295e+06
6.171881423920737302e-07,1.626611784443174256e+06
3.939379851998113552e-07,2.865134676783523057e+06
6.431279863596638633e-07,1.739720341808364494e+06
7.703753007307343088e-07,1.735974001905030338e+06
2.806791855500990932e-07,2.813079689504776523e+07
7.114920912196544784e-07,1.317185447845145594e+06
7.337108333452197930e-07,1.271654946365579730e+06
4.739467538083428706e-07,2.406105138014662080e+06
5.392305857012965310e-07,1.909570514193059411e+06
5.546240229860083470e-07,1.939421175119399326e+06
5.775760723391913853e-07,1.843483639857287752e+06
5.857648883496538989e-07,1.897989296654372243e+06
6.224794931599374096e-07,1.840855583688297309e+06
5.865647446798788661e-07,2.019122849121658597e+06
1.267680893111442209e-06,1.104417160451604519e+06
1.036106069750548072e-06,1.428667913053832715e+06
2.806791855500990932e-07,2.813079689504776523e+07
5.253758913810421990e-07,1.097601857248311862e+06
7.180352570811918564e-07,1.373957269629578339e+06
1.118552834385459473e-06,9.117999134459024062e+05
5.392305857012965310e-07,1.909570514193059411e+06
1.048855528633643180e-06,1.024085279169767280e+06
5.775760723391913853e-07,1.843483639857287752e+06
8.147622841963849046e-07,1.287331097617032472e+06
5.521355045299521083e-07,2.282987727293161675e+06
8.283089533351274712e-07,1.477859642355585704e+06
1.226504004800284931e-06,1.209199901665443555e+06
1.339173014168563601e-07,1.707693742420022562e+07
2.278583910254424777e-07,3.696414706935508549e+07
5.124290827353296255e-07,1.084355348858474521e+06
3.587826531849219857e-07,1.792402150052773301e+06
4.368219776605461914e-07,2.605222540456335992e+07
5.044896514503260633e-07,1.774805563980944455e+06
7.180352570811918564e-07,1.373957269629578339e+06
8.147622841963849046e-07,1.287331097617032472e+06
8.867970419616952543e-07,1.475656066196921049e+06
7.987440412981266513e-07,1.735401871985998470e+06
7.016588463401532847e-07,2.055501398428164888e+06
1.550614159516016110e-06,1.070694500343961874e+06
2.278583910254424777e-07,3.696414706935508549e+07
3.483660515107543131e-07,1.773782607079800451e+06
7.063194349768420163e-07,1.472806873890536837e+06
7.682400499048215796e-07,1.334175395900779869e+06
4.435757462709378144e-07,2.424748415660117753e+06
5.682041118316126092e-07,1.864664457898074528e+06
5.105782445136819590e-07,2.105043922333952039e+06
4.847803026754779787e-07,2.315336981002334505e+06
4.756408120473984519e-07,2.336755855939552654e+06
5.131938401021032686e-07,2.271234139695339836e+06
8.344963285236101805e-07,1.681786178678577533e+06
2.818625792999164687e-07,5.807448616724359803e+06
4.298940242418846368e-07,1.382839710824987618e+06
4.551268686735021484e-07,1.347299892803135095e+06
8.913016583969756752e-07,8.124069783654414350e+05
5.943656537390667415e-07,1.464638892919532955e+06
6.361992187701127882e-07,1.356343202743270900e+06
5.427507680133395442e-07,1.876188142405409832e+06
5.667510528326733240e-07,1.885231069644970819e+06
5.105782445136819590e-07,2.105043922333952039e+06
7.046012378389519719e-07,1.513872123825240182e+06
5.585035351362655157e-07,1.999567871134941000e+06
9.512400432237562306e-07,1.265177616646446986e+06
6.174287602188770647e-07,8.558878041574438103e+05
4.551268686735021484e-07,1.347299892803135095e+06
4.457923012975547921e-07,2.057034944792335387e+06
7.734368797320950533e-07,1.249721248359583784e+06
6.975279985634987434e-07,1.406970551465110853e+06
9.514378494596742795e-07,1.085595992855424993e+06
1.007144348310251228e-06,1.022891694140610518e+06
9.976820987236230638e-07,1.073534627330665942e+06
1.248304157582715171e-06,9.702455247861823300e+05
8.216663107071111313e-07,1.489389503208048409e+06
6.986058579551892473e-07,1.765032837275379337e+06
1.254814208244189344e-06,1.181505511146537960e+06
3.713918754095775583e-07,1.282687433083341224e+06
9.954466543710460339e-07,9.304061571230095578e+05
8.805868628326450055e-07,1.069075527292025276e+06
1.044757839272968215e-06,9.423829612130414462e+05
7.186759343274341861e-07,1.394644851375757717e+06
9.514378494596742795e-07,1.085595992855424993e+06
1.021979132218160348e-06,9.994537757352540502e+05
8.718189053635320677e-07,1.158307806312467670e+06
1.032668998034145235e-06,1.036220009902326739e+06
1.026313840399310220e-06,1.036526675838243798e+06
9.976820987236230638e-07,1.073534627330665942e+06
2.222685592140355693e-07,1.009431374440785125e+07
3.881608965540197107e-07,1.280006737120991107e+06
1.959154870721448773e-07,2.498649666775824036e+06
3.783396535674628908e-07,2.112129848633242305e+06
4.233128214927415244e-07,2.120579008377490565e+06
5.751672757676098404e-07,1.783097976941717090e+06
5.493484987750347597e-07,2.060629284510215977e+06
6.399872032791539689e-07,2.570043449699918274e+06
8.588133246583812262e-07,1.445160211493091425e+06
5.096655730330095278e-07,2.619530999904211145e+06
7.124268985086360897e-07,1.816407170355483191e+06
1.142228014577695555e-06,1.372123536654225783e+06
1.423578959957407510e-06,1.166966050969145261e+06
3.483411901163829456e-07,1.710388144351930823e+06
2.041408705628063629e-07,2.525048992250882555e+06
3.783396535674628908e-07,2.112129848633242305e+06
3.191988066169176629e-07,2.242146244156608358e+06
4.233128214927415244e-07,2.120579008377490565e+06
9.955322000110681345e-07,9.076358850918061798e+05
5.493484987750347597e-07,2.060629284510215977e+06
6.340811154345655871e-07,1.745438114974620519e+06
5.610170489821903044e-07,2.601992731663924176e+06
6.644533000025567198e-07,2.165900335706077050e+06
1.090342950262947524e-06,1.523051686285763979e+06
4.717739073265685036e-07,1.983628759718383104e+07
3.597596998806621207e-07,1.882870260002261726e+06
9.254251723833747404e-07,1.016946733612671378e+06
9.668712060223025451e-07,9.738024124217130011e+05
1.026795251621433015e-06,9.512929243373429636e+05
1.116432289047322186e-06,8.838335375907394337e+05
1.044944384884327179e-06,9.295656245807157829e+05
9.484485758466317896e-07,1.038486715505453059e+06
9.020996695456914223e-07,1.058271710080912337e+06
1.135992416660105930e-06,9.007166162125749979e+05
5.659419734518942555e-07,9.070277305936374469e+05
7.104394196106016575e-07,7.862086943659442477e+05
1.026795251621433015e-06,9.512929243373429636e+05
1.116432289047322186e-06,8.838335375907394337e+05
9.484485758466317896e-07,1.038486715505453059e+06
1.135992416660105930e-06,9.007166162125749979e+05
8.684637147324638086e-07,1.181775610454449197e+06
9.296525177917110961e-07,1.088476100257867016e+06
1.015708499728576543e-06,9.994092837587076938e+05
7.803537078010098059e-07,1.426427154798004776e+06
8.495696317036363456e-07,1.295693324486414902e+06
4.432573490715517636e-07,1.240966342246664921e+06
4.842519954502348532e-07,1.177942988706940319e+06
4.740007226550066684e-07,2.140963018652533181e+06
5.896650488400519087e-07,1.779172669365212787e+06
4.424015632161008121e-07,2.418681941069544293e+06
7.803537078010098059e-07,1.426427154798004776e+06
8.495696317036363456e-07,1.295693324486414902e+06
4.660391562727875084e-07,2.437323855372449383e+06
8.663672023589674905e-07,1.285505260483620223e+06
5.977579131248118138e-07,1.879140216939585051e+06
6.798973848551758786e-07,1.702171538906226866e+06
6.425257189114696041e-07,1.820016157994167181e+06
4.880043453364037020e-07,1.006777419096468715e+06
4.432573490715517636e-07,1.240966342246664921e+06
4.842519954502348532e-07,1.177942988706940319e+06
6.493253006012633223e-07,1.257014243846928701e+06
9.254712795913100696e-07,1.113942595965478569e+06
6.457728594674134661e-07,1.582662102750072023e+06
9.968878389028141637e-07,1.061041715702083427e+06
6.571487056923492651e-07,1.683876086137506878e+06
8.556567553060842045e-07,1.505540911822524387e+06
6.156482708863054792e-07,2.149177058773938101e+06
1.302907178294413239e-06,1.203672119499677094e+06
3.174665717095145530e-07,2.322423104221690912e+06
2.347081389566537385e-07,1.947498974195136130e+07
5.042428892612174619e-07,1.693340812998969341e+06
6.296532086403540166e-07,1.404479842937207781e+06
7.000559771219506699e-07,1.437569266510322224e+06
8.890906973877617469e-07,1.213508151566888206e+06
1.077089393983055838e-06,9.751703534251602832e+05
6.575664080051416731e-07,1.911875052676850231e+06
7.644821980374631618e-07,1.700232347031464102e+06
1.316217767263789316e-06,1.190461389838714851e+06
2.237549347880312589e-07,2.601262708509965800e+06
2.102684373268136446e-07,4.588900289623971283e+07
1.087256495007868434e-07,7.029423755514843389e+06
2.487031259411024714e-07,3.094696967082647607e+06
4.740833517163231111e-07,1.937747671298827510e+06
1.984156811555531032e-07,4.069270958141865209e+06
4.220060801734381216e-07,2.254786336994411889e+06
5.308189651993071061e-07,1.997165477076648967e+06
4.726902422650641482e-07,2.379836209038806148e+06
4.724241881949959207e-07,2.403092609270745888e+06
8.843410461631678466e-07,1.579658879137087381e+06
9.593726662374674371e-08,7.267618583072658628e+06
2.410266443772422537e-07,2.981536140864812769e+06
4.841801524992820428e-07,1.715780789998134598e+06
6.054670283702068671e-07,1.387302491346844239e+06
5.308189651993071061e-07,1.997165477076648967e+06
4.726902422650641482e-07,2.379836209038806148e+06
6.005285320207354327e-07,1.880329959373475285e+06
6.622630394965453927e-07,1.678614511208328418e+06
4.238107849774064251e-07,2.942302662638493814e+06
4.841549618281572952e-07,2.683105794024046976e+06
4.956317408624647334e-07,2.646066176177078392e+06
7.389230655808520523e-07,1.897057972314365441e+06
8.723299639422044589e-07,1.695605296960910782e+06
1.118505418448039695e-07,9.180492986279973760e+06
3.943912342477366522e-07,2.840270148569838330e+07
3.254677922996873503e-07,3.187374636630731169e+06
5.408906140634228875e-07,2.060213487038121093e+06
6.005285320207354327e-07,1.880329959373475285e+06
6.622630394965453927e-07,1.678614511208328418e+06
5.395444541418115096e-07,2.028659533129238058e+06
4.283205120572118521e-07,2.531620305893326178e+06
5.403493281347995120e-07,2.057675929456724552e+06
5.548049969668974094e-07,2.004631572715855204e+06
6.580012558314347186e-07,1.772162010564296041e+06
5.440340234165920491e-07,2.138367995712940581e+06
1.517010085117288858e-07,1.103198750999243930e+07
2.891372109133628245e-07,1.909862295589208370e+06
1.118505418448039695e-07,9.180492986279973760e+06
4.934183803399361132e-07,1.986051964370823000e+06
3.254677922996873503e-07,3.187374636630731169e+06
5.317380431744858924e-07,1.888449876891550142e+06
3.969548017869242759e-07,2.692339071561149321e+06
5.403493281347995120e-07,2.057675929456724552e+06
4.283205120572118521e-07,2.531620305893326178e+06
4.312417351762108409e-07,2.563503438963526860e+06
5.440340234165920491e-07,2.138367995712940581e+06
6.580951795210800365e-07,2.105469720922809094e+06
1.241806606488308509e-06,1.335548912214720622e+06
2.523967145552397336e-07,7.801452717588335276e+06
5.423030167996408325e-07,8.715584752790539060e+05
4.416239965283141393e-07,1.171036269507851917e+06
3.310543007635342101e-07,2.606423814845504705e+06
1.130965843471685467e-06,8.661575251297777286e+05
1.153358481172367706e-06,8.453083845225522527e+05
1.183678093527078361e-06,8.577515240310771624e+05
9.629844144188265931e-07,1.159612110109864501e+06
9.339950546422212581e-07,1.182084949272976723e+06
8.234523714906185857e-07,1.368963438818426104e+06
1.045433515779590176e-06,1.072270424937249394e+06
1.246205373324926217e-06,1.020260686686982168e+06
5.841276976142710865e-07,9.470109355177236721e+05
4.944952202760223213e-07,1.274352385336876381e+06
8.910289933092707396e-07,1.129437924500166671e+06
5.969815035440403570e-07,1.631520210158561356e+06
1.036878297838993249e-06,9.788789021180722630e+05
6.525577861018302782e-07,1.685226158628381044e+07
5.775337868004510385e-07,1.840459214549034368e+06
9.885402779185685146e-07,1.191660192768882029e+06
1.061568503207789800e-06,1.102244557889439166e+06
1.565122831180425404e-06,8.968955284993629903e+05
1.508923543798897153e-06,9.293833879462642362e+05
5.320774073539886753e-07,2.714284478562113363e+06
6.836075162883507217e-07,2.237119494494999293e+06
5.841276976142710865e-07,9.470109355177236721e+05
4.944952202760223213e-07,1.274352385336876381e+06
4.820388921135094539e-07,5.061263849489236251e+06
6.284191601962301462e-07,1.421672569666512543e+06
5.413593216528917751e-07,1.865213357319767587e+06
7.186896222729584226e-07,1.398161196225904860e+06
6.375116805213886444e-07,1.670197248314333148e+06
9.261657083585907987e-07,1.171171054797585122e+06
1.059390592090704671e-06,1.090595516824483639e+06
9.469032494900880972e-07,1.236881113133838866e+06
8.872185934447086601e-07,1.536574387020775815e+06
1.446511271621814674e-06,1.083043901154409163e+06
6.747838118484957915e-07,1.131487521314349258e+06
5.395289330830711765e-07,1.509188736720123561e+06
6.815056343968507752e-07,1.324065178845605114e+06
1.028452404193640533e-06,9.554081766368898097e+05
9.985560503023205454e-07,9.911012654083253583e+05
8.199609141320452087e-07,1.236113351443160092e+06
1.040458614505243337e-06,9.815678018140876666e+05
9.478709907666397480e-07,1.088200816822834546e+06
6.037506662373686191e-07,1.843825376644392963e+06
1.063150389384319781e-06,1.041800555972170550e+06
9.469032494900880972e-07,1.236881113133838866e+06
1.059390592090704671e-06,1.090595516824483639e+06
