1.000000000000000000e+00,5.319393570402893845e-01,5.181687837001366370e-01,5.103879295754336631e-01,5.101051235350887447e-01,5.084151412284682037e-01
5.319393570402893845e-01,1.000000000000000000e+00,5.391746253090091701e-01,5.085148239967210992e-01,5.087766117804605193e-01,5.090805360499750520e-01
5.181687837001366370e-01,5.391746253090091701e-01,1.000000000000000000e+00,5.083988270962470635e-01,5.085552189011381952e-01,5.103013351398375530e-01
5.103879295754336631e-01,5.085148239967210992e-01,5.083988270962470635e-01,1.000000000000000000e+00,6.716602002953004913e-01,5.258924520263388303e-01
5.101051235350887447e-01,5.087766117804605193e-01,5.085552189011381952e-01,6.716602002953004913e-01,1.000000000000000000e+00,5.270830311753842423e-01
5.084151412284682037e-01,5.090805360499750520e-01,5.103013351398375530e-01,5.258924520263388303e-01,5.270830311753842423e-01,1.000000000000000000e+00
