1.000000000000000000e+00,5.374382018949656059e-01,5.239190688379548044e-01,5.144550871496368361e-01,5.103077542046189352e-01,5.091962214384376795e-01
5.374382018949656059e-01,1.000000000000000000e+00,5.497408301596790059e-01,5.106169828220877838e-01,5.113508264914198298e-01,5.093506092214504788e-01
5.239190688379548044e-01,5.497408301596790059e-01,1.000000000000000000e+00,5.092101765712065964e-01,5.104540187587468525e-01,5.105825488685904467e-01
5.144550871496368361e-01,5.106169828220877838e-01,5.092101765712065964e-01,1.000000000000000000e+00,5.279620117874554985e-01,5.230975073200035963e-01
5.103077542046189352e-01,5.113508264914198298e-01,5.104540187587468525e-01,5.279620117874554985e-01,1.000000000000000000e+00,5.388959407869415852e-01
5.091962214384376795e-01,5.093506092214504788e-01,5.105825488685904467e-01,5.230975073200035963e-01,5.388959407869415852e-01,1.000000000000000000e+00
