1.000000000000000000e+00,5.713223358011710884e-01,5.173398000044782119e-01,5.120484275757564152e-01,5.107020582803935005e-01,5.081478641024769205e-01
5.713223358011710884e-01,1.000000000000000000e+00,5.256452734682591776e-01,5.111829760768783482e-01,5.114804100907016648e-01,5.094279370658495454e-01
5.173398000044782119e-01,5.256452734682591776e-01,1.000000000000000000e+00,5.087502370298131460e-01,5.093614201959996146e-01,5.118653366541950911e-01
5.120484275757564152e-01,5.111829760768783482e-01,5.087502370298131460e-01,1.000000000000000000e+00,5.396993904169808953e-01,5.195459633818310108e-01
5.107020582803935005e-01,5.114804100907016648e-01,5.093614201959996146e-01,5.396993904169808953e-01,1.000000000000000000e+00,5.313833159890732905e-01
5.081478641024769205e-01,5.094279370658495454e-01,5.118653366541950911e-01,5.195459633818310108e-01,5.313833159890732905e-01,1.000000000000000000e+00
