1.000000000000000000e+00,5.633978888364544746e-01,5.154660915346419570e-01,5.089615142125557545e-01,5.101140680083539047e-01,5.068915320214033571e-01
5.633978888364544746e-01,1.000000000000000000e+00,5.265237021682672713e-01,5.090959913276565940e-01,5.103512670239865878e-01,5.080624801217289432e-01
5.154660915346419570e-01,5.265237021682672713e-01,1.000000000000000000e+00,5.083142141220858834e-01,5.136537162570219417e-01,5.150631116428919798e-01
5.089615142125557545e-01,5.090959913276565940e-01,5.083142141220858834e-01,1.000000000000000000e+00,5.341494727856904712e-01,5.163601180995037732e-01
5.101140680083539047e-01,5.103512670239865878e-01,5.136537162570219417e-01,5.341494727856904712e-01,1.000000000000000000e+00,5.146984880225481396e-01
5.068915320214033571e-01,5.080624801217289432e-01,5.150631116428919798e-01,5.163601180995037732e-01,5.146984880225481396e-01,1.000000000000000000e+00
