1.000000000000000000e+00,5.586607229829557708e-01,5.127320370247877568e-01,5.119960079236096639e-01,5.094033219471222340e-01,5.076655107948152557e-01
5.586607229829557708e-01,1.000000000000000000e+00,5.198812091716572548e-01,5.090946987918198996e-01,5.079956029595719125e-01,5.070248439243654204e-01
5.127320370247877568e-01,5.198812091716572548e-01,1.000000000000000000e+00,5.066104275535114887e-01,5.080112926379228844e-01,5.095113303125994308e-01
5.119960079236096639e-01,5.090946987918198996e-01,5.066104275535114887e-01,1.000000000000000000e+00,5.698669948003920460e-01,5.327245912726527033e-01
5.094033219471222340e-01,5.079956029595719125e-01,5.080112926379228844e-01,5.698669948003920460e-01,1.000000000000000000e+00,5.506786334076717582e-01
5.076655107948152557e-01,5.070248439243654204e-01,5.095113303125994308e-01,5.327245912726527033e-01,5.506786334076717582e-01,1.000000000000000000e+00
