1.000000000000000000e+00,5.323909162416484708e-01,5.168440133645193502e-01,5.106102186451899616e-01,5.081135632165741933e-01,5.078452508995285886e-01
5.323909162416484708e-01,1.000000000000000000e+00,5.417010221207047005e-01,5.076506082149493393e-01,5.076868243748210441e-01,5.066969684006147334e-01
5.168440133645193502e-01,5.417010221207047005e-01,1.000000000000000000e+00,5.067656200310215464e-01,5.086314825242940207e-01,5.081475956948086070e-01
5.106102186451899616e-01,5.076506082149493393e-01,5.067656200310215464e-01,1.000000000000000000e+00,5.244360625155336519e-01,5.266033400673069131e-01
5.081135632165741933e-01,5.076868243748210441e-01,5.086314825242940207e-01,5.244360625155336519e-01,1.000000000000000000e+00,5.738384681910155827e-01
5.078452508995285886e-01,5.066969684006147334e-01,5.081475956948086070e-01,5.266033400673069131e-01,5.738384681910155827e-01,1.000000000000000000e+00
