1.000000000000000000e+00,5.342183541805070046e-01,5.197688835806945074e-01,5.113100799173093680e-01,5.105966143481138753e-01,5.089244896463729351e-01
5.342183541805070046e-01,1.000000000000000000e+00,5.403070109367439366e-01,5.089356178120560958e-01,5.084660185693860024e-01,5.087300851031485438e-01
5.197688835806945074e-01,5.403070109367439366e-01,1.000000000000000000e+00,5.081315337938095977e-01,5.085921841653091580e-01,5.103544758695829353e-01
5.113100799173093680e-01,5.089356178120560958e-01,5.081315337938095977e-01,1.000000000000000000e+00,6.589702733699100978e-01,5.257203359168721724e-01
5.105966143481138753e-01,5.084660185693860024e-01,5.085921841653091580e-01,6.589702733699100978e-01,1.000000000000000000e+00,5.266166420712833363e-01
5.089244896463729351e-01,5.087300851031485438e-01,5.103544758695829353e-01,5.257203359168721724e-01,5.266166420712833363e-01,1.000000000000000000e+00
