1.000000000000000000e+00,5.331821816607122955e-01,5.279690061864391604e-01,5.119684833677664582e-01,5.090173939761281074e-01,5.082441767804005694e-01
5.331821816607122955e-01,1.000000000000000000e+00,5.396739961936248831e-01,5.107060935526774870e-01,5.108818439919263765e-01,5.080831960174460038e-01
5.279690061864391604e-01,5.396739961936248831e-01,1.000000000000000000e+00,5.086655216989817152e-01,5.091440476353595868e-01,5.084261421991352892e-01
5.119684833677664582e-01,5.107060935526774870e-01,5.086655216989817152e-01,1.000000000000000000e+00,5.291540286270955962e-01,5.191641710893998285e-01
5.090173939761281074e-01,5.108818439919263765e-01,5.091440476353595868e-01,5.291540286270955962e-01,1.000000000000000000e+00,5.296765693695003607e-01
5.082441767804005694e-01,5.080831960174460038e-01,5.084261421991352892e-01,5.191641710893998285e-01,5.296765693695003607e-01,1.000000000000000000e+00
