1.000000000000000000e+00,5.370336946382571197e-01,5.369877392498790813e-01,5.073048321515811754e-01,5.072353881546649568e-01,5.077776689720100434e-01
5.370336946382571197e-01,1.000000000000000000e+00,6.079548568846505630e-01,5.068369187938783771e-01,5.069730510015687530e-01,5.106282305215833484e-01
5.369877392498790813e-01,6.079548568846505630e-01,1.000000000000000000e+00,5.068708654317768403e-01,5.065767490977081122e-01,5.109303687660315951e-01
5.073048321515811754e-01,5.068369187938783771e-01,5.068708654317768403e-01,1.000000000000000000e+00,6.715808134115301975e-01,5.209959650133861864e-01
5.072353881546649568e-01,5.069730510015687530e-01,5.065767490977081122e-01,6.715808134115301975e-01,1.000000000000000000e+00,5.197902547844350796e-01
5.077776689720100434e-01,5.106282305215833484e-01,5.109303687660315951e-01,5.209959650133861864e-01,5.197902547844350796e-01,1.000000000000000000e+00
