1.000000000000000000e+00,6.184050358858309560e-01,6.051286199047881675e-01,5.065004863538572488e-01,5.067915422982026685e-01,5.062242793796366547e-01
6.184050358858309560e-01,1.000000000000000000e+00,6.624843101202736451e-01,5.064296194701051190e-01,5.072737338424488929e-01,5.067891959885640896e-01
6.051286199047881675e-01,6.624843101202736451e-01,1.000000000000000000e+00,5.063886949363699541e-01,5.072928597872629064e-01,5.065799650947157007e-01
5.065004863538572488e-01,5.064296194701051190e-01,5.063886949363699541e-01,1.000000000000000000e+00,5.761712495971024195e-01,5.640212295944080356e-01
5.067915422982026685e-01,5.072737338424488929e-01,5.072928597872629064e-01,5.761712495971024195e-01,1.000000000000000000e+00,5.770896669384367739e-01
5.062242793796366547e-01,5.067891959885640896e-01,5.065799650947157007e-01,5.640212295944080356e-01,5.770896669384367739e-01,1.000000000000000000e+00
