1.000000000000000000e+00,5.430160229156586471e-01,5.229680746898078825e-01,5.098691268013159084e-01,5.080467976147123865e-01,5.079225963932494370e-01
5.430160229156586471e-01,1.000000000000000000e+00,5.392398975580469100e-01,5.096469343341346603e-01,5.085431507589650568e-01,5.086227371413504228e-01
5.229680746898078825e-01,5.392398975580469100e-01,1.000000000000000000e+00,5.087481805299270965e-01,5.097891048595759589e-01,5.098080051806205271e-01
5.098691268013159084e-01,5.096469343341346603e-01,5.087481805299270965e-01,1.000000000000000000e+00,5.307172266689418327e-01,5.299127933191426498e-01
5.080467976147123865e-01,5.085431507589650568e-01,5.097891048595759589e-01,5.307172266689418327e-01,1.000000000000000000e+00,7.581650302880528214e-01
5.079225963932494370e-01,5.086227371413504228e-01,5.098080051806205271e-01,5.299127933191426498e-01,7.581650302880528214e-01,1.000000000000000000e+00
