1.000000000000000000e+00,5.398734729149684552e-01,5.200657423837987681e-01,5.099242423702817772e-01,5.088234508339531947e-01,5.077635720487729820e-01
5.398734729149684552e-01,1.000000000000000000e+00,5.336096899913103098e-01,5.085533258894173736e-01,5.091208230225882092e-01,5.077468884726550336e-01
5.200657423837987681e-01,5.336096899913103098e-01,1.000000000000000000e+00,5.079508506269004853e-01,5.090873216710550819e-01,5.099438703797933847e-01
5.099242423702817772e-01,5.085533258894173736e-01,5.079508506269004853e-01,1.000000000000000000e+00,5.344538933649233270e-01,5.231044367622611491e-01
5.088234508339531947e-01,5.091208230225882092e-01,5.090873216710550819e-01,5.344538933649233270e-01,1.000000000000000000e+00,5.404481771035425375e-01
5.077635720487729820e-01,5.077468884726550336e-01,5.099438703797933847e-01,5.231044367622611491e-01,5.404481771035425375e-01,1.000000000000000000e+00
