1.000000000000000000e+00,5.454134943705969407e-01,5.247925287731589616e-01,5.111147240067134279e-01,5.090034853186432562e-01,5.078061848639693343e-01
5.454134943705969407e-01,1.000000000000000000e+00,5.405297074927859491e-01,5.103115950288176217e-01,5.104443037647050652e-01,5.086224177224470955e-01
5.247925287731589616e-01,5.405297074927859491e-01,1.000000000000000000e+00,5.084161919250819173e-01,5.093679024335827643e-01,5.088241575899002944e-01
5.111147240067134279e-01,5.103115950288176217e-01,5.084161919250819173e-01,1.000000000000000000e+00,5.239333035427307106e-01,5.183907543306908172e-01
5.090034853186432562e-01,5.104443037647050652e-01,5.093679024335827643e-01,5.239333035427307106e-01,1.000000000000000000e+00,5.335522822178198066e-01
5.078061848639693343e-01,5.086224177224470955e-01,5.088241575899002944e-01,5.183907543306908172e-01,5.335522822178198066e-01,1.000000000000000000e+00
