1.000000000000000000e+00,5.303594532058345523e-01,5.175953193969603516e-01,5.108380747732753635e-01,5.082920736607623446e-01,5.082895251472434595e-01
5.303594532058345523e-01,1.000000000000000000e+00,5.412151240743569014e-01,5.081133058050639750e-01,5.079226551809982171e-01,5.075944484514999244e-01
5.175953193969603516e-01,5.412151240743569014e-01,1.000000000000000000e+00,5.075920556519143423e-01,5.086410454920707869e-01,5.079310422152824023e-01
5.108380747732753635e-01,5.081133058050639750e-01,5.075920556519143423e-01,1.000000000000000000e+00,5.293357936337849123e-01,5.304243810426404471e-01
5.082920736607623446e-01,5.079226551809982171e-01,5.086410454920707869e-01,5.293357936337849123e-01,1.000000000000000000e+00,5.827985642080255602e-01
5.082895251472434595e-01,5.075944484514999244e-01,5.079310422152824023e-01,5.304243810426404471e-01,5.827985642080255602e-01,1.000000000000000000e+00
