1.000000000000000000e+00,5.839053304514707499e-01,5.377212445242770533e-01,5.099204630292138996e-01,5.079831716014440168e-01,5.078999514450550645e-01
5.839053304514707499e-01,1.000000000000000000e+00,5.506766290355286086e-01,5.087693235894847898e-01,5.079163340705303842e-01,5.082192104862468529e-01
5.377212445242770533e-01,5.506766290355286086e-01,1.000000000000000000e+00,5.075154655886056076e-01,5.073245746425331104e-01,5.073800317889253231e-01
5.099204630292138996e-01,5.087693235894847898e-01,5.075154655886056076e-01,1.000000000000000000e+00,5.347923705607173783e-01,5.326811433938120066e-01
5.079831716014440168e-01,5.079163340705303842e-01,5.073245746425331104e-01,5.347923705607173783e-01,1.000000000000000000e+00,7.283034471838437662e-01
5.078999514450550645e-01,5.082192104862468529e-01,5.073800317889253231e-01,5.326811433938120066e-01,7.283034471838437662e-01,1.000000000000000000e+00
