1.000000000000000000e+00,5.249462795597732434e-01,5.240964613463215960e-01,5.139715708868787258e-01,5.094765211779959113e-01,5.080727224560966926e-01
5.249462795597732434e-01,1.000000000000000000e+00,8.215974871028809412e-01,5.088326362945307935e-01,5.113982860860624147e-01,5.112909934178123672e-01
5.240964613463215960e-01,8.215974871028809412e-01,1.000000000000000000e+00,5.088004290032125398e-01,5.108297301876504326e-01,5.115696385728168982e-01
5.139715708868787258e-01,5.088326362945307935e-01,5.088004290032125398e-01,1.000000000000000000e+00,5.227966216734705185e-01,5.158817473940072729e-01
5.094765211779959113e-01,5.113982860860624147e-01,5.108297301876504326e-01,5.227966216734705185e-01,1.000000000000000000e+00,5.392531287586833644e-01
5.080727224560966926e-01,5.112909934178123672e-01,5.115696385728168982e-01,5.158817473940072729e-01,5.392531287586833644e-01,1.000000000000000000e+00
