1.000000000000000000e+00,5.259467748525136210e-01,5.136439527138442207e-01,5.321185851676399903e-01,5.173941657554570472e-01,5.079179574788784679e-01
5.259467748525136210e-01,1.000000000000000000e+00,5.416664538573322529e-01,5.115869143108128236e-01,5.150609353841667515e-01,5.081852048467772054e-01
5.136439527138442207e-01,5.416664538573322529e-01,1.000000000000000000e+00,5.092832936309757974e-01,5.128546705565814046e-01,5.107821679033156537e-01
5.321185851676399903e-01,5.115869143108128236e-01,5.092832936309757974e-01,1.000000000000000000e+00,5.231445932946677813e-01,5.103633430680707406e-01
5.173941657554570472e-01,5.150609353841667515e-01,5.128546705565814046e-01,5.231445932946677813e-01,1.000000000000000000e+00,5.114760828792214165e-01
5.079179574788784679e-01,5.081852048467772054e-01,5.107821679033156537e-01,5.103633430680707406e-01,5.114760828792214165e-01,1.000000000000000000e+00
