1.000000000000000000e+00,5.566726525199596765e-01,5.564855541854017984e-01,5.082833161497813945e-01,5.072603166604380265e-01,5.070329766980374853e-01
5.566726525199596765e-01,1.000000000000000000e+00,5.640963053152195927e-01,5.101631874450986981e-01,5.102768167520250753e-01,5.070546608286409240e-01
5.564855541854017984e-01,5.640963053152195927e-01,1.000000000000000000e+00,5.079541837036387619e-01,5.077479294577718072e-01,5.075975954254381417e-01
5.082833161497813945e-01,5.101631874450986981e-01,5.079541837036387619e-01,1.000000000000000000e+00,5.561976322586472676e-01,5.215662016484111652e-01
5.072603166604380265e-01,5.102768167520250753e-01,5.077479294577718072e-01,5.561976322586472676e-01,1.000000000000000000e+00,5.339334121417299572e-01
5.070329766980374853e-01,5.070546608286409240e-01,5.075975954254381417e-01,5.215662016484111652e-01,5.339334121417299572e-01,1.000000000000000000e+00
