1.000000000000000000e+00,5.307673198870116460e-01,5.132810026932878023e-01,5.169489592918058429e-01,5.068023533832438643e-01,5.068754924430798336e-01
5.307673198870116460e-01,1.000000000000000000e+00,5.324222618833843734e-01,5.083705499438420095e-01,5.071993641080813076e-01,5.070783032090674380e-01
5.132810026932878023e-01,5.324222618833843734e-01,1.000000000000000000e+00,5.072960086816828973e-01,5.105269839217753125e-01,5.102774603695293676e-01
5.169489592918058429e-01,5.083705499438420095e-01,5.072960086816828973e-01,1.000000000000000000e+00,5.162951993605435774e-01,5.162248826093008836e-01
5.068023533832438643e-01,5.071993641080813076e-01,5.105269839217753125e-01,5.162951993605435774e-01,1.000000000000000000e+00,6.045351336544853016e-01
5.068754924430798336e-01,5.070783032090674380e-01,5.102774603695293676e-01,5.162248826093008836e-01,6.045351336544853016e-01,1.000000000000000000e+00
