1.000000000000000000e+00,5.602799071689351651e-01,5.237989546198877910e-01,5.098316672340293954e-01,5.075182686288647327e-01,5.073473090670802543e-01
5.602799071689351651e-01,1.000000000000000000e+00,5.408092424439043810e-01,5.090737724446340318e-01,5.075540957025490574e-01,5.074094403186139024e-01
5.237989546198877910e-01,5.408092424439043810e-01,1.000000000000000000e+00,5.072108985927540337e-01,5.086248997762330415e-01,5.086000780100053964e-01
5.098316672340293954e-01,5.090737724446340318e-01,5.072108985927540337e-01,1.000000000000000000e+00,5.226052971506729428e-01,5.215078743938897921e-01
5.075182686288647327e-01,5.075540957025490574e-01,5.086248997762330415e-01,5.226052971506729428e-01,1.000000000000000000e+00,7.797473228358460240e-01
5.073473090670802543e-01,5.074094403186139024e-01,5.086000780100053964e-01,5.215078743938897921e-01,7.797473228358460240e-01,1.000000000000000000e+00
