1.000000000000000000e+00,5.376509408935163936e-01,5.205304962283472392e-01,5.114456086101277776e-01,5.089699109336569549e-01,5.082526317146621730e-01
5.376509408935163936e-01,1.000000000000000000e+00,5.346006118062384127e-01,5.097089680873074791e-01,5.102260587484516163e-01,5.089342160149407102e-01
5.205304962283472392e-01,5.346006118062384127e-01,1.000000000000000000e+00,5.086004975006334083e-01,5.093858404075707336e-01,5.107789916648947104e-01
5.114456086101277776e-01,5.097089680873074791e-01,5.086004975006334083e-01,1.000000000000000000e+00,5.432327694583802824e-01,5.289710003639258584e-01
5.089699109336569549e-01,5.102260587484516163e-01,5.093858404075707336e-01,5.432327694583802824e-01,1.000000000000000000e+00,5.578361843118407881e-01
5.082526317146621730e-01,5.089342160149407102e-01,5.107789916648947104e-01,5.289710003639258584e-01,5.578361843118407881e-01,1.000000000000000000e+00
