1.000000000000000000e+00,5.454701572208345839e-01,5.129024247104054801e-01,5.098979368645865096e-01,5.091288356787243563e-01,5.071827337171425087e-01
5.454701572208345839e-01,1.000000000000000000e+00,5.211545144472488067e-01,5.089538680444670726e-01,5.096765389371309407e-01,5.083130600061346316e-01
5.129024247104054801e-01,5.211545144472488067e-01,1.000000000000000000e+00,5.082206633632962989e-01,5.094970004418809539e-01,5.104256238547500990e-01
5.098979368645865096e-01,5.089538680444670726e-01,5.082206633632962989e-01,1.000000000000000000e+00,5.650902297436791732e-01,5.321275492102769400e-01
5.091288356787243563e-01,5.096765389371309407e-01,5.094970004418809539e-01,5.650902297436791732e-01,1.000000000000000000e+00,5.468376382471701325e-01
5.071827337171425087e-01,5.083130600061346316e-01,5.104256238547500990e-01,5.321275492102769400e-01,5.468376382471701325e-01,1.000000000000000000e+00
