1.000000000000000000e+00,5.632782222264178795e-01,5.314608409866933281e-01,5.110388441154913863e-01,5.093123762919403719e-01,5.083072953131285709e-01
5.632782222264178795e-01,1.000000000000000000e+00,5.541233466524724260e-01,5.094415909393498199e-01,5.103562949723977615e-01,5.082185000366763461e-01
5.314608409866933281e-01,5.541233466524724260e-01,1.000000000000000000e+00,5.086232817496669778e-01,5.102420928443114345e-01,5.094762223430395753e-01
5.110388441154913863e-01,5.094415909393498199e-01,5.086232817496669778e-01,1.000000000000000000e+00,5.372352099381147994e-01,5.207811191483958657e-01
5.093123762919403719e-01,5.103562949723977615e-01,5.102420928443114345e-01,5.372352099381147994e-01,1.000000000000000000e+00,5.322198855300434017e-01
5.083072953131285709e-01,5.082185000366763461e-01,5.094762223430395753e-01,5.207811191483958657e-01,5.322198855300434017e-01,1.000000000000000000e+00
