1.000000000000000000e+00,5.390867960014448235e-01,5.204294251318007936e-01,5.105035489452677266e-01,5.075186653031656947e-01,5.074605578573042619e-01
5.390867960014448235e-01,1.000000000000000000e+00,5.469631310549906145e-01,5.085918983129859017e-01,5.077227014153780082e-01,5.078650901154786457e-01
5.204294251318007936e-01,5.469631310549906145e-01,1.000000000000000000e+00,5.075853917817945149e-01,5.097581150607292111e-01,5.099975277228921966e-01
5.105035489452677266e-01,5.085918983129859017e-01,5.075853917817945149e-01,1.000000000000000000e+00,5.315497022952019313e-01,5.279736581364706804e-01
5.075186653031656947e-01,5.077227014153780082e-01,5.097581150607292111e-01,5.315497022952019313e-01,1.000000000000000000e+00,6.325052265161714704e-01
5.074605578573042619e-01,5.078650901154786457e-01,5.099975277228921966e-01,5.279736581364706804e-01,6.325052265161714704e-01,1.000000000000000000e+00
