1.000000000000000000e+00,5.307536109522525969e-01,5.146570444963883828e-01,5.115778505926612540e-01,5.092618910538551091e-01,5.084783694662627918e-01
5.307536109522525969e-01,1.000000000000000000e+00,5.231272732369406375e-01,5.094811507352039470e-01,5.097298712173977675e-01,5.097455727452230301e-01
5.146570444963883828e-01,5.231272732369406375e-01,1.000000000000000000e+00,5.084069992486899281e-01,5.089062721116487387e-01,5.096541400985677983e-01
5.115778505926612540e-01,5.094811507352039470e-01,5.084069992486899281e-01,1.000000000000000000e+00,5.460449644180491724e-01,5.293783563077851806e-01
5.092618910538551091e-01,5.097298712173977675e-01,5.089062721116487387e-01,5.460449644180491724e-01,1.000000000000000000e+00,5.535857380951537676e-01
5.084783694662627918e-01,5.097455727452230301e-01,5.096541400985677983e-01,5.293783563077851806e-01,5.535857380951537676e-01,1.000000000000000000e+00
