1.000000000000000000e+00,5.371376626917981900e-01,5.167003492819498556e-01,5.104947262251352536e-01,5.086286628475281679e-01,5.074066154444817345e-01
5.371376626917981900e-01,1.000000000000000000e+00,5.299477940049376334e-01,5.083075501319829215e-01,5.089058119878526742e-01,5.083447947191909178e-01
5.167003492819498556e-01,5.299477940049376334e-01,1.000000000000000000e+00,5.075740397829374695e-01,5.092002756447098211e-01,5.106708094589880176e-01
5.104947262251352536e-01,5.083075501319829215e-01,5.075740397829374695e-01,1.000000000000000000e+00,5.303555905530475956e-01,5.278774930206043825e-01
5.086286628475281679e-01,5.089058119878526742e-01,5.092002756447098211e-01,5.303555905530475956e-01,1.000000000000000000e+00,6.054355326599750731e-01
5.074066154444817345e-01,5.083447947191909178e-01,5.106708094589880176e-01,5.278774930206043825e-01,6.054355326599750731e-01,1.000000000000000000e+00
