1.000000000000000000e+00,5.524479454351333141e-01,5.257593489747376392e-01,5.094711648106161617e-01,5.078702647338273479e-01,5.076986577503441733e-01
5.524479454351333141e-01,1.000000000000000000e+00,5.521806843092172956e-01,5.089695698619467468e-01,5.082895539432977783e-01,5.082848837048880020e-01
5.257593489747376392e-01,5.521806843092172956e-01,1.000000000000000000e+00,5.088583549241482151e-01,5.090785262387801380e-01,5.102298700523425490e-01
5.094711648106161617e-01,5.089695698619467468e-01,5.088583549241482151e-01,1.000000000000000000e+00,5.373132520270026413e-01,5.262280547830483490e-01
5.078702647338273479e-01,5.082895539432977783e-01,5.090785262387801380e-01,5.373132520270026413e-01,1.000000000000000000e+00,5.667067696191750992e-01
5.076986577503441733e-01,5.082848837048880020e-01,5.102298700523425490e-01,5.262280547830483490e-01,5.667067696191750992e-01,1.000000000000000000e+00
