1.000000000000000000e+00,5.380303307065754659e-01,5.182300444944335505e-01,5.103815509305672515e-01,5.095324530599684154e-01,5.079675779623230580e-01
5.380303307065754659e-01,1.000000000000000000e+00,5.269514835593636093e-01,5.091391856260659710e-01,5.097011685207033516e-01,5.079114054616109541e-01
5.182300444944335505e-01,5.269514835593636093e-01,1.000000000000000000e+00,5.091150907950342530e-01,5.089265620363861986e-01,5.094678835456378785e-01
5.103815509305672515e-01,5.091391856260659710e-01,5.091150907950342530e-01,1.000000000000000000e+00,5.271057780906941437e-01,5.227617019819935651e-01
5.095324530599684154e-01,5.097011685207033516e-01,5.089265620363861986e-01,5.271057780906941437e-01,1.000000000000000000e+00,5.352920671575200906e-01
5.079675779623230580e-01,5.079114054616109541e-01,5.094678835456378785e-01,5.227617019819935651e-01,5.352920671575200906e-01,1.000000000000000000e+00
