1.000000000000000000e+00,5.192581017269402022e-01,5.135975136908920158e-01,5.106824601096831007e-01,5.105705176526510458e-01,5.107900813481244251e-01
5.192581017269402022e-01,1.000000000000000000e+00,5.340456622375863160e-01,5.091638597951818612e-01,5.090113566463531081e-01,5.091247547940811469e-01
5.135975136908920158e-01,5.340456622375863160e-01,1.000000000000000000e+00,5.093957527843370192e-01,5.091887339209529850e-01,5.090026857219924761e-01
5.106824601096831007e-01,5.091638597951818612e-01,5.093957527843370192e-01,1.000000000000000000e+00,8.176465969090086494e-01,7.962501000317679933e-01
5.105705176526510458e-01,5.090113566463531081e-01,5.091887339209529850e-01,8.176465969090086494e-01,1.000000000000000000e+00,8.350275956468943273e-01
5.107900813481244251e-01,5.091247547940811469e-01,5.090026857219924761e-01,7.962501000317679933e-01,8.350275956468943273e-01,1.000000000000000000e+00
