1.000000000000000000e+00,7.519151265532529882e-01,5.277151256847327776e-01,5.089239109634419167e-01,5.085656025340234976e-01,5.084792917970116788e-01
7.519151265532529882e-01,1.000000000000000000e+00,5.292201176539766960e-01,5.089483510382363241e-01,5.086344179100620311e-01,5.084560220199990654e-01
5.277151256847327776e-01,5.292201176539766960e-01,1.000000000000000000e+00,5.082776989157057335e-01,5.094175395174832532e-01,5.098483559256695719e-01
5.089239109634419167e-01,5.089483510382363241e-01,5.082776989157057335e-01,1.000000000000000000e+00,5.249036443392450790e-01,5.241190770986801084e-01
5.085656025340234976e-01,5.086344179100620311e-01,5.094175395174832532e-01,5.249036443392450790e-01,1.000000000000000000e+00,7.471939002988233769e-01
5.084792917970116788e-01,5.084560220199990654e-01,5.098483559256695719e-01,5.241190770986801084e-01,7.471939002988233769e-01,1.000000000000000000e+00
