1.000000000000000000e+00,8.559239992848247658e-01,5.147704040825328287e-01,5.096069285351646494e-01,5.097778355280715434e-01,5.082767958109010165e-01
8.559239992848247658e-01,1.000000000000000000e+00,5.146093249600646180e-01,5.096139472081225863e-01,5.095808679571053323e-01,5.084843785382812120e-01
5.147704040825328287e-01,5.146093249600646180e-01,1.000000000000000000e+00,5.087964231101660406e-01,5.088832079531891983e-01,5.107519932884593272e-01
5.096069285351646494e-01,5.096139472081225863e-01,5.087964231101660406e-01,1.000000000000000000e+00,5.215893227590610026e-01,5.182660639293285021e-01
5.097778355280715434e-01,5.095808679571053323e-01,5.088832079531891983e-01,5.215893227590610026e-01,1.000000000000000000e+00,5.244086636922523637e-01
5.082767958109010165e-01,5.084843785382812120e-01,5.107519932884593272e-01,5.182660639293285021e-01,5.244086636922523637e-01,1.000000000000000000e+00
