1.000000000000000000e+00,5.264571080897113564e-01,5.268847459041472447e-01,5.101793144409370040e-01,5.082437102435000131e-01,5.066450838874788642e-01
5.264571080897113564e-01,1.000000000000000000e+00,8.000982548576338615e-01,5.101448899470749643e-01,5.119631894984746356e-01,5.085565976089519991e-01
5.268847459041472447e-01,8.000982548576338615e-01,1.000000000000000000e+00,5.104008453228805475e-01,5.115257752632346167e-01,5.084465915187853513e-01
5.101793144409370040e-01,5.101448899470749643e-01,5.104008453228805475e-01,1.000000000000000000e+00,5.529457455276211020e-01,5.233653736366740139e-01
5.082437102435000131e-01,5.119631894984746356e-01,5.115257752632346167e-01,5.529457455276211020e-01,1.000000000000000000e+00,5.327705367615639398e-01
5.066450838874788642e-01,5.085565976089519991e-01,5.084465915187853513e-01,5.233653736366740139e-01,5.327705367615639398e-01,1.000000000000000000e+00
