1.000000000000000000e+00,5.187275632250104573e-01,5.142746212863792410e-01,5.127966015639874309e-01,5.108108090684178038e-01,5.093949442827264695e-01
5.187275632250104573e-01,1.000000000000000000e+00,5.428755675169070205e-01,5.095056499328846078e-01,5.103316896310208239e-01,5.090167195697898883e-01
5.142746212863792410e-01,5.428755675169070205e-01,1.000000000000000000e+00,5.084750327913760692e-01,5.091565439731745579e-01,5.103487547491797338e-01
5.127966015639874309e-01,5.095056499328846078e-01,5.084750327913760692e-01,1.000000000000000000e+00,5.387100189738810441e-01,5.207800841859898666e-01
5.108108090684178038e-01,5.103316896310208239e-01,5.091565439731745579e-01,5.387100189738810441e-01,1.000000000000000000e+00,5.444824538739985176e-01
5.093949442827264695e-01,5.090167195697898883e-01,5.103487547491797338e-01,5.207800841859898666e-01,5.444824538739985176e-01,1.000000000000000000e+00
