1.000000000000000000e+00,5.199975097780130673e-01,5.175396888561737407e-01,5.111135483005977420e-01,5.101051605800112076e-01,5.080100832087049989e-01
5.199975097780130673e-01,1.000000000000000000e+00,6.368972406600800218e-01,5.078378141833091997e-01,5.095704221092246522e-01,5.079470976196235332e-01
5.175396888561737407e-01,6.368972406600800218e-01,1.000000000000000000e+00,5.081541439878909383e-01,5.095855716298619553e-01,5.084128812132113762e-01
5.111135483005977420e-01,5.078378141833091997e-01,5.081541439878909383e-01,1.000000000000000000e+00,5.314178419631243599e-01,5.293779146534712821e-01
5.101051605800112076e-01,5.095704221092246522e-01,5.095855716298619553e-01,5.314178419631243599e-01,1.000000000000000000e+00,5.235964033373202708e-01
5.080100832087049989e-01,5.079470976196235332e-01,5.084128812132113762e-01,5.293779146534712821e-01,5.235964033373202708e-01,1.000000000000000000e+00
