1.000000000000000000e+00,5.221829311472433455e-01,5.151361270834332595e-01,5.138129734999182796e-01,5.102806381599106489e-01,5.083279601095985756e-01
5.221829311472433455e-01,1.000000000000000000e+00,5.383521694784026979e-01,5.089350748728150853e-01,5.095824331795125728e-01,5.083057510759438902e-01
5.151361270834332595e-01,5.383521694784026979e-01,1.000000000000000000e+00,5.079923324383757155e-01,5.083596993825102439e-01,5.099156908804746147e-01
5.138129734999182796e-01,5.089350748728150853e-01,5.079923324383757155e-01,1.000000000000000000e+00,5.338281837776542860e-01,5.171903689208611210e-01
5.102806381599106489e-01,5.095824331795125728e-01,5.083596993825102439e-01,5.338281837776542860e-01,1.000000000000000000e+00,5.388222680431512535e-01
5.083279601095985756e-01,5.083057510759438902e-01,5.099156908804746147e-01,5.171903689208611210e-01,5.388222680431512535e-01,1.000000000000000000e+00
