1.000000000000000000e+00,5.391083143234144393e-01,5.181575758245017260e-01,5.102113933888311470e-01,5.082786464794687431e-01,5.081431506749379823e-01
5.391083143234144393e-01,1.000000000000000000e+00,5.243596100197479570e-01,5.092310393788160860e-01,5.097086545200589791e-01,5.096047907610463668e-01
5.181575758245017260e-01,5.243596100197479570e-01,1.000000000000000000e+00,5.070427605871660193e-01,5.086115674381035401e-01,5.098934058910001843e-01
5.102113933888311470e-01,5.092310393788160860e-01,5.070427605871660193e-01,1.000000000000000000e+00,5.306136106961151233e-01,5.246890280973416365e-01
5.082786464794687431e-01,5.097086545200589791e-01,5.086115674381035401e-01,5.306136106961151233e-01,1.000000000000000000e+00,5.787335684139793823e-01
5.081431506749379823e-01,5.096047907610463668e-01,5.098934058910001843e-01,5.246890280973416365e-01,5.787335684139793823e-01,1.000000000000000000e+00
