1.000000000000000000e+00,6.729953159047687983e-01,5.338775007935149253e-01,5.091158566754653281e-01,5.075579578693391047e-01,5.075943359924597331e-01
6.729953159047687983e-01,1.000000000000000000e+00,5.396473276479630821e-01,5.097894476924945684e-01,5.083902598190792599e-01,5.078575965366395328e-01
5.338775007935149253e-01,5.396473276479630821e-01,1.000000000000000000e+00,5.068151508251339532e-01,5.080292442524497742e-01,5.080536636753587576e-01
5.091158566754653281e-01,5.097894476924945684e-01,5.068151508251339532e-01,1.000000000000000000e+00,5.351670470577422067e-01,5.352464485621811763e-01
5.075579578693391047e-01,5.083902598190792599e-01,5.080292442524497742e-01,5.351670470577422067e-01,1.000000000000000000e+00,7.192840880073533283e-01
5.075943359924597331e-01,5.078575965366395328e-01,5.080536636753587576e-01,5.352464485621811763e-01,7.192840880073533283e-01,1.000000000000000000e+00
