1.000000000000000000e+00,5.344039121437779150e-01,5.189450486925074602e-01,5.103273241987656972e-01,5.096597487870127008e-01,5.085425225343580546e-01
5.344039121437779150e-01,1.000000000000000000e+00,5.369487242108820224e-01,5.106616305655756749e-01,5.104953355917515312e-01,5.093096361562700070e-01
5.189450486925074602e-01,5.369487242108820224e-01,1.000000000000000000e+00,5.094017682174689643e-01,5.095984941208567820e-01,5.100574516929653468e-01
5.103273241987656972e-01,5.106616305655756749e-01,5.094017682174689643e-01,1.000000000000000000e+00,5.495464058028342036e-01,5.271778764914556437e-01
5.096597487870127008e-01,5.104953355917515312e-01,5.095984941208567820e-01,5.495464058028342036e-01,1.000000000000000000e+00,5.468883009198405309e-01
5.085425225343580546e-01,5.093096361562700070e-01,5.100574516929653468e-01,5.271778764914556437e-01,5.468883009198405309e-01,1.000000000000000000e+00
