1.000000000000000000e+00,5.307810425715535629e-01,5.120051544066397398e-01,5.089939725210371746e-01,5.096654433813335716e-01,5.074508701848510217e-01
5.307810425715535629e-01,1.000000000000000000e+00,5.242727674117509951e-01,5.090556810423988443e-01,5.088686187364267477e-01,5.082864331273461156e-01
5.120051544066397398e-01,5.242727674117509951e-01,1.000000000000000000e+00,5.088724650837689323e-01,5.108870072417823760e-01,5.112149403972899853e-01
5.089939725210371746e-01,5.090556810423988443e-01,5.088724650837689323e-01,1.000000000000000000e+00,5.338024995570096465e-01,5.205851166093115046e-01
5.096654433813335716e-01,5.088686187364267477e-01,5.108870072417823760e-01,5.338024995570096465e-01,1.000000000000000000e+00,5.283998397269064062e-01
5.074508701848510217e-01,5.082864331273461156e-01,5.112149403972899853e-01,5.205851166093115046e-01,5.283998397269064062e-01,1.000000000000000000e+00
