1.000000000000000000e+00,5.332541829563804958e-01,5.147966180597043362e-01,5.095941477092872374e-01,5.093800321904968786e-01,5.085114218908947104e-01
5.332541829563804958e-01,1.000000000000000000e+00,5.286949879719392564e-01,5.083800956084449929e-01,5.098498920439954452e-01,5.082154524610227320e-01
5.147966180597043362e-01,5.286949879719392564e-01,1.000000000000000000e+00,5.093624078420212475e-01,5.098265513907509483e-01,5.105067239514115007e-01
5.095941477092872374e-01,5.083800956084449929e-01,5.093624078420212475e-01,1.000000000000000000e+00,5.269814983078375814e-01,5.208049925748136078e-01
5.093800321904968786e-01,5.098498920439954452e-01,5.098265513907509483e-01,5.269814983078375814e-01,1.000000000000000000e+00,5.357407247546873696e-01
5.085114218908947104e-01,5.082154524610227320e-01,5.105067239514115007e-01,5.208049925748136078e-01,5.357407247546873696e-01,1.000000000000000000e+00
