1.000000000000000000e+00,5.479396244647857239e-01,5.201700243349723918e-01,5.130270971339992991e-01,5.099647912104717795e-01,5.082078659546388488e-01
5.479396244647857239e-01,1.000000000000000000e+00,5.350859985121512175e-01,5.112314993693128917e-01,5.097206696620155686e-01,5.086423211765301877e-01
5.201700243349723918e-01,5.350859985121512175e-01,1.000000000000000000e+00,5.085486884708382282e-01,5.098875841839292100e-01,5.105827214329823338e-01
5.130270971339992991e-01,5.112314993693128917e-01,5.085486884708382282e-01,1.000000000000000000e+00,5.368499006975130383e-01,5.190724640175323756e-01
5.099647912104717795e-01,5.097206696620155686e-01,5.098875841839292100e-01,5.368499006975130383e-01,1.000000000000000000e+00,5.357783710972355840e-01
5.082078659546388488e-01,5.086423211765301877e-01,5.105827214329823338e-01,5.190724640175323756e-01,5.357783710972355840e-01,1.000000000000000000e+00
