1.000000000000000000e+00,5.427254937045596916e-01,5.126867223109329297e-01,5.117973264599474659e-01,5.100867702836712203e-01,5.091778619093637603e-01
5.427254937045596916e-01,1.000000000000000000e+00,5.249521374474104274e-01,5.092256186465068390e-01,5.089346995594773437e-01,5.085188102937299170e-01
5.126867223109329297e-01,5.249521374474104274e-01,1.000000000000000000e+00,5.094824287946816410e-01,5.091992527279255443e-01,5.107688909667250643e-01
5.117973264599474659e-01,5.092256186465068390e-01,5.094824287946816410e-01,1.000000000000000000e+00,5.293293244182949442e-01,5.172535429748547076e-01
5.100867702836712203e-01,5.089346995594773437e-01,5.091992527279255443e-01,5.293293244182949442e-01,1.000000000000000000e+00,5.348430609889086584e-01
5.091778619093637603e-01,5.085188102937299170e-01,5.107688909667250643e-01,5.172535429748547076e-01,5.348430609889086584e-01,1.000000000000000000e+00
