1.000000000000000000e+00,5.891018176632467629e-01,5.403302875277672390e-01,5.103623985948598785e-01,5.105425252294600869e-01,5.087147296477934066e-01
5.891018176632467629e-01,1.000000000000000000e+00,5.807359752902234717e-01,5.093258257395768540e-01,5.102731981404450279e-01,5.100206135845907207e-01
5.403302875277672390e-01,5.807359752902234717e-01,1.000000000000000000e+00,5.072384599300205910e-01,5.088222404341502525e-01,5.103254820609196551e-01
5.103623985948598785e-01,5.093258257395768540e-01,5.072384599300205910e-01,1.000000000000000000e+00,5.356240842786127443e-01,5.225087890006315794e-01
5.105425252294600869e-01,5.102731981404450279e-01,5.088222404341502525e-01,5.356240842786127443e-01,1.000000000000000000e+00,5.431935482796648174e-01
5.087147296477934066e-01,5.100206135845907207e-01,5.103254820609196551e-01,5.225087890006315794e-01,5.431935482796648174e-01,1.000000000000000000e+00
