1.000000000000000000e+00,5.340687321469305138e-01,5.236165540573636257e-01,5.102041083057581305e-01,5.096321569852962918e-01,5.083476918029526948e-01
5.340687321469305138e-01,1.000000000000000000e+00,5.412223317079428719e-01,5.102099704016782589e-01,5.112168193925296089e-01,5.098026844506011734e-01
5.236165540573636257e-01,5.412223317079428719e-01,1.000000000000000000e+00,5.083987545254936569e-01,5.101862425091682196e-01,5.101819715421057611e-01
5.102041083057581305e-01,5.102099704016782589e-01,5.083987545254936569e-01,1.000000000000000000e+00,5.596459474453805427e-01,5.259529703322920469e-01
5.096321569852962918e-01,5.112168193925296089e-01,5.101862425091682196e-01,5.596459474453805427e-01,1.000000000000000000e+00,5.397835710561466049e-01
5.083476918029526948e-01,5.098026844506011734e-01,5.101819715421057611e-01,5.259529703322920469e-01,5.397835710561466049e-01,1.000000000000000000e+00
