1.000000000000000000e+00,5.328920705528409352e-01,5.186341285188647010e-01,5.153692358006086716e-01,5.103643472243239998e-01,5.084872213001464525e-01
5.328920705528409352e-01,1.000000000000000000e+00,5.472415091853251035e-01,5.086498580196144870e-01,5.078489817333834422e-01,5.069775599489770856e-01
5.186341285188647010e-01,5.472415091853251035e-01,1.000000000000000000e+00,5.082539045446382575e-01,5.081024397092789302e-01,5.087433182402186782e-01
5.153692358006086716e-01,5.086498580196144870e-01,5.082539045446382575e-01,1.000000000000000000e+00,5.286612493430606907e-01,5.206670819002932049e-01
5.103643472243239998e-01,5.078489817333834422e-01,5.081024397092789302e-01,5.286612493430606907e-01,1.000000000000000000e+00,5.474039809703074022e-01
5.084872213001464525e-01,5.069775599489770856e-01,5.087433182402186782e-01,5.206670819002932049e-01,5.474039809703074022e-01,1.000000000000000000e+00
