1.000000000000000000e+00,5.223085608563778903e-01,5.116447670517345614e-01,5.122490038190994355e-01,5.109928233981485546e-01,5.086719656974821868e-01
5.223085608563778903e-01,1.000000000000000000e+00,5.337626461571932657e-01,5.084823139099595712e-01,5.091311586930444832e-01,5.081753595526311562e-01
5.116447670517345614e-01,5.337626461571932657e-01,1.000000000000000000e+00,5.077708838825191195e-01,5.090274953062311480e-01,5.116991937211937680e-01
5.122490038190994355e-01,5.084823139099595712e-01,5.077708838825191195e-01,1.000000000000000000e+00,5.498409950496410126e-01,5.261834976944711473e-01
5.109928233981485546e-01,5.091311586930444832e-01,5.090274953062311480e-01,5.498409950496410126e-01,1.000000000000000000e+00,5.358313319745030556e-01
5.086719656974821868e-01,5.081753595526311562e-01,5.116991937211937680e-01,5.261834976944711473e-01,5.358313319745030556e-01,1.000000000000000000e+00
