1.000000000000000000e+00,5.453239276549989301e-01,5.132268246889826191e-01,5.111319412201890122e-01,5.090148273975403370e-01,5.066690766275661062e-01
5.453239276549989301e-01,1.000000000000000000e+00,5.234684010960902745e-01,5.088044495539362222e-01,5.092200249101580534e-01,5.072762615211116044e-01
5.132268246889826191e-01,5.234684010960902745e-01,1.000000000000000000e+00,5.080570668611100738e-01,5.091063369498042279e-01,5.126485171484522763e-01
5.111319412201890122e-01,5.088044495539362222e-01,5.080570668611100738e-01,1.000000000000000000e+00,5.438009609753460261e-01,5.206121737139921546e-01
5.090148273975403370e-01,5.092200249101580534e-01,5.091063369498042279e-01,5.438009609753460261e-01,1.000000000000000000e+00,5.260627125204616616e-01
5.066690766275661062e-01,5.072762615211116044e-01,5.126485171484522763e-01,5.206121737139921546e-01,5.260627125204616616e-01,1.000000000000000000e+00
