1.000000000000000000e+00,5.658589898065785606e-01,5.270308721503398353e-01,5.095926232419524249e-01,5.096980993218235279e-01,5.080920911033597331e-01
5.658589898065785606e-01,1.000000000000000000e+00,5.420587482886856101e-01,5.086394393962221372e-01,5.099988927133369820e-01,5.087823123729493524e-01
5.270308721503398353e-01,5.420587482886856101e-01,1.000000000000000000e+00,5.075436180219875526e-01,5.080086401886924063e-01,5.096656687566450961e-01
5.095926232419524249e-01,5.086394393962221372e-01,5.075436180219875526e-01,1.000000000000000000e+00,5.313288251131260687e-01,5.240632541852102699e-01
5.096980993218235279e-01,5.099988927133369820e-01,5.080086401886924063e-01,5.313288251131260687e-01,1.000000000000000000e+00,5.628188806738950722e-01
5.080920911033597331e-01,5.087823123729493524e-01,5.096656687566450961e-01,5.240632541852102699e-01,5.628188806738950722e-01,1.000000000000000000e+00
