1.000000000000000000e+00,5.500510025985371199e-01,5.302842752200015441e-01,5.111587371048132988e-01,5.105249150190610541e-01,5.101812438275307171e-01
5.500510025985371199e-01,1.000000000000000000e+00,5.503704252534941110e-01,5.095032111361978977e-01,5.111320277824638048e-01,5.108014068174842048e-01
5.302842752200015441e-01,5.503704252534941110e-01,1.000000000000000000e+00,5.087642973198974738e-01,5.100067891098636341e-01,5.106569642444019896e-01
5.111587371048132988e-01,5.095032111361978977e-01,5.087642973198974738e-01,1.000000000000000000e+00,5.443173541784874780e-01,5.306919127640795653e-01
5.105249150190610541e-01,5.111320277824638048e-01,5.100067891098636341e-01,5.443173541784874780e-01,1.000000000000000000e+00,5.494785691273295081e-01
5.101812438275307171e-01,5.108014068174842048e-01,5.106569642444019896e-01,5.306919127640795653e-01,5.494785691273295081e-01,1.000000000000000000e+00
