1.000000000000000000e+00,5.305836076203359619e-01,5.144327921855434971e-01,5.120010231994372996e-01,5.104969488506183595e-01,5.082565999530350709e-01
5.305836076203359619e-01,1.000000000000000000e+00,5.281967823760334024e-01,5.080940269810912957e-01,5.098946633091715475e-01,5.087191311614033262e-01
5.144327921855434971e-01,5.281967823760334024e-01,1.000000000000000000e+00,5.075708544125376864e-01,5.093448084025442579e-01,5.103094038400529664e-01
5.120010231994372996e-01,5.080940269810912957e-01,5.075708544125376864e-01,1.000000000000000000e+00,5.265011578188835140e-01,5.211696112280844728e-01
5.104969488506183595e-01,5.098946633091715475e-01,5.093448084025442579e-01,5.265011578188835140e-01,1.000000000000000000e+00,5.306613645905331467e-01
5.082565999530350709e-01,5.087191311614033262e-01,5.103094038400529664e-01,5.211696112280844728e-01,5.306613645905331467e-01,1.000000000000000000e+00
