1.000000000000000000e+00,5.339001805615174456e-01,5.251184478815970058e-01,5.097097763209618160e-01,5.090925933153956917e-01,5.075052229514891433e-01
5.339001805615174456e-01,1.000000000000000000e+00,5.546304435224125307e-01,5.090076729021935087e-01,5.093749313448644456e-01,5.089877810199868735e-01
5.251184478815970058e-01,5.546304435224125307e-01,1.000000000000000000e+00,5.078010683361247057e-01,5.089799746362434485e-01,5.094256152114391423e-01
5.097097763209618160e-01,5.090076729021935087e-01,5.078010683361247057e-01,1.000000000000000000e+00,5.582615620849858962e-01,5.267881166278630678e-01
5.090925933153956917e-01,5.093749313448644456e-01,5.089799746362434485e-01,5.582615620849858962e-01,1.000000000000000000e+00,5.399380454780527971e-01
5.075052229514891433e-01,5.089877810199868735e-01,5.094256152114391423e-01,5.267881166278630678e-01,5.399380454780527971e-01,1.000000000000000000e+00
