1.000000000000000000e+00,5.320808229547966395e-01,5.211387171216035341e-01,5.105276335601783844e-01,5.093516844578181990e-01,5.085101041389451515e-01
5.320808229547966395e-01,1.000000000000000000e+00,5.480416454010506033e-01,5.093158267827764263e-01,5.103201703476699658e-01,5.098357029649696059e-01
5.211387171216035341e-01,5.480416454010506033e-01,1.000000000000000000e+00,5.089190459838887071e-01,5.099065804521903944e-01,5.111621760711965168e-01
5.105276335601783844e-01,5.093158267827764263e-01,5.089190459838887071e-01,1.000000000000000000e+00,5.526730460762389052e-01,5.250134077356629625e-01
5.093516844578181990e-01,5.103201703476699658e-01,5.099065804521903944e-01,5.526730460762389052e-01,1.000000000000000000e+00,5.382596011979592365e-01
5.085101041389451515e-01,5.098357029649696059e-01,5.111621760711965168e-01,5.250134077356629625e-01,5.382596011979592365e-01,1.000000000000000000e+00
