1.000000000000000000e+00,5.934630568784402538e-01,5.316452838093216338e-01,5.094880017117516813e-01,5.097261396209084028e-01,5.100159933965168202e-01
5.934630568784402538e-01,1.000000000000000000e+00,5.463111412214680662e-01,5.086432120826969161e-01,5.101264402059353387e-01,5.101026624340142535e-01
5.316452838093216338e-01,5.463111412214680662e-01,1.000000000000000000e+00,5.083324320030254695e-01,5.100215017739986312e-01,5.109307790730993615e-01
5.094880017117516813e-01,5.086432120826969161e-01,5.083324320030254695e-01,1.000000000000000000e+00,5.297662418804698348e-01,5.205077698833361355e-01
5.097261396209084028e-01,5.101264402059353387e-01,5.100215017739986312e-01,5.297662418804698348e-01,1.000000000000000000e+00,5.464286915312851489e-01
5.100159933965168202e-01,5.101026624340142535e-01,5.109307790730993615e-01,5.205077698833361355e-01,5.464286915312851489e-01,1.000000000000000000e+00
