1.000000000000000000e+00,5.387248561054408524e-01,5.198347950130667305e-01,5.095905713868723597e-01,5.099839399368667481e-01,5.085044266010839698e-01
5.387248561054408524e-01,1.000000000000000000e+00,5.360749581991605117e-01,5.087030276530052353e-01,5.113994982285181568e-01,5.099843948406059813e-01
5.198347950130667305e-01,5.360749581991605117e-01,1.000000000000000000e+00,5.083293558019036373e-01,5.086317294192354010e-01,5.118861254206543698e-01
5.095905713868723597e-01,5.087030276530052353e-01,5.083293558019036373e-01,1.000000000000000000e+00,5.400832619764871501e-01,5.250569962333644369e-01
5.099839399368667481e-01,5.113994982285181568e-01,5.086317294192354010e-01,5.400832619764871501e-01,1.000000000000000000e+00,5.297046740694516531e-01
5.085044266010839698e-01,5.099843948406059813e-01,5.118861254206543698e-01,5.250569962333644369e-01,5.297046740694516531e-01,1.000000000000000000e+00
