1.000000000000000000e+00,6.200800064027177649e-01,5.418920682272244660e-01,5.105059897776493827e-01,5.100613141554898311e-01,5.073030490153875860e-01
6.200800064027177649e-01,1.000000000000000000e+00,5.545570452403070227e-01,5.108160466561845192e-01,5.109558926047200744e-01,5.097501109023772070e-01
5.418920682272244660e-01,5.545570452403070227e-01,1.000000000000000000e+00,5.077936056093087513e-01,5.095181944900794013e-01,5.104295598460227845e-01
5.105059897776493827e-01,5.108160466561845192e-01,5.077936056093087513e-01,1.000000000000000000e+00,5.388678456167703690e-01,5.208108149873553749e-01
5.100613141554898311e-01,5.109558926047200744e-01,5.095181944900794013e-01,5.388678456167703690e-01,1.000000000000000000e+00,5.354513223007544287e-01
5.073030490153875860e-01,5.097501109023772070e-01,5.104295598460227845e-01,5.208108149873553749e-01,5.354513223007544287e-01,1.000000000000000000e+00
