1.000000000000000000e+00,5.386356554500102423e-01,5.195186780374719815e-01,5.095309399888445778e-01,5.096057463907532892e-01,5.079641043325504590e-01
5.386356554500102423e-01,1.000000000000000000e+00,5.339105874821655773e-01,5.088066523149271658e-01,5.091031930613307832e-01,5.098744940986014162e-01
5.195186780374719815e-01,5.339105874821655773e-01,1.000000000000000000e+00,5.079146759432529024e-01,5.089352961537157993e-01,5.104576858643049553e-01
5.095309399888445778e-01,5.088066523149271658e-01,5.079146759432529024e-01,1.000000000000000000e+00,5.382836138661245551e-01,5.254487990234608663e-01
5.096057463907532892e-01,5.091031930613307832e-01,5.089352961537157993e-01,5.382836138661245551e-01,1.000000000000000000e+00,5.307456784453883358e-01
5.079641043325504590e-01,5.098744940986014162e-01,5.104576858643049553e-01,5.254487990234608663e-01,5.307456784453883358e-01,1.000000000000000000e+00
