1.000000000000000000e+00,5.351883002452841875e-01,5.210251438155854009e-01,5.108703899949927907e-01,5.101988467625576673e-01,5.075217248797516678e-01
5.351883002452841875e-01,1.000000000000000000e+00,5.399885470198257931e-01,5.103752715303960796e-01,5.111182957942578264e-01,5.097506948287958695e-01
5.210251438155854009e-01,5.399885470198257931e-01,1.000000000000000000e+00,5.083839670193431859e-01,5.092750018244999177e-01,5.100690428917220576e-01
5.108703899949927907e-01,5.103752715303960796e-01,5.083839670193431859e-01,1.000000000000000000e+00,5.532013648667305494e-01,5.246055910688883772e-01
5.101988467625576673e-01,5.111182957942578264e-01,5.092750018244999177e-01,5.532013648667305494e-01,1.000000000000000000e+00,5.359539019234392798e-01
5.075217248797516678e-01,5.097506948287958695e-01,5.100690428917220576e-01,5.246055910688883772e-01,5.359539019234392798e-01,1.000000000000000000e+00
