1.000000000000000000e+00,5.425842195443655314e-01,5.222961698758440408e-01,5.111760867064670810e-01,5.086650335800666500e-01,5.078064319506769841e-01
5.425842195443655314e-01,1.000000000000000000e+00,5.464642371429261347e-01,5.087823226137188071e-01,5.093513499504939146e-01,5.091833917912857999e-01
5.222961698758440408e-01,5.464642371429261347e-01,1.000000000000000000e+00,5.079492515189422130e-01,5.096369644759713990e-01,5.109797004296444678e-01
5.111760867064670810e-01,5.087823226137188071e-01,5.079492515189422130e-01,1.000000000000000000e+00,5.314134781867911883e-01,5.242027983669979019e-01
5.086650335800666500e-01,5.093513499504939146e-01,5.096369644759713990e-01,5.314134781867911883e-01,1.000000000000000000e+00,5.667562416347712295e-01
5.078064319506769841e-01,5.091833917912857999e-01,5.109797004296444678e-01,5.242027983669979019e-01,5.667562416347712295e-01,1.000000000000000000e+00
