1.000000000000000000e+00,5.510504470099456542e-01,5.214246048106936371e-01,5.101587885008659340e-01,5.080548650636107499e-01,5.071794697597541424e-01
5.510504470099456542e-01,1.000000000000000000e+00,5.462473394868919696e-01,5.078703225155725143e-01,5.079617449679393326e-01,5.086802754461637877e-01
5.214246048106936371e-01,5.462473394868919696e-01,1.000000000000000000e+00,5.076499355056195428e-01,5.083328850703255908e-01,5.108073669800251571e-01
5.101587885008659340e-01,5.078703225155725143e-01,5.076499355056195428e-01,1.000000000000000000e+00,5.446287869278225724e-01,5.190137484662836753e-01
5.080548650636107499e-01,5.079617449679393326e-01,5.083328850703255908e-01,5.446287869278225724e-01,1.000000000000000000e+00,5.342100925827849567e-01
5.071794697597541424e-01,5.086802754461637877e-01,5.108073669800251571e-01,5.190137484662836753e-01,5.342100925827849567e-01,1.000000000000000000e+00
