7.719595670236575335e-01,8.903225272897919984e-01,8.654064223608367579e-01,7.575686877235209282e-01,7.829999898600551456e-01,8.034458358842822001e-01
8.903225272897919984e-01,7.807611789414030667e-01,8.527742303468563989e-01,7.981253516574012830e-01,7.022560701980767872e-01,6.612936607357877694e-01
8.654064223608367579e-01,8.527742303468563989e-01,7.531757232009158587e-01,6.623002270968981753e-01,7.459692283599386187e-01,6.385262792063745030e-01
7.575686877235209282e-01,7.981253516574012830e-01,6.623002270968981753e-01,7.162266928098942609e-01,8.958973818044952964e-01,8.425095557677444447e-01
7.829999898600551456e-01,7.022560701980767872e-01,7.459692283599386187e-01,8.958973818044952964e-01,7.300280493210880017e-01,8.033178629163827411e-01
8.034458358842822001e-01,6.612936607357877694e-01,6.385262792063745030e-01,8.425095557677444447e-01,8.033178629163827411e-01,6.703100441356931727e-01
