7.241439637922467698e-01,9.272133023618271963e-01,8.770828967908473883e-01,8.149490076090568635e-01,8.286798167405456939e-01,9.066211399698463902e-01
9.272133023618271963e-01,7.307488890525259961e-01,8.102385089691264142e-01,7.509804161887142504e-01,8.212008026202844979e-01,8.625139283164701132e-01
8.770828967908473883e-01,8.102385089691264142e-01,7.463348686892415929e-01,7.885515778870532122e-01,8.933389104452769125e-01,8.438134426492215345e-01
8.149490076090568635e-01,7.509804161887142504e-01,7.885515778870532122e-01,6.559793360261252371e-01,7.466228441405412530e-01,6.675923666916304677e-01
8.286798167405456939e-01,8.212008026202844979e-01,8.933389104452769125e-01,7.466228441405412530e-01,7.255780078269501443e-01,7.656097128396094353e-01
9.066211399698463902e-01,8.625139283164701132e-01,8.438134426492215345e-01,6.675923666916304677e-01,7.656097128396094353e-01,8.321788255713972182e-01
