6.846528716396562686e-01,7.611371333972546394e-01,7.650263283684571869e-01,8.617771484801171056e-01,8.603306123068120703e-01,8.219609130909457662e-01
7.611371333972546394e-01,6.525508016040226789e-01,7.645829073090646411e-01,7.748352539331659905e-01,7.370807922957648417e-01,7.256075127339989272e-01
7.650263283684571869e-01,7.645829073090646411e-01,7.219948720517597174e-01,8.152006980392251245e-01,7.745930903481110796e-01,7.591344709013388981e-01
8.617771484801171056e-01,7.748352539331659905e-01,8.152006980392251245e-01,7.716257366678709317e-01,7.893286536586939794e-01,8.178906765776803311e-01
8.603306123068120703e-01,7.370807922957648417e-01,7.745930903481110796e-01,7.893286536586939794e-01,7.198048547245118334e-01,7.916748130617987655e-01
8.219609130909457662e-01,7.256075127339989272e-01,7.591344709013388981e-01,8.178906765776803311e-01,7.916748130617987655e-01,7.123625178991622731e-01
