7.978233863432033779e-01,7.824963959306323602e-01,7.470920656839892260e-01,8.371590633542213000e-01,7.068988880646589479e-01,7.510517065705218931e-01
7.824963959306323602e-01,6.742135950827355950e-01,8.798652021343210672e-01,8.771780293820944374e-01,8.643761043054744020e-01,7.344106680923968566e-01
7.470920656839892260e-01,8.798652021343210672e-01,6.960034729118150798e-01,7.899500800135945688e-01,9.493063933276655320e-01,7.975425776405592471e-01
8.371590633542213000e-01,8.771780293820944374e-01,7.899500800135945688e-01,7.115184512414677309e-01,9.046734849369082454e-01,8.427695912559994840e-01
7.068988880646589479e-01,8.643761043054744020e-01,9.493063933276655320e-01,9.046734849369082454e-01,7.596241106885055494e-01,1.000000000000000000e+00
7.510517065705218931e-01,7.344106680923968566e-01,7.975425776405592471e-01,8.427695912559994840e-01,1.000000000000000000e+00,7.054653090906635171e-01
