8.316227664593017765e-01,8.841091171937408566e-01,8.679031533639438578e-01,7.823013777465565033e-01,9.607924279414287172e-01,9.597451636038959455e-01
8.841091171937408566e-01,6.760064376696167665e-01,8.260521896116791440e-01,9.371106010031658995e-01,9.103923414091577015e-01,9.279247785877458021e-01
8.679031533639438578e-01,8.260521896116791440e-01,8.220077366891289650e-01,8.423772382557208616e-01,8.484088797901304657e-01,8.394299566712316585e-01
7.823013777465565033e-01,9.371106010031658995e-01,8.423772382557208616e-01,7.067992407739217553e-01,9.196016291171521528e-01,9.054754948005899751e-01
9.607924279414287172e-01,9.103923414091577015e-01,8.484088797901304657e-01,9.196016291171521528e-01,8.311505479843644961e-01,8.256760176466938494e-01
9.597451636038959455e-01,9.279247785877458021e-01,8.394299566712316585e-01,9.054754948005899751e-01,8.256760176466938494e-01,7.689136577144012330e-01
