7.068200171193863568e-01,7.815072018010278398e-01,7.892197546048228540e-01,7.966236182364593299e-01,8.385116819574048863e-01,5.510755626237119342e-01
7.815072018010278398e-01,7.935624985701505985e-01,8.142738629683202722e-01,8.592972064332305981e-01,7.625509423105797380e-01,7.452062588503659546e-01
7.892197546048228540e-01,8.142738629683202722e-01,7.197577909198021873e-01,8.465350425569290183e-01,8.117076820642125101e-01,7.133876147425582959e-01
7.966236182364593299e-01,8.592972064332305981e-01,8.465350425569290183e-01,7.558981403119209297e-01,6.902587502174385437e-01,6.131273817473831267e-01
8.385116819574048863e-01,7.625509423105797380e-01,8.117076820642125101e-01,6.902587502174385437e-01,7.685553987665012521e-01,5.933558185109728544e-01
5.510755626237119342e-01,7.452062588503659546e-01,7.133876147425582959e-01,6.131273817473831267e-01,5.933558185109728544e-01,7.205688626721116208e-01
