7.511385426045883440e-01,7.762016610243670511e-01,7.211601520157127077e-01,8.273616284907512330e-01,6.955099183055789558e-01,7.385369464293197739e-01
7.762016610243670511e-01,7.256429864368185711e-01,9.402840745907387054e-01,8.155744934833407678e-01,8.341646579902214365e-01,8.274914553151888619e-01
7.211601520157127077e-01,9.402840745907387054e-01,6.699867795357890010e-01,8.456753605629675485e-01,8.185640972127451453e-01,6.805838383383658874e-01
8.273616284907512330e-01,8.155744934833407678e-01,8.456753605629675485e-01,6.639768419344149741e-01,8.248966335490252044e-01,9.126678628756934586e-01
6.955099183055789558e-01,8.341646579902214365e-01,8.185640972127451453e-01,8.248966335490252044e-01,8.226498618610681435e-01,1.000000000000000000e+00
7.385369464293197739e-01,8.274914553151888619e-01,6.805838383383658874e-01,9.126678628756934586e-01,1.000000000000000000e+00,6.886716695079585504e-01
