7.867114802338516233e-01,7.815197830992848260e-01,8.289709348045531945e-01,7.474610993412360571e-01,7.662529712889961653e-01,7.997669852170147253e-01
7.815197830992848260e-01,7.681919159255140572e-01,7.460414911132896565e-01,8.188750103261174251e-01,8.279269971288388819e-01,7.117688798522782134e-01
8.289709348045531945e-01,7.460414911132896565e-01,8.457060192423319078e-01,8.959325385055992852e-01,9.034787133864047304e-01,8.849215032409322168e-01
7.474610993412360571e-01,8.188750103261174251e-01,8.959325385055992852e-01,6.892310963002477031e-01,8.328289517690866672e-01,8.970011494592911028e-01
7.662529712889961653e-01,8.279269971288388819e-01,9.034787133864047304e-01,8.328289517690866672e-01,6.440784478703959204e-01,9.085782348566647793e-01
7.997669852170147253e-01,7.117688798522782134e-01,8.849215032409322168e-01,8.970011494592911028e-01,9.085782348566647793e-01,8.261554124944776589e-01
