6.713152602694184568e-01,8.606552067695254493e-01,8.601802110210119423e-01,8.302199105475374097e-01,7.733397672257152911e-01,8.475782827034579192e-01
8.606552067695254493e-01,7.300997170073163511e-01,8.010479250803514972e-01,7.809668754763875453e-01,7.944267110033518264e-01,7.285967684698922975e-01
8.601802110210119423e-01,8.010479250803514972e-01,7.090647398377241117e-01,7.995040783464788525e-01,6.693205156462376237e-01,7.870936975952339543e-01
8.302199105475374097e-01,7.809668754763875453e-01,7.995040783464788525e-01,8.289985375994270989e-01,6.866002099572062756e-01,7.003026346912334388e-01
7.733397672257152911e-01,7.944267110033518264e-01,6.693205156462376237e-01,6.866002099572062756e-01,7.811074682120242585e-01,7.399411780249210979e-01
8.475782827034579192e-01,7.285967684698922975e-01,7.870936975952339543e-01,7.003026346912334388e-01,7.399411780249210979e-01,7.457354252826520202e-01
