6.344419303599453386e-01,7.676758033993472674e-01,7.233270646852462127e-01,7.457001681055476228e-01,8.724244555204955232e-01,8.812071268804299029e-01
7.676758033993472674e-01,6.610687304097303540e-01,7.578600741446269717e-01,8.411351741700175966e-01,8.018242447922144800e-01,7.681350448548509569e-01
7.233270646852462127e-01,7.578600741446269717e-01,7.886705659787695000e-01,7.775282785626336235e-01,8.617244240435142366e-01,9.107415336288121610e-01
7.457001681055476228e-01,8.411351741700175966e-01,7.775282785626336235e-01,6.748422663119503229e-01,8.625286705113857089e-01,8.577079881322206001e-01
8.724244555204955232e-01,8.018242447922144800e-01,8.617244240435142366e-01,8.625286705113857089e-01,7.466257900586912299e-01,8.932413180076443915e-01
8.812071268804299029e-01,7.681350448548509569e-01,9.107415336288121610e-01,8.577079881322206001e-01,8.932413180076443915e-01,7.488849235909934565e-01
