6.679377591696323835e-01,8.602270980904987985e-01,7.264772101550475147e-01,7.994748164740048679e-01,8.021208827721730827e-01,7.635772335714637871e-01
8.602270980904987985e-01,7.305995688994353365e-01,7.461819598322255720e-01,8.706013723758730949e-01,8.670723213039718269e-01,7.747853882918375179e-01
7.264772101550475147e-01,7.461819598322255720e-01,8.120531908816047695e-01,8.207695278465769739e-01,7.922304330832662389e-01,8.231961315382477773e-01
7.994748164740048679e-01,8.706013723758730949e-01,8.207695278465769739e-01,8.933348660012073728e-01,7.498136115305822358e-01,9.473590518527569282e-01
8.021208827721730827e-01,8.670723213039718269e-01,7.922304330832662389e-01,7.498136115305822358e-01,7.707495570509702576e-01,9.502414106313717967e-01
7.635772335714637871e-01,7.747853882918375179e-01,8.231961315382477773e-01,9.473590518527569282e-01,9.502414106313717967e-01,7.850220626089722264e-01
