6.574245604442313651e-01,7.308871664234697363e-01,7.024091220352784992e-01,8.027657881657672689e-01,8.172493412511695476e-01,8.331321296622874462e-01
7.308871664234697363e-01,6.344458523431973918e-01,6.794066503523237266e-01,8.814049026675756515e-01,8.183191376680127860e-01,8.356112135314187617e-01
7.024091220352784992e-01,6.794066503523237266e-01,8.514163698736049168e-01,7.386988567870313993e-01,8.750447270263389532e-01,8.436181822927983909e-01
8.027657881657672689e-01,8.814049026675756515e-01,7.386988567870313993e-01,7.377890673045031100e-01,8.365857507766526480e-01,8.352158843966187574e-01
8.172493412511695476e-01,8.183191376680127860e-01,8.750447270263389532e-01,8.365857507766526480e-01,7.476316254877121148e-01,9.295936290248537626e-01
8.331321296622874462e-01,8.356112135314187617e-01,8.436181822927983909e-01,8.352158843966187574e-01,9.295936290248537626e-01,8.741912308365193951e-01
