7.059522268592127725e-01,7.478176398967611993e-01,6.192943426346797509e-01,8.567636286250249755e-01,8.033478747861505509e-01,8.024980988293853867e-01
7.478176398967611993e-01,8.477771620848471024e-01,7.093334335111349809e-01,9.321144902697949819e-01,8.606277861917909222e-01,7.769424195407257372e-01
6.192943426346797509e-01,7.093334335111349809e-01,6.600569027567887437e-01,9.395805323051008573e-01,9.612460414371497563e-01,7.500937788623273095e-01
8.567636286250249755e-01,9.321144902697949819e-01,9.395805323051008573e-01,6.503403658291621037e-01,8.264752042864930148e-01,8.968027823645162711e-01
8.033478747861505509e-01,8.606277861917909222e-01,9.612460414371497563e-01,8.264752042864930148e-01,6.726801185410861139e-01,8.901252906036439816e-01
8.024980988293853867e-01,7.769424195407257372e-01,7.500937788623273095e-01,8.968027823645162711e-01,8.901252906036439816e-01,7.087120625814412600e-01
