6.628809690685041334e-01,8.063374469661837018e-01,7.797916230698290763e-01,8.869512801369568988e-01,8.449286345005661003e-01,7.947728216140733659e-01
8.063374469661837018e-01,6.255484099767169015e-01,8.417207928854469889e-01,8.666562335748380086e-01,7.126028142591311898e-01,8.620678954114784354e-01
7.797916230698290763e-01,8.417207928854469889e-01,7.697813971582810888e-01,8.255889810790096872e-01,8.151752608433818770e-01,8.670058508563478483e-01
8.869512801369568988e-01,8.666562335748380086e-01,8.255889810790096872e-01,6.348537310633547426e-01,8.594674162509953197e-01,7.990320273076254587e-01
8.449286345005661003e-01,7.126028142591311898e-01,8.151752608433818770e-01,8.594674162509953197e-01,6.987969585580374732e-01,7.462101398812378550e-01
7.947728216140733659e-01,8.620678954114784354e-01,8.670058508563478483e-01,7.990320273076254587e-01,7.462101398812378550e-01,6.308924383020333426e-01
