8.113502262482401584e-01,8.003184169802647352e-01,7.577965983257225480e-01,8.702171500040281060e-01,7.920530643078628197e-01,7.855374569651557559e-01
8.003184169802647352e-01,7.553782964548710899e-01,8.004896429258271384e-01,8.719591122680299122e-01,7.651355972640970782e-01,8.108353985467391389e-01
7.577965983257225480e-01,8.004896429258271384e-01,7.659345340137632130e-01,7.501931418587014511e-01,8.050118081381313351e-01,8.097378163564945552e-01
8.702171500040281060e-01,8.719591122680299122e-01,7.501931418587014511e-01,8.190928832331531018e-01,8.042166804133038527e-01,9.004819051401035113e-01
7.920530643078628197e-01,7.651355972640970782e-01,8.050118081381313351e-01,8.042166804133038527e-01,7.801917508846303306e-01,6.222827932590417888e-01
7.855374569651557559e-01,8.108353985467391389e-01,8.097378163564945552e-01,9.004819051401035113e-01,6.222827932590417888e-01,8.754069835331325100e-01
