9.201415451480982055e-01,8.234480455283995637e-01,8.767226339525820977e-01,9.004810965752305663e-01,7.219990122935656673e-01,7.478887906452776901e-01
8.234480455283995637e-01,7.369934467323601135e-01,9.242165478184921623e-01,8.093787080284956525e-01,8.612652080565664781e-01,8.890121530095739244e-01
8.767226339525820977e-01,9.242165478184921623e-01,7.432876859428231286e-01,7.872749577560204104e-01,8.424014380630936438e-01,8.444062854939059504e-01
9.004810965752305663e-01,8.093787080284956525e-01,7.872749577560204104e-01,6.733352459919191846e-01,9.553002937949314211e-01,8.861117217719899353e-01
7.219990122935656673e-01,8.612652080565664781e-01,8.424014380630936438e-01,9.553002937949314211e-01,8.751643278054719310e-01,6.200662889593414606e-01
7.478887906452776901e-01,8.890121530095739244e-01,8.444062854939059504e-01,8.861117217719899353e-01,6.200662889593414606e-01,8.430104891770965336e-01
