6.849256893216301156e-01,8.462084079180339780e-01,8.803565487339973794e-01,7.314782963995866139e-01,8.079654921083859742e-01,8.045158202619165921e-01
8.462084079180339780e-01,6.591530307597736060e-01,8.611861213416719396e-01,7.507138104063312278e-01,8.052075865205657879e-01,8.654932785389372052e-01
8.803565487339973794e-01,8.611861213416719396e-01,6.675544765396784763e-01,7.246385365974742365e-01,8.197303641506236138e-01,8.740211859315284437e-01
7.314782963995866139e-01,7.507138104063312278e-01,7.246385365974742365e-01,6.552567147797534464e-01,8.135256033645057450e-01,7.938196567646033097e-01
8.079654921083859742e-01,8.052075865205657879e-01,8.197303641506236138e-01,8.135256033645057450e-01,7.824411776345531200e-01,7.730230584753933210e-01
8.045158202619165921e-01,8.654932785389372052e-01,8.740211859315284437e-01,7.938196567646033097e-01,7.730230584753933210e-01,8.517390421010214707e-01
