7.779366652572140550e-01,8.323943486238279954e-01,9.209553894289855824e-01,9.104989252863363580e-01,8.729407884465220091e-01,8.135882495522696045e-01
8.323943486238279954e-01,6.819301558749110148e-01,8.513639591007063911e-01,9.327407149215795057e-01,8.272466452611929588e-01,8.939780386929752076e-01
9.209553894289855824e-01,8.513639591007063911e-01,8.380384316000277778e-01,9.024330318871509604e-01,8.362300384292309374e-01,9.212798235236844269e-01
9.104989252863363580e-01,9.327407149215795057e-01,9.024330318871509604e-01,6.817900617342473879e-01,8.737067341712739799e-01,9.133296516247276786e-01
8.729407884465220091e-01,8.272466452611929588e-01,8.362300384292309374e-01,8.737067341712739799e-01,7.536860953716221223e-01,8.520481090030092020e-01
8.135882495522696045e-01,8.939780386929752076e-01,9.212798235236844269e-01,9.133296516247276786e-01,8.520481090030092020e-01,8.519141268955472412e-01
