7.997355834149670883e-01,8.567070841621707844e-01,8.896430466237191803e-01,8.344597292955077128e-01,8.023965187636760144e-01,8.097329541599909142e-01
8.567070841621707844e-01,7.092482045847573469e-01,8.298530771772907322e-01,8.081854217511347249e-01,8.847321079156759138e-01,7.954915516352999427e-01
8.896430466237191803e-01,8.298530771772907322e-01,7.934919019491357695e-01,7.195666564532791076e-01,9.472381463711192495e-01,8.630916171482295729e-01
8.344597292955077128e-01,8.081854217511347249e-01,7.195666564532791076e-01,7.123756838691482907e-01,8.166992471833464107e-01,8.077671205364146401e-01
8.023965187636760144e-01,8.847321079156759138e-01,9.472381463711192495e-01,8.166992471833464107e-01,7.210861127278773708e-01,7.526514640409476264e-01
8.097329541599909142e-01,7.954915516352999427e-01,8.630916171482295729e-01,8.077671205364146401e-01,7.526514640409476264e-01,7.438647740407645648e-01
