8.541743622613519049e-01,7.791172670949934043e-01,8.898741001724647104e-01,8.530411645240553176e-01,8.818524615367322461e-01,7.211235876714376936e-01
7.791172670949934043e-01,6.115712511258698525e-01,8.540417223054097562e-01,8.116710043308654754e-01,8.401476120770539069e-01,8.855197239636858342e-01
8.898741001724647104e-01,8.540417223054097562e-01,7.172314102872409114e-01,8.778602906661142624e-01,8.520677748276979102e-01,8.381000313552972036e-01
8.530411645240553176e-01,8.116710043308654754e-01,8.778602906661142624e-01,7.644746957814282373e-01,7.944006550402137323e-01,7.878353441076019203e-01
8.818524615367322461e-01,8.401476120770539069e-01,8.520677748276979102e-01,7.944006550402137323e-01,5.147333482127688375e-01,8.583620111208438708e-01
7.211235876714376936e-01,8.855197239636858342e-01,8.381000313552972036e-01,7.878353441076019203e-01,8.583620111208438708e-01,8.946167150076035357e-01
