6.701194571349331497e-01,7.755257532672037435e-01,8.495601379209473114e-01,8.742930270390937286e-01,8.578310096219360359e-01,8.374827182981924301e-01
7.755257532672037435e-01,7.390060090993698649e-01,8.135679838435493361e-01,8.948701646058369041e-01,9.778647863265654827e-01,7.293192998315983777e-01
8.495601379209473114e-01,8.135679838435493361e-01,6.683368879314354194e-01,7.480949586771640236e-01,8.354122143292436187e-01,8.653844268085514324e-01
8.742930270390937286e-01,8.948701646058369041e-01,7.480949586771640236e-01,7.761642888114018701e-01,8.416689426537162788e-01,8.423359177902077777e-01
8.578310096219360359e-01,9.778647863265654827e-01,8.354122143292436187e-01,8.416689426537162788e-01,7.392700731951350468e-01,7.820018707857373519e-01
8.374827182981924301e-01,7.293192998315983777e-01,8.653844268085514324e-01,8.423359177902077777e-01,7.820018707857373519e-01,6.932944199633205296e-01
