6.974007970133359047e-01,7.212743207474568985e-01,7.916422744295200653e-01,7.136485377551379239e-01,7.049846218809280307e-01,7.320566979910162475e-01
7.212743207474568985e-01,7.396281702649254441e-01,7.590492828430958072e-01,7.496765189278703501e-01,8.734089898025318988e-01,8.586209642422871768e-01
7.916422744295200653e-01,7.590492828430958072e-01,7.077616056461349947e-01,7.461117750247953095e-01,7.915907677172501211e-01,7.953325031711661053e-01
7.136485377551379239e-01,7.496765189278703501e-01,7.461117750247953095e-01,8.612320884615946026e-01,6.426126801511334863e-01,6.664446415793260359e-01
7.049846218809280307e-01,8.734089898025318988e-01,7.915907677172501211e-01,6.426126801511334863e-01,9.120929045177351702e-01,8.127533355316466368e-01
7.320566979910162475e-01,8.586209642422871768e-01,7.953325031711661053e-01,6.664446415793260359e-01,8.127533355316466368e-01,6.970570370925018855e-01
