7.446251259895304564e-01,8.803442859386336750e-01,9.050912993068793710e-01,7.951323606533503563e-01,7.895932499676882044e-01,8.429079314433914893e-01
8.803442859386336750e-01,6.956074357158361643e-01,8.888419244752870929e-01,7.214656994177733873e-01,8.442990019363448839e-01,8.490082638779781199e-01
9.050912993068793710e-01,8.888419244752870929e-01,8.070506107740497148e-01,9.243149488456210428e-01,9.777015612715386217e-01,9.392839987671727231e-01
7.951323606533503563e-01,7.214656994177733873e-01,9.243149488456210428e-01,6.927029846307514171e-01,8.979095065629220107e-01,7.876513241219006423e-01
7.895932499676882044e-01,8.442990019363448839e-01,9.777015612715386217e-01,8.979095065629220107e-01,8.555693652450829800e-01,9.357168219409223164e-01
8.429079314433914893e-01,8.490082638779781199e-01,9.392839987671727231e-01,7.876513241219006423e-01,9.357168219409223164e-01,7.832235577212537381e-01
