8.237912114907061101e-01,8.230634919103095859e-01,7.497014310761170863e-01,8.295045322574252644e-01,8.032985177248987974e-01,8.529172289468768264e-01
8.230634919103095859e-01,7.679760272035517366e-01,8.358938048477404514e-01,8.553267933094909070e-01,8.998196086648427849e-01,8.650181227732850475e-01
7.497014310761170863e-01,8.358938048477404514e-01,6.776615758369817222e-01,8.542655653443871344e-01,8.245353953558707261e-01,8.901590369909809786e-01
8.295045322574252644e-01,8.553267933094909070e-01,8.542655653443871344e-01,7.393531688638139698e-01,7.591575036888073003e-01,8.117473983479017718e-01
8.032985177248987974e-01,8.998196086648427849e-01,8.245353953558707261e-01,7.591575036888073003e-01,6.387561358453549554e-01,8.973324412271268535e-01
8.529172289468768264e-01,8.650181227732850475e-01,8.901590369909809786e-01,8.117473983479017718e-01,8.973324412271268535e-01,7.694157083169009814e-01
