7.902265723936378050e-01,7.674740705005903552e-01,8.395114282519052784e-01,9.071754088670093141e-01,7.279914624719227012e-01,8.236527955432451087e-01
7.674740705005903552e-01,8.013591826862375145e-01,8.096588878497027464e-01,9.304960072548585925e-01,8.816783761400946995e-01,7.838902482400537108e-01
8.395114282519052784e-01,8.096588878497027464e-01,7.902237623905391528e-01,8.652580743664984864e-01,7.823310588601629645e-01,8.317946781950437130e-01
9.071754088670093141e-01,9.304960072548585925e-01,8.652580743664984864e-01,6.274898050048850484e-01,8.019702283704234214e-01,9.041824565479660292e-01
7.279914624719227012e-01,8.816783761400946995e-01,7.823310588601629645e-01,8.019702283704234214e-01,7.346024506194650527e-01,7.719470217846926552e-01
8.236527955432451087e-01,7.838902482400537108e-01,8.317946781950437130e-01,9.041824565479660292e-01,7.719470217846926552e-01,7.807522602027576752e-01
