8.295593336175356436e-01,8.068293602258288510e-01,6.873016571962321519e-01,7.332221608139812830e-01,7.621585929853257335e-01,8.157323918608571089e-01
8.068293602258288510e-01,7.047427459279570483e-01,7.186099579512986724e-01,7.993041176263533387e-01,8.841720752881917500e-01,8.236237028863735432e-01
6.873016571962321519e-01,7.186099579512986724e-01,9.084451477844041056e-01,7.178408064653966081e-01,8.662589811078986735e-01,8.447615439631585010e-01
7.332221608139812830e-01,7.993041176263533387e-01,7.178408064653966081e-01,7.466706731446882683e-01,8.487152827688162482e-01,8.684187729589954996e-01
7.621585929853257335e-01,8.841720752881917500e-01,8.662589811078986735e-01,8.487152827688162482e-01,7.378919068352677302e-01,8.014149030908265248e-01
8.157323918608571089e-01,8.236237028863735432e-01,8.447615439631585010e-01,8.684187729589954996e-01,8.014149030908265248e-01,6.711076608493448115e-01
