8.112951756767050604e-01,8.699854100312857108e-01,8.082153552183068967e-01,8.274462604721004588e-01,7.784105612533965823e-01,9.263509809461732969e-01
8.699854100312857108e-01,6.555455191867755049e-01,8.714332118583567599e-01,8.328388604598163658e-01,8.988920166517458954e-01,8.314318623534903141e-01
8.082153552183068967e-01,8.714332118583567599e-01,8.515438576825844486e-01,6.939024202937057462e-01,8.424780907003394104e-01,8.580452684521143736e-01
8.274462604721004588e-01,8.328388604598163658e-01,6.939024202937057462e-01,8.394280944688740087e-01,8.583299359450227151e-01,9.750473188517214673e-01
7.784105612533965823e-01,8.988920166517458954e-01,8.424780907003394104e-01,8.583299359450227151e-01,6.014094688717398496e-01,9.672930461868061158e-01
9.263509809461732969e-01,8.314318623534903141e-01,8.580452684521143736e-01,9.750473188517214673e-01,9.672930461868061158e-01,7.587496572639785830e-01
