8.019125721222172265e-01,8.522127410942569314e-01,8.200237931492776466e-01,8.160285776493835241e-01,8.274092582436186616e-01,8.418017138270110777e-01
8.522127410942569314e-01,7.454557183167883627e-01,8.416700844105985402e-01,8.377801671157575347e-01,8.056659665623354671e-01,8.217797594095971325e-01
8.200237931492776466e-01,8.416700844105985402e-01,7.688288515024260805e-01,8.971814269245909079e-01,7.393571978422349700e-01,7.576313947192456766e-01
8.160285776493835241e-01,8.377801671157575347e-01,8.971814269245909079e-01,6.766604141804717365e-01,8.802925014621038047e-01,8.162921091923042161e-01
8.274092582436186616e-01,8.056659665623354671e-01,7.393571978422349700e-01,8.802925014621038047e-01,7.282868242236387735e-01,8.324208599098249506e-01
8.418017138270110777e-01,8.217797594095971325e-01,7.576313947192456766e-01,8.162921091923042161e-01,8.324208599098249506e-01,8.137185418831198724e-01
