6.650663560841866273e-01,1.000000000000000000e+00,9.838820036185146334e-01,9.131769738547305115e-01,9.087045187683452374e-01,9.568480228252184139e-01
1.000000000000000000e+00,6.239592480475083525e-01,8.511560080605576895e-01,9.148861925938223116e-01,9.351544297507827785e-01,9.356450443499659819e-01
9.838820036185146334e-01,8.511560080605576895e-01,7.398666540688721982e-01,8.313331678340040165e-01,8.904018398761804898e-01,9.366614739689286262e-01
9.131769738547305115e-01,9.148861925938223116e-01,8.313331678340040165e-01,6.878010175713856755e-01,8.622540648784496886e-01,9.254558348030982318e-01
9.087045187683452374e-01,9.351544297507827785e-01,8.904018398761804898e-01,8.622540648784496886e-01,7.188368972013122749e-01,8.739458471568664066e-01
9.568480228252184139e-01,9.356450443499659819e-01,9.366614739689286262e-01,9.254558348030982318e-01,8.739458471568664066e-01,8.196952500673329034e-01
