7.115566797999446358e-01,8.090011559334021607e-01,7.407630118130442698e-01,9.133303028667337786e-01,9.330166319706133526e-01,9.948583890101930782e-01
8.090011559334021607e-01,8.262628378538301455e-01,7.303386821536230755e-01,8.040708316506698372e-01,8.320144519542606032e-01,8.609788396500875907e-01
7.407630118130442698e-01,7.303386821536230755e-01,6.451404663008577511e-01,6.230346673052822304e-01,7.784856709681058362e-01,8.581108675855647627e-01
9.133303028667337786e-01,8.040708316506698372e-01,6.230346673052822304e-01,7.270897947505869929e-01,8.071609255607286038e-01,9.529501425296375006e-01
9.330166319706133526e-01,8.320144519542606032e-01,7.784856709681058362e-01,8.071609255607286038e-01,7.284644784158894604e-01,9.722119389819120494e-01
9.948583890101930782e-01,8.609788396500875907e-01,8.581108675855647627e-01,9.529501425296375006e-01,9.722119389819120494e-01,7.758659949390794841e-01
