7.761351369356507268e-01,8.207013203473386698e-01,6.493358774426885027e-01,9.521608808832686677e-01,9.383733783452449240e-01,8.241482309079305457e-01
8.207013203473386698e-01,6.539403807684022185e-01,7.383897830639951643e-01,9.402589072853544394e-01,8.911349902090900388e-01,8.957781526931681837e-01
6.493358774426885027e-01,7.383897830639951643e-01,6.630679103192914647e-01,7.874378996260750219e-01,7.594705896005770063e-01,7.580380480388578812e-01
9.521608808832686677e-01,9.402589072853544394e-01,7.874378996260750219e-01,7.319812485967828186e-01,7.974299653923527798e-01,8.644791680392348576e-01
9.383733783452449240e-01,8.911349902090900388e-01,7.594705896005770063e-01,7.974299653923527798e-01,7.892273586745149894e-01,9.981602352872243067e-01
8.241482309079305457e-01,8.957781526931681837e-01,7.580380480388578812e-01,8.644791680392348576e-01,9.981602352872243067e-01,6.072086410393090494e-01
