7.415109069803919040e-01,8.811088418396290090e-01,9.182806818364274148e-01,9.481003334750678357e-01,6.915690007047183840e-01,9.295688904803977026e-01
8.811088418396290090e-01,6.582048852603299416e-01,9.218283874968071778e-01,9.452634501144632218e-01,7.333941618137623797e-01,9.217952788304932810e-01
9.182806818364274148e-01,9.218283874968071778e-01,7.005590346732738505e-01,8.767729675235217401e-01,8.870936636712500878e-01,7.578791642713956778e-01
9.481003334750678357e-01,9.452634501144632218e-01,8.767729675235217401e-01,7.013006890128709037e-01,9.246655876361501436e-01,7.884923853977326980e-01
6.915690007047183840e-01,7.333941618137623797e-01,8.870936636712500878e-01,9.246655876361501436e-01,8.184040136347184857e-01,9.296892488937259502e-01
9.295688904803977026e-01,9.217952788304932810e-01,7.578791642713956778e-01,7.884923853977326980e-01,9.296892488937259502e-01,6.336369475611226543e-01
