7.828758801687717428e-01,7.240023458798341416e-01,7.891951199982373266e-01,7.540645995789048150e-01,6.845015673214911445e-01,7.333121117146861323e-01
7.240023458798341416e-01,6.384879856311139745e-01,8.183001211532082708e-01,7.543297114174362106e-01,7.427169078859338081e-01,7.831563161398361617e-01
7.891951199982373266e-01,8.183001211532082708e-01,6.673582944774915093e-01,7.600005411954016132e-01,7.983341273844163366e-01,6.717293711485609053e-01
7.540645995789048150e-01,7.543297114174362106e-01,7.600005411954016132e-01,8.314648796266660424e-01,8.892228777327209066e-01,8.972665041355875060e-01
6.845015673214911445e-01,7.427169078859338081e-01,7.983341273844163366e-01,8.892228777327209066e-01,8.920103856960688304e-01,7.091655297857615281e-01
7.333121117146861323e-01,7.831563161398361617e-01,6.717293711485609053e-01,8.972665041355875060e-01,7.091655297857615281e-01,6.483299772330305411e-01
