8.320191331366536547e-01,6.634838738940667113e-01,7.238603006801795914e-01,6.548761756990990612e-01,7.550045810719625550e-01,8.278268975658558126e-01
6.634838738940667113e-01,7.448640101124692769e-01,9.402772380077891734e-01,8.546383400672601383e-01,7.568250656433748169e-01,7.763710203271388943e-01
7.238603006801795914e-01,9.402772380077891734e-01,7.284808059415190939e-01,7.872912701244724198e-01,8.710484874851488479e-01,7.622474971239495689e-01
6.548761756990990612e-01,8.546383400672601383e-01,7.872912701244724198e-01,6.743603958506058094e-01,8.805342118949847086e-01,7.719664412058686587e-01
7.550045810719625550e-01,7.568250656433748169e-01,8.710484874851488479e-01,8.805342118949847086e-01,7.964695091641430524e-01,7.794331116746461285e-01
8.278268975658558126e-01,7.763710203271388943e-01,7.622474971239495689e-01,7.719664412058686587e-01,7.794331116746461285e-01,8.411986817791728965e-01
