7.899494468634373767e-01,8.840249309998923222e-01,8.427518939818218202e-01,8.700385487870301304e-01,7.938976022817066935e-01,7.607213457670507495e-01
8.840249309998923222e-01,7.676221351273335713e-01,8.224737392120449186e-01,7.729564069673301452e-01,8.763319446960123882e-01,7.963015324735879252e-01
8.427518939818218202e-01,8.224737392120449186e-01,7.695757002694825211e-01,8.737183879416848820e-01,8.790274861361887515e-01,8.291614822586642619e-01
8.700385487870301304e-01,7.729564069673301452e-01,8.737183879416848820e-01,6.465887161558676599e-01,8.388272378738457213e-01,8.306962450813638599e-01
7.938976022817066935e-01,8.763319446960123882e-01,8.790274861361887515e-01,8.388272378738457213e-01,8.086737079997856625e-01,7.908909487955858575e-01
7.607213457670507495e-01,7.963015324735879252e-01,8.291614822586642619e-01,8.306962450813638599e-01,7.908909487955858575e-01,6.918096678039445946e-01
