7.533457410487588435e-01,7.623513345819289411e-01,8.713162075072684587e-01,7.982805647227340096e-01,7.770350680376650887e-01,7.861305924217710794e-01
7.623513345819289411e-01,7.660759534762032752e-01,8.301195971995066758e-01,8.659424646042382934e-01,8.591639829351368496e-01,8.646670919211526529e-01
8.713162075072684587e-01,8.301195971995066758e-01,7.339326562318317926e-01,7.515570004584031238e-01,7.317378044488010991e-01,7.308049798656431895e-01
7.982805647227340096e-01,8.659424646042382934e-01,7.515570004584031238e-01,6.944209400310192848e-01,7.234344136718745544e-01,7.644772196157719746e-01
7.770350680376650887e-01,8.591639829351368496e-01,7.317378044488010991e-01,7.234344136718745544e-01,7.434265381768495606e-01,7.787251039010038012e-01
7.861305924217710794e-01,8.646670919211526529e-01,7.308049798656431895e-01,7.644772196157719746e-01,7.787251039010038012e-01,7.699719802905885535e-01
