8.021113456961144195e-01,7.542982556639797886e-01,8.208123481144312672e-01,7.426200543772698559e-01,7.848985608805150171e-01,7.690674110278297171e-01
7.542982556639797886e-01,7.482055590510255927e-01,8.034667812393583297e-01,7.142206302986537914e-01,8.023216029363883228e-01,7.951547617893290898e-01
8.208123481144312672e-01,8.034667812393583297e-01,9.328038278562424956e-01,8.945818582566785748e-01,9.004062096177820607e-01,8.510672261045956200e-01
7.426200543772698559e-01,7.142206302986537914e-01,8.945818582566785748e-01,7.341939389682187178e-01,7.888729647935832645e-01,7.782068806666879723e-01
7.848985608805150171e-01,8.023216029363883228e-01,9.004062096177820607e-01,7.888729647935832645e-01,7.581540486540344626e-01,8.559918539644028046e-01
7.690674110278297171e-01,7.951547617893290898e-01,8.510672261045956200e-01,7.782068806666879723e-01,8.559918539644028046e-01,8.581486499962074355e-01
