7.673006546194288680e-01,8.313220290018755732e-01,8.435105199414624222e-01,6.491626027821271183e-01,7.004166308825984233e-01,7.948129492276135855e-01
8.313220290018755732e-01,8.141662959156090729e-01,7.945477508398646194e-01,7.529758552162695295e-01,6.091061894444904645e-01,6.925310598204802437e-01
8.435105199414624222e-01,7.945477508398646194e-01,6.671889616245159083e-01,7.576083740671196720e-01,6.712667147764189712e-01,7.604360409266287535e-01
6.491626027821271183e-01,7.529758552162695295e-01,7.576083740671196720e-01,7.328797661667075802e-01,9.227377300478606381e-01,7.525937575078655017e-01
7.004166308825984233e-01,6.091061894444904645e-01,6.712667147764189712e-01,9.227377300478606381e-01,7.147192043254783078e-01,7.471486334148704778e-01
7.948129492276135855e-01,6.925310598204802437e-01,7.604360409266287535e-01,7.525937575078655017e-01,7.471486334148704778e-01,7.460824825116506576e-01
