6.991936245728899157e-01,7.609289244293072629e-01,8.608676099344630961e-01,7.869589898794577820e-01,6.245806626680906470e-01,7.889138107755487850e-01
7.609289244293072629e-01,7.425215407226694042e-01,8.455533527745816569e-01,8.958582173122149328e-01,8.912887673183330639e-01,7.823566444581889767e-01
8.608676099344630961e-01,8.455533527745816569e-01,7.830197204763376106e-01,8.597351818151870440e-01,8.771046232316465074e-01,8.716274250843004667e-01
7.869589898794577820e-01,8.958582173122149328e-01,8.597351818151870440e-01,6.768907756763408168e-01,8.273533212405208559e-01,7.120572417085845318e-01
6.245806626680906470e-01,8.912887673183330639e-01,8.771046232316465074e-01,8.273533212405208559e-01,7.363914572058618546e-01,7.932161142037609247e-01
7.889138107755487850e-01,7.823566444581889767e-01,8.716274250843004667e-01,7.120572417085845318e-01,7.932161142037609247e-01,7.454842807078750910e-01
