6.335859781791254308e-01,7.837551602294449138e-01,8.140317438912491044e-01,7.789418394956180158e-01,8.572854370661856516e-01,9.341894664972251183e-01
7.837551602294449138e-01,7.266881239489180189e-01,8.256411506399446987e-01,7.629547821554707454e-01,7.913198524581023241e-01,7.998519219799796742e-01
8.140317438912491044e-01,8.256411506399446987e-01,6.639058887612476756e-01,7.623784421749881801e-01,7.356952484326343411e-01,8.290621693682050930e-01
7.789418394956180158e-01,7.629547821554707454e-01,7.623784421749881801e-01,9.041938589668836457e-01,7.174928473380314253e-01,8.169959258524936985e-01
8.572854370661856516e-01,7.913198524581023241e-01,7.356952484326343411e-01,7.174928473380314253e-01,6.712659402036557088e-01,9.686398430077886035e-01
9.341894664972251183e-01,7.998519219799796742e-01,8.290621693682050930e-01,8.169959258524936985e-01,9.686398430077886035e-01,7.841288249145471623e-01
