5.507954673210123664e-01,8.215936498966129875e-01,8.381273863278656533e-01,8.735770458301211905e-01,8.144845813360982456e-01,8.649722559074546346e-01
8.215936498966129875e-01,7.772389420193827059e-01,8.572673101712989796e-01,8.758853429515421896e-01,7.927900403410389485e-01,7.452500292959632899e-01
8.381273863278656533e-01,8.572673101712989796e-01,7.600956190245198307e-01,7.469826183825326593e-01,7.685394877943952929e-01,7.086612013034029323e-01
8.735770458301211905e-01,8.758853429515421896e-01,7.469826183825326593e-01,6.457695654501772742e-01,8.448841424691123647e-01,8.754150376587378490e-01
8.144845813360982456e-01,7.927900403410389485e-01,7.685394877943952929e-01,8.448841424691123647e-01,6.998405614282138254e-01,9.438055500677227094e-01
8.649722559074546346e-01,7.452500292959632899e-01,7.086612013034029323e-01,8.754150376587378490e-01,9.438055500677227094e-01,7.071384411511268953e-01
