8.143455853737839867e-01,7.109966014743820395e-01,7.109999519095038245e-01,8.231629906685866693e-01,8.938079796307709657e-01,7.242714155760294759e-01
7.109966014743820395e-01,7.209064836724808911e-01,7.707248974461705648e-01,7.853322833286920934e-01,9.360212825886251586e-01,7.370786068497073851e-01
7.109999519095038245e-01,7.707248974461705648e-01,8.510940330206459015e-01,7.817697684832917160e-01,8.286139283553963786e-01,7.916078627992383376e-01
8.231629906685866693e-01,7.853322833286920934e-01,7.817697684832917160e-01,7.911406551702612200e-01,8.663862908521507977e-01,7.909746638555906761e-01
8.938079796307709657e-01,9.360212825886251586e-01,8.286139283553963786e-01,8.663862908521507977e-01,6.219512343094126816e-01,9.071124043512753810e-01
7.242714155760294759e-01,7.370786068497073851e-01,7.916078627992383376e-01,7.909746638555906761e-01,9.071124043512753810e-01,6.969992702410162666e-01
