6.878085485497148488e-01,5.934121420933561319e-01,6.420262369988677387e-01,6.692564496074617786e-01,7.519263453585246504e-01,6.856790215148285128e-01
5.934121420933561319e-01,7.177562992160552158e-01,5.938200929924405402e-01,7.149335676264539918e-01,7.881490364967643769e-01,7.818224099278824335e-01
6.420262369988677387e-01,5.938200929924405402e-01,6.185608345143750464e-01,6.882462819120011011e-01,6.976687992863125354e-01,7.120185343902928343e-01
6.692564496074617786e-01,7.149335676264539918e-01,6.882462819120011011e-01,7.767560691198057699e-01,7.124811818308836031e-01,6.814674591384971558e-01
7.519263453585246504e-01,7.881490364967643769e-01,6.976687992863125354e-01,7.124811818308836031e-01,8.526509785910173500e-01,7.279840508819698242e-01
6.856790215148285128e-01,7.818224099278824335e-01,7.120185343902928343e-01,6.814674591384971558e-01,7.279840508819698242e-01,8.607304958747278301e-01
