6.720919014606504538e-01,8.674418767884372050e-01,9.079048458095174690e-01,8.173454221387806973e-01,7.524208837541807027e-01,9.040498724521105478e-01
8.674418767884372050e-01,8.127540229844241182e-01,8.364413275319986241e-01,8.744900736435904376e-01,8.517812996621717536e-01,8.632058835739325753e-01
9.079048458095174690e-01,8.364413275319986241e-01,7.796633841761216877e-01,6.549083684834070551e-01,8.614466967361470440e-01,9.069577422365312502e-01
8.173454221387806973e-01,8.744900736435904376e-01,6.549083684834070551e-01,7.167728172904649364e-01,8.996014959770050057e-01,8.182733624927656102e-01
7.524208837541807027e-01,8.517812996621717536e-01,8.614466967361470440e-01,8.996014959770050057e-01,8.396913776531754747e-01,8.543107563628121737e-01
9.040498724521105478e-01,8.632058835739325753e-01,9.069577422365312502e-01,8.182733624927656102e-01,8.543107563628121737e-01,7.215330083790855165e-01
