7.682143800393346211e-01,7.211427203314305645e-01,8.476467796816499201e-01,7.270044113287764675e-01,8.448656182043478013e-01,9.068071020174072183e-01
7.211427203314305645e-01,7.198014213509426051e-01,8.884343072234610617e-01,7.344125154061557081e-01,7.590775288747168004e-01,6.697930404056077203e-01
8.476467796816499201e-01,8.884343072234610617e-01,7.056180255234902887e-01,8.358099962698984919e-01,7.316755968610418881e-01,7.553918145057866296e-01
7.270044113287764675e-01,7.344125154061557081e-01,8.358099962698984919e-01,6.960624855138556333e-01,8.723656988789291189e-01,8.478124973068094095e-01
8.448656182043478013e-01,7.590775288747168004e-01,7.316755968610418881e-01,8.723656988789291189e-01,8.375724268005955153e-01,8.029667623171956592e-01
9.068071020174072183e-01,6.697930404056077203e-01,7.553918145057866296e-01,8.478124973068094095e-01,8.029667623171956592e-01,7.882874050687825873e-01
