7.946309176437816868e-01,7.753685237237205596e-01,7.653686871353153620e-01,7.707746170669188546e-01,7.543491355300667722e-01,7.537135555004331744e-01
7.753685237237205596e-01,6.952789448159424346e-01,7.897403742449551345e-01,7.706607426700721186e-01,7.660098046601803157e-01,8.670057765827205998e-01
7.653686871353153620e-01,7.897403742449551345e-01,8.070733912513964325e-01,7.361333026051503081e-01,7.249911360686046580e-01,7.585468312243374145e-01
7.707746170669188546e-01,7.706607426700721186e-01,7.361333026051503081e-01,7.696123984664051676e-01,8.576993935838285177e-01,8.342781462685109339e-01
7.543491355300667722e-01,7.660098046601803157e-01,7.249911360686046580e-01,8.576993935838285177e-01,6.980712632233165849e-01,8.300180590084220711e-01
7.537135555004331744e-01,8.670057765827205998e-01,7.585468312243374145e-01,8.342781462685109339e-01,8.300180590084220711e-01,7.507988589413673308e-01
