8.221481855452387189e-01,7.973124424687304534e-01,7.973809153168293085e-01,8.383698221608577583e-01,8.650688523790589501e-01,8.427137271730199553e-01
7.973124424687304534e-01,7.399952693937770221e-01,7.402398315619436175e-01,8.199355800218656176e-01,8.365372318271105945e-01,9.003577035626756375e-01
7.973809153168293085e-01,7.402398315619436175e-01,7.965878400920373137e-01,8.361212435646759866e-01,7.420897186689375813e-01,7.486860860315246446e-01
8.383698221608577583e-01,8.199355800218656176e-01,8.361212435646759866e-01,8.034742092934076263e-01,8.243536909824952241e-01,8.068164293764317208e-01
8.650688523790589501e-01,8.365372318271105945e-01,7.420897186689375813e-01,8.243536909824952241e-01,7.105059488597671447e-01,8.722503124242102501e-01
8.427137271730199553e-01,9.003577035626756375e-01,7.486860860315246446e-01,8.068164293764317208e-01,8.722503124242102501e-01,7.419555432794354699e-01
