6.777824895545752071e-01,9.463947256022805510e-01,8.476849001126395278e-01,9.257582986366306166e-01,7.777622870945681832e-01,7.956182656748786997e-01
9.463947256022805510e-01,7.355369001902593018e-01,9.122925186310051338e-01,8.527451549923630303e-01,8.774303680882223899e-01,8.874503136738232101e-01
8.476849001126395278e-01,9.122925186310051338e-01,7.559922525406360672e-01,8.869560065468032883e-01,7.012551166665216273e-01,8.737905596421754462e-01
9.257582986366306166e-01,8.527451549923630303e-01,8.869560065468032883e-01,8.597097187274167496e-01,8.446797108721012526e-01,9.281476418969608622e-01
7.777622870945681832e-01,8.774303680882223899e-01,7.012551166665216273e-01,8.446797108721012526e-01,7.867025336441081373e-01,8.670097248175084870e-01
7.956182656748786997e-01,8.874503136738232101e-01,8.737905596421754462e-01,9.281476418969608622e-01,8.670097248175084870e-01,7.382913514903202135e-01
