9.073581435453265120e-01,7.299433817424466620e-01,6.995354492157604964e-01,7.647838181251959133e-01,6.720670059657228856e-01,7.120280824059995739e-01
7.299433817424466620e-01,6.439958246796145813e-01,6.418936697165296135e-01,8.656676126447085950e-01,7.386742507903670818e-01,9.310300047885471386e-01
6.995354492157604964e-01,6.418936697165296135e-01,6.952587456839803837e-01,6.542578923621322762e-01,7.034847091477979264e-01,7.008217280564409402e-01
7.647838181251959133e-01,8.656676126447085950e-01,6.542578923621322762e-01,7.148030232649601468e-01,7.850609630630848157e-01,9.871587613195753619e-01
6.720670059657228856e-01,7.386742507903670818e-01,7.034847091477979264e-01,7.850609630630848157e-01,6.948172125075182670e-01,5.904312697370167617e-01
7.120280824059995739e-01,9.310300047885471386e-01,7.008217280564409402e-01,9.871587613195753619e-01,5.904312697370167617e-01,6.714973630996469156e-01
