7.742543565684115725e-01,7.477070663349669744e-01,7.799278758527351529e-01,7.746237689024199069e-01,8.766127016113323123e-01,8.068718787095076062e-01
7.477070663349669744e-01,6.272319666005938821e-01,7.977639241656628855e-01,7.410946753962249778e-01,8.167071193600724532e-01,7.968284322913538054e-01
7.799278758527351529e-01,7.977639241656628855e-01,6.208222128118479066e-01,7.695998013143953154e-01,8.510596014580130708e-01,8.561316928603620591e-01
7.746237689024199069e-01,7.410946753962249778e-01,7.695998013143953154e-01,7.170302310458048778e-01,8.490854365159142825e-01,6.923608994667317384e-01
8.766127016113323123e-01,8.167071193600724532e-01,8.510596014580130708e-01,8.490854365159142825e-01,7.580755859034534749e-01,8.426387068658119928e-01
8.068718787095076062e-01,7.968284322913538054e-01,8.561316928603620591e-01,6.923608994667317384e-01,8.426387068658119928e-01,7.910199446403395340e-01
