5.699241804872903217e-01,8.358767499849721894e-01,7.309685799772630554e-01,7.576882481313936823e-01,8.498533493667409511e-01,8.591441946362748938e-01
8.358767499849721894e-01,6.733015431934338269e-01,7.256108756798131942e-01,7.128621413584625977e-01,8.281263205715280185e-01,8.099162127555435964e-01
7.309685799772630554e-01,7.256108756798131942e-01,7.550313699861591621e-01,7.385136805487317879e-01,8.555069524627022526e-01,7.715809014746790595e-01
7.576882481313936823e-01,7.128621413584625977e-01,7.385136805487317879e-01,8.384197115458086325e-01,8.147267986822495089e-01,6.864495262925119912e-01
8.498533493667409511e-01,8.281263205715280185e-01,8.555069524627022526e-01,8.147267986822495089e-01,7.035385756662323464e-01,7.217991088394896115e-01
8.591441946362748938e-01,8.099162127555435964e-01,7.715809014746790595e-01,6.864495262925119912e-01,7.217991088394896115e-01,8.252662098841021532e-01
