7.177250167435502703e-01,8.929729179270314843e-01,7.798887226058863753e-01,9.042389771293120049e-01,7.161087673745468729e-01,8.212713269369208424e-01
8.929729179270314843e-01,6.860349147776872991e-01,7.410214504243453071e-01,9.137455563478947829e-01,6.700660685185657606e-01,7.768637718528356162e-01
7.798887226058863753e-01,7.410214504243453071e-01,8.386942568503769069e-01,8.783301264143240639e-01,9.209618003221224924e-01,9.077677025296130298e-01
9.042389771293120049e-01,9.137455563478947829e-01,8.783301264143240639e-01,8.105419720851551046e-01,8.855238750665255232e-01,9.323893446341494640e-01
7.161087673745468729e-01,6.700660685185657606e-01,9.209618003221224924e-01,8.855238750665255232e-01,7.397577882026565854e-01,8.445935873158011420e-01
8.212713269369208424e-01,7.768637718528356162e-01,9.077677025296130298e-01,9.323893446341494640e-01,8.445935873158011420e-01,7.849354124647204278e-01
