7.772315958476735398e-01,7.669110406773297361e-01,8.587774855127427998e-01,8.349658899780173504e-01,8.349344694387247356e-01,6.479552683913520905e-01
7.669110406773297361e-01,7.195183635858812821e-01,8.895909266178859687e-01,8.126134895697201266e-01,8.441307296813224115e-01,6.141510260921323461e-01
8.587774855127427998e-01,8.895909266178859687e-01,6.854418157282285984e-01,7.266082218381701985e-01,7.768244801329634575e-01,7.140525869762784916e-01
8.349658899780173504e-01,8.126134895697201266e-01,7.266082218381701985e-01,7.664632361526820814e-01,7.988667644859587247e-01,6.718648576752190849e-01
8.349344694387247356e-01,8.441307296813224115e-01,7.768244801329634575e-01,7.988667644859587247e-01,7.247083835951148023e-01,8.716780265112907822e-01
6.479552683913520905e-01,6.141510260921323461e-01,7.140525869762784916e-01,6.718648576752190849e-01,8.716780265112907822e-01,8.027421132055629904e-01
