7.721739062688777189e-01,8.417967587129288054e-01,8.377673003950931729e-01,8.724681256450219635e-01,8.700833113332945290e-01,6.915251309577955530e-01
8.417967587129288054e-01,7.947657128475297261e-01,8.752038819217616838e-01,7.806598280202666773e-01,6.448419983727440297e-01,7.061117685905619057e-01
8.377673003950931729e-01,8.752038819217616838e-01,6.850869660231048153e-01,8.074504039399185151e-01,8.322813594512195046e-01,8.056619523623056445e-01
8.724681256450219635e-01,7.806598280202666773e-01,8.074504039399185151e-01,7.664159442213143159e-01,9.122427070890117839e-01,8.329462105898977065e-01
8.700833113332945290e-01,6.448419983727440297e-01,8.322813594512195046e-01,9.122427070890117839e-01,6.926013425748646091e-01,8.193258829190245285e-01
6.915251309577955530e-01,7.061117685905619057e-01,8.056619523623056445e-01,8.329462105898977065e-01,8.193258829190245285e-01,7.485013399793362110e-01
