6.795095672403822507e-01,7.940569363651075463e-01,7.372340489704587441e-01,8.807948303538511992e-01,9.279246104223338731e-01,7.570421211740278045e-01
7.940569363651075463e-01,7.581852598596005022e-01,7.871960133597141196e-01,7.802741228810748941e-01,8.040653782724672682e-01,8.853615586187854047e-01
7.372340489704587441e-01,7.871960133597141196e-01,7.587804084424448758e-01,8.263508392851219853e-01,8.039188440658807666e-01,8.825931086334776188e-01
8.807948303538511992e-01,7.802741228810748941e-01,8.263508392851219853e-01,7.192202349935756800e-01,7.638657478283068514e-01,8.469470403189273133e-01
9.279246104223338731e-01,8.040653782724672682e-01,8.039188440658807666e-01,7.638657478283068514e-01,7.456554836486871674e-01,9.000065690724712297e-01
7.570421211740278045e-01,8.853615586187854047e-01,8.825931086334776188e-01,8.469470403189273133e-01,9.000065690724712297e-01,7.879782859189806699e-01
