8.038981536702191066e-01,7.344219808128888971e-01,7.769504677497550693e-01,8.258468860039848147e-01,7.055059094987274904e-01,7.134540492936859435e-01
7.344219808128888971e-01,6.831821662828625463e-01,8.872290396022783909e-01,7.645610430745518604e-01,7.127448146057721035e-01,7.101051343693934870e-01
7.769504677497550693e-01,8.872290396022783909e-01,7.024837937051033876e-01,7.749900481486174941e-01,8.371070505319130328e-01,8.376047648514103328e-01
8.258468860039848147e-01,7.645610430745518604e-01,7.749900481486174941e-01,7.682724869739175899e-01,9.030437980726446767e-01,7.269392723768692832e-01
7.055059094987274904e-01,7.127448146057721035e-01,8.371070505319130328e-01,9.030437980726446767e-01,6.332322640622949361e-01,7.423579817297598638e-01
7.134540492936859435e-01,7.101051343693934870e-01,8.376047648514103328e-01,7.269392723768692832e-01,7.423579817297598638e-01,6.526884476611626296e-01
