7.853335480499580301e-01,7.970860340519442255e-01,8.562351276739162964e-01,7.949629770617904212e-01,7.977169397937542428e-01,8.186563737340537550e-01
7.970860340519442255e-01,7.500374956544592076e-01,7.573032021426078231e-01,7.929492211821026482e-01,7.912197654407530090e-01,7.586054597586305848e-01
8.562351276739162964e-01,7.573032021426078231e-01,8.190587906592884382e-01,7.518072593638525092e-01,9.005803892257328025e-01,7.624485491983703511e-01
7.949629770617904212e-01,7.929492211821026482e-01,7.518072593638525092e-01,8.301761148021155057e-01,8.096822479533248851e-01,7.513848922569525968e-01
7.977169397937542428e-01,7.912197654407530090e-01,9.005803892257328025e-01,8.096822479533248851e-01,7.801027205550656873e-01,7.498026569531979213e-01
8.186563737340537550e-01,7.586054597586305848e-01,7.624485491983703511e-01,7.513848922569525968e-01,7.498026569531979213e-01,7.464052498767818067e-01
