7.314709267159461570e-01,7.804405536901043439e-01,7.611525661866149761e-01,8.707751772727904127e-01,8.364334676498786925e-01,8.302420597231666699e-01
7.804405536901043439e-01,7.087566820870715434e-01,8.054503975488634948e-01,7.367132822195595621e-01,6.987750532796389580e-01,7.733212577031580715e-01
7.611525661866149761e-01,8.054503975488634948e-01,7.656509757941242222e-01,6.024479227845652707e-01,6.513617860820531957e-01,8.570183676714976384e-01
8.707751772727904127e-01,7.367132822195595621e-01,6.024479227845652707e-01,7.799982498894680871e-01,7.748976821707533880e-01,8.035180600601421474e-01
8.364334676498786925e-01,6.987750532796389580e-01,6.513617860820531957e-01,7.748976821707533880e-01,8.128201525949628747e-01,7.762031931391547568e-01
8.302420597231666699e-01,7.733212577031580715e-01,8.570183676714976384e-01,8.035180600601421474e-01,7.762031931391547568e-01,7.443345683826624315e-01
