7.672381141053414844e-01,7.658017385553043122e-01,8.120420064374714864e-01,8.631760987816295971e-01,8.451292003563323219e-01,8.589938241669284880e-01
7.658017385553043122e-01,7.275062483261430790e-01,8.155323826441298607e-01,8.087920074581379515e-01,6.549289824664751292e-01,7.822877092258263554e-01
8.120420064374714864e-01,8.155323826441298607e-01,6.801953894166951065e-01,8.486240479902450451e-01,8.546902878186194430e-01,7.115542144914596134e-01
8.631760987816295971e-01,8.087920074581379515e-01,8.486240479902450451e-01,7.172771799669104276e-01,6.617417498093164374e-01,7.899128192501003731e-01
8.451292003563323219e-01,6.549289824664751292e-01,8.546902878186194430e-01,6.617417498093164374e-01,7.302515582593310794e-01,6.632050132501433604e-01
8.589938241669284880e-01,7.822877092258263554e-01,7.115542144914596134e-01,7.899128192501003731e-01,6.632050132501433604e-01,7.131205943427995075e-01
