8.086912543569578782e-01,8.166743531022664371e-01,7.245263154573503561e-01,7.369068287382032345e-01,7.202174254967520506e-01,7.384824707197168436e-01
8.166743531022664371e-01,5.661268407842090511e-01,7.617450299072201503e-01,8.777665095359310499e-01,8.727225153918332090e-01,8.929416667106151451e-01
7.245263154573503561e-01,7.617450299072201503e-01,6.011554541785364414e-01,8.362312573296328821e-01,8.171708251248661625e-01,8.050338423973809610e-01
7.369068287382032345e-01,8.777665095359310499e-01,8.362312573296328821e-01,7.741698907073382152e-01,8.292979018144905901e-01,8.115708494739269918e-01
7.202174254967520506e-01,8.727225153918332090e-01,8.171708251248661625e-01,8.292979018144905901e-01,6.343620446525362055e-01,8.525426799314276272e-01
7.384824707197168436e-01,8.929416667106151451e-01,8.050338423973809610e-01,8.115708494739269918e-01,8.525426799314276272e-01,8.258336964453653062e-01
