8.203046432132983234e-01,7.026898406460704294e-01,7.920637093265320283e-01,7.587319023135045137e-01,9.344784432997895740e-01,7.869604350840916362e-01
7.026898406460704294e-01,6.806990221212219083e-01,8.952461917831820992e-01,8.916027459325065463e-01,8.850630949817738236e-01,7.200967086304898013e-01
7.920637093265320283e-01,8.952461917831820992e-01,5.611356627279922016e-01,6.891877430739058452e-01,7.588583492912488460e-01,8.508128433854316164e-01
7.587319023135045137e-01,8.916027459325065463e-01,6.891877430739058452e-01,6.433552420897240554e-01,8.876129167271274989e-01,8.583995717881016674e-01
9.344784432997895740e-01,8.850630949817738236e-01,7.588583492912488460e-01,8.876129167271274989e-01,7.477014420876689771e-01,7.409303560271395250e-01
7.869604350840916362e-01,7.200967086304898013e-01,8.508128433854316164e-01,8.583995717881016674e-01,7.409303560271395250e-01,7.555696946876038211e-01
